loss_weights	[0.30000000000000004, 0.7]
lr	0.000140711537615
lstm_hidden_size	40
0.620890080929	0.0	0.0945945818115	0.0	0.874109263658	0.0642156934365	0.0945945818115	0.0486111077353	0.878859857482
0.549320459366	0.0	0.124999947917	0.0	0.90973871734	0.0357118326503	0.124999947917	0.0208333318866	0.903800475059
0.609513103962	0.0	0.0769230177515	0.0	0.90973871734	0.0127373331349	0.0769230177515	0.00694444396219	0.907957244656
0.432073265314	0.0	0.0	0.0	0.912114014252	0.0	0.0	0.0	0.90973871734
0.681135475636	0.0	0.0	0.0	0.914489311164	0.0	0.0	0.0	0.910926365796
0.509199798107	0.0	0.0	0.0	0.916864608076	0.0	0.0	0.0	0.913301662708
0.640081763268	0.0	0.0	0.0	0.916864608076	0.0	0.0	0.0	0.913895486936
0.380928695202	0.0	0.0	0.0	0.916864608076	0.0	0.0	0.0	0.914489311164
0.355800062418	0.0	0.0	0.0	0.916864608076	0.0	0.0	0.0	0.914489311164
0.414968550205	0.0	0.0	0.0	0.916864608076	0.0	0.0	0.0	0.914489311164
0.578450500965	0.0	0.0	0.0	0.916864608076	0.0	0.0	0.0	0.914489311164
0.507159769535	0.0	0.0	0.0	0.916864608076	0.0	0.0	0.0	0.914489311164
0.490800917149	0.0	0.0	0.0	0.916864608076	0.0	0.0	0.0	0.914489311164
0.540673196316	0.0	0.0	0.0	0.916864608076	0.0	0.0	0.0	0.914489311164
0.549925088882	0.0	0.0	0.0	0.916864608076	0.0	0.0	0.0	0.914489311164
0.459266364574	0.0	0.0	0.0	0.916864608076	0.0	0.0	0.0	0.914489311164
0.32681030035	0.0	0.0	0.0	0.916864608076	0.0	0.0	0.0	0.914489311164
0.48540687561	0.0	0.0	0.0	0.916864608076	0.0	0.0	0.0	0.914489311164
0.524760484695	0.0	0.0	0.0	0.916864608076	0.0	0.0	0.0	0.914489311164
0.297267317772	0.0	0.0	0.0	0.916864608076	0.0	0.0	0.0	0.914489311164
0.283817708492	0.0	0.0	0.0	0.916864608076	0.0	0.0	0.0	0.914489311164
0.357814460993	0.0	0.0	0.0	0.916864608076	0.0	0.0	0.0	0.914489311164
0.432466447353	0.0	0.0	0.0	0.916864608076	0.0	0.0	0.0	0.914489311164
0.431765943766	0.0	0.0	0.0	0.916864608076	0.0	0.0	0.0	0.914489311164
0.564953625202	0.0	0.0	0.0	0.916864608076	0.0	0.0	0.0	0.914489311164
0.390641927719	0.0	0.9999900001	0.0	0.916864608076	0.013792964566	0.9999900001	0.00694444396219	0.915083135392
0.397757530212	0.0	0.999995000025	0.0	0.916864608076	0.0273969863027	0.999995000025	0.0138888879244	0.91567695962
0.462937742472	0.0	0.999995000025	0.0	0.916864608076	0.0273969863027	0.999995000025	0.0138888879244	0.91567695962
0.521179676056	0.0	0.999995000025	0.0	0.916864608076	0.0273969863027	0.999995000025	0.0138888879244	0.91567695962
0.167492628098	0.0	0.999995000025	0.0	0.916864608076	0.0273969863027	0.999995000025	0.0138888879244	0.91567695962
0.267810851336	0.0	0.799998400003	0.0	0.916864608076	0.0536906193481	0.799998400003	0.0277777758488	0.916270783848
0.352346479893	0.0	0.833331944447	0.0	0.916864608076	0.0666658897855	0.833331944447	0.034722219811	0.916864608076
0.424065560102	0.0	0.799998400003	0.0	0.916864608076	0.0536906193481	0.799998400003	0.0277777758488	0.916270783848
0.47996199131	0.0555549845682	0.874998906251	0.0285714204082	0.919239904988	0.0921042538186	0.874998906251	0.0486111077353	0.918052256532
0.479985833168	0.0555549845682	0.874998906251	0.0285714204082	0.919239904988	0.0921042538186	0.874998906251	0.0486111077353	0.918052256532
0.526452720165	0.0555549845682	0.999998750002	0.0285714204082	0.919239904988	0.105262146823	0.999998750002	0.0555555516975	0.919239904988
0.512279212475	0.0555549845682	0.649999675	0.0285714204082	0.919239904988	0.158534424478	0.649999675	0.0902777715085	0.918052256532
0.429889857769	0.0555549845682	0.842104819945	0.0285714204082	0.919239904988	0.196316934794	0.842104819945	0.111111103395	0.922209026128
0.36925688386	0.0540530022064	0.888888395062	0.0285714204082	0.916864608076	0.197528864521	0.888888395062	0.111111103395	0.922802850356
0.31049105525	0.0540530022064	0.772726921488	0.0285714204082	0.916864608076	0.204816953139	0.772726921488	0.118055547357	0.9216152019
