loss_weights	[0.2250000000000001, 0.7749999999999999]
lr	1.0588337464e-05
lstm_hidden_size	60
0.665748715401	0.0645128994837	0.102827760853	0.159999936	0.724465558195	0.147325581274	0.102827760853	0.259740242874	0.725059382423
0.643294930458	0.0521705015446	0.0922190175153	0.119999952	0.74109263658	0.127740248029	0.0922190175153	0.207792194299	0.740498812352
0.646767199039	0.0370334725635	0.0914454250311	0.079999968	0.75296912114	0.125756348208	0.0914454250311	0.201298688227	0.74406175772
0.643900036812	0.0377322377948	0.0878378348703	0.079999968	0.757719714964	0.115551048472	0.0878378348703	0.168831157868	0.763657957245
0.678593635559	0.0380916030661	0.0809859126413	0.079999968	0.760095011876	0.105018266915	0.0809859126413	0.149350639653	0.767220902613
0.666968941689	0.0204043593077	0.0887096738424	0.039999984	0.771971496437	0.109448004461	0.0887096738424	0.142857133581	0.787410926366
0.657070934772	0.0206147270352	0.088983047077	0.039999984	0.774346793349	0.10768752342	0.088983047077	0.136363627509	0.793349168646
0.675650954247	0.0227232006242	0.10499999475	0.039999984	0.795724465558	0.118639145724	0.10499999475	0.136363627509	0.814726840855
0.662490069866	0.0232516854252	0.107526875939	0.039999984	0.800475059382	0.117642096403	0.107526875939	0.129870121437	0.821852731591
0.678185284138	0.0246870850231	0.122699378975	0.039999984	0.812351543943	0.126177961567	0.122699378975	0.129870121437	0.835510688836
0.675014853477	0.024995697613	0.131578938712	0.039999984	0.814726840855	0.130713946109	0.131578938712	0.129870121437	0.842042755344
0.655875265598	0.0266622158514	0.115942020584	0.039999984	0.826603325416	0.109584048829	0.115942020584	0.10389609715	0.845605700713
0.690286815166	0.027022546394	0.121212112029	0.039999984	0.828978622328	0.11188313387	0.121212112029	0.10389609715	0.849168646081
0.627459704876	0.0	0.106194680868	0.0	0.850356294537	0.0898827518818	0.106194680868	0.0779220728622	0.855700712589
0.636844158173	0.0	0.103773575116	0.0	0.852731591449	0.0846105487963	0.103773575116	0.0714285667904	0.858669833729
0.675121068954	0.0	0.109890097814	0.0	0.859857482185	0.0816279772766	0.109890097814	0.0649350607185	0.866389548694
0.599276065826	0.0	0.0999999888889	0.0	0.859857482185	0.0737658300439	0.0999999888889	0.0584415546467	0.865795724466
0.671978652477	0.0	0.0975609637121	0.0	0.862232779097	0.0677920701107	0.0975609637121	0.0519480485748	0.869358669834
0.662365794182	0.0	0.0769230670611	0.0	0.866983372922	0.0517196704207	0.0769230670611	0.0389610364311	0.869358669834
0.675875127316	0.0	0.0810810701242	0.0	0.87648456057	0.0526271902697	0.0810810701242	0.0389610364311	0.871733966746
0.659877955914	0.0	0.0724637576139	0.0	0.87648456057	0.0448387721499	0.0724637576139	0.0324675303593	0.87351543943
0.650113046169	0.0	0.078124987793	0.0	0.885985748219	0.0458674080005	0.078124987793	0.0324675303593	0.87648456057
0.644795000553	0.0	0.080645148283	0.0	0.885985748219	0.0462921994357	0.080645148283	0.0324675303593	0.877672209026
0.625762939453	0.0	0.0961538276627	0.0	0.897862232779	0.0485399107466	0.0961538276627	0.0324675303593	0.883610451306
0.626326441765	0.0	0.0816326364015	0.0	0.902612826603	0.0394052011457	0.0816326364015	0.0259740242874	0.884204275534
0.592383384705	0.0	0.0697674256355	0.0	0.904988123515	0.0304534374713	0.0697674256355	0.0194805182156	0.886579572447
0.62065321207	0.0	0.07499998125	0.0	0.90973871734	0.0309245587476	0.07499998125	0.0194805182156	0.888361045131
0.595203399658	0.0	0.0810810591673	0.0	0.912114014252	0.0314104857684	0.0810810591673	0.0194805182156	0.890142517815
0.668871939182	0.0	0.0810810591673	0.0	0.914489311164	0.0314104857684	0.0810810591673	0.0194805182156	0.890142517815
0.624537110329	0.0	0.0833333101852	0.0	0.916864608076	0.0315758728745	0.0833333101852	0.0194805182156	0.890736342043
0.665789484978	0.0	0.0833333101852	0.0	0.916864608076	0.0315758728745	0.0833333101852	0.0194805182156	0.890736342043
0.643378198147	0.0	0.0645161082206	0.0	0.916864608076	0.02161882987	0.0645161082206	0.0129870121437	0.892517814727
0.596341490746	0.0	0.0645161082206	0.0	0.916864608076	0.02161882987	0.0645161082206	0.0129870121437	0.892517814727
0.569895327091	0.0	0.0666666444445	0.0	0.916864608076	0.0217363992079	0.0666666444445	0.0129870121437	0.893111638955
0.619026660919	0.0	0.0689654934602	0.0	0.916864608076	0.0218552542889	0.0689654934602	0.0129870121437	0.893705463183
0.655760109425	0.0	0.0740740466392	0.0	0.9216152019	0.0220969069788	0.0740740466392	0.0129870121437	0.894893111639
0.609122037888	0.0	0.0769230473373	0.0	0.9216152019	0.0222197484225	0.0769230473373	0.0129870121437	0.895486935867
0.633003234863	0.0	0.086956483932	0.0	0.923990498812	0.0225966065648	0.086956483932	0.0129870121437	0.897268408551
0.570286273956	0.0	0.086956483932	0.0	0.923990498812	0.0225966065648	0.086956483932	0.0129870121437	0.897268408551
0.618500113487	0.0	0.09999995	0.0	0.923990498812	0.0229864686693	0.09999995	0.0129870121437	0.899049881235
