loss_weights	[0.32500000000000007, 0.6749999999999999]
lr	0.000324771312025
lstm_hidden_size	20
0.61167293787	0.0799959554029	0.109826586421	0.142857102041	0.726840855107	0.155097884326	0.109826586421	0.263888870563	0.754156769596
0.538616836071	0.0816285383125	0.0769230650888	0.0571428408163	0.893111638955	0.047842600141	0.0769230650888	0.034722219811	0.881828978622
0.556920111179	0.0	0.0540540394449	0.0	0.895486935867	0.0220961929022	0.0540540394449	0.0138888879244	0.894893111639
0.500284790993	0.0	0.0666666222223	0.0	0.914489311164	0.0125769062081	0.0666666222223	0.00694444396219	0.9067695962
0.639232575893	0.0	0.0	0.0	0.914489311164	0.0	0.0	0.0	0.909144893112
0.447602033615	0.0	0.0	0.0	0.916864608076	0.0	0.0	0.0	0.913301662708
0.446837633848	0.0	0.0	0.0	0.916864608076	0.0	0.0	0.0	0.913301662708
0.425312370062	0.0	0.0	0.0	0.916864608076	0.0	0.0	0.0	0.913895486936
0.422233939171	0.0	0.0	0.0	0.916864608076	0.0	0.0	0.0	0.913895486936
0.399908035994	0.0	0.0	0.0	0.916864608076	0.0	0.0	0.0	0.914489311164
0.31474044919	0.0	0.0	0.0	0.916864608076	0.0	0.0	0.0	0.914489311164
0.555117309093	0.0	0.0	0.0	0.916864608076	0.0	0.0	0.0	0.914489311164
0.289350688457	0.0	0.0	0.0	0.916864608076	0.0	0.0	0.0	0.914489311164
0.377204954624	0.0	0.0	0.0	0.916864608076	0.0	0.0	0.0	0.914489311164
0.288530051708	0.0	0.9999900001	0.0	0.916864608076	0.013792964566	0.9999900001	0.00694444396219	0.915083135392
0.397737890482	0.0	0.9999900001	0.0	0.916864608076	0.013792964566	0.9999900001	0.00694444396219	0.915083135392
0.335049271584	0.0	0.9999900001	0.0	0.916864608076	0.013792964566	0.9999900001	0.00694444396219	0.915083135392
0.533246278763	0.0	0.9999900001	0.0	0.916864608076	0.013792964566	0.9999900001	0.00694444396219	0.915083135392
0.381579369307	0.0	0.9999900001	0.0	0.916864608076	0.013792964566	0.9999900001	0.00694444396219	0.915083135392
0.4386690557	0.0	0.9999900001	0.0	0.916864608076	0.013792964566	0.9999900001	0.00694444396219	0.915083135392
0.463309943676	0.0	0.9999900001	0.0	0.916864608076	0.013792964566	0.9999900001	0.00694444396219	0.915083135392
0.252742677927	0.0	0.9999900001	0.0	0.916864608076	0.013792964566	0.9999900001	0.00694444396219	0.915083135392
0.262204706669	0.0	0.9999900001	0.0	0.916864608076	0.013792964566	0.9999900001	0.00694444396219	0.915083135392
0.202696472406	0.0	0.9999900001	0.0	0.916864608076	0.013792964566	0.9999900001	0.00694444396219	0.915083135392
0.187908455729	0.0	0.9999900001	0.0	0.916864608076	0.013792964566	0.9999900001	0.00694444396219	0.915083135392
0.403835147619	0.0	0.999995000025	0.0	0.916864608076	0.0273969863027	0.999995000025	0.0138888879244	0.91567695962
0.255541145802	0.0	0.999995000025	0.0	0.916864608076	0.0273969863027	0.999995000025	0.0138888879244	0.91567695962
0.526531100273	0.0	0.999997500006	0.0	0.916864608076	0.054053520822	0.999997500006	0.0277777758488	0.916864608076
0.24563318491	0.0	0.999997500006	0.0	0.916864608076	0.054053520822	0.999997500006	0.0277777758488	0.916864608076
0.416937202215	0.0	0.999998000004	0.0	0.916864608076	0.0671134363368	0.999998000004	0.034722219811	0.917458432304
0.281371414661	0.0555549845682	0.999998000004	0.0285714204082	0.919239904988	0.0671134363368	0.999998000004	0.034722219811	0.917458432304
0.396026134491	0.0555549845682	0.999998750002	0.0285714204082	0.919239904988	0.105262146823	0.999998750002	0.0555555516975	0.919239904988
0.324712872505	0.0555549845682	0.999998750002	0.0285714204082	0.919239904988	0.105262146823	0.999998750002	0.0555555516975	0.919239904988
0.367606580257	0.0487779656223	0.933332711112	0.0285714204082	0.907363420428	0.176098898002	0.933332711112	0.0972222154707	0.922209026128
0.167601615191	0.0952352721878	0.933332711112	0.0571428408163	0.90973871734	0.176098898002	0.933332711112	0.0972222154707	0.922209026128
0.542735159397	0.09302018398	0.818181446281	0.0571428408163	0.907363420428	0.216865144457	0.818181446281	0.124999991319	0.922802850356
0.273416906595	0.0465085778049	0.809523424036	0.0285714204082	0.902612826603	0.206058359619	0.809523424036	0.118055547357	0.922209026128
0.308563917875	0.0869528451417	0.677419136316	0.0571428408163	0.900237529691	0.239997057341	0.677419136316	0.145833323206	0.921021377672
0.238386452198	0.0833293491447	0.605262998615	0.0571428408163	0.895486935867	0.252743921067	0.605262998615	0.15972221113	0.919239904988
0.213951691985	0.0816285383125	0.6499998375	0.0571428408163	0.893111638955	0.282605262328	0.6499998375	0.180555543017	0.9216152019
