loss_weights	[0.275, 0.725]
lr	3.73586263081e-05
lstm_hidden_size	40
0.685619711876	0.099997804214	0.0833333323688	0.399999866667	0.486935866983	0.142149511869	0.0833333323688	0.483221444079	0.483966745843
0.658678770065	0.0841097310495	0.0899608853982	0.2999999	0.534441805226	0.150652294509	0.0899608853982	0.463087217242	0.538004750594
0.649790108204	0.0861219350071	0.0899182549057	0.2999999	0.546318289786	0.149487565018	0.0899182549057	0.442952990406	0.554038004751
0.687210977077	0.0764999827786	0.0910470395896	0.233333255556	0.598574821853	0.148511839862	0.0910470395896	0.402684536733	0.591448931116
0.652816057205	0.0809219794522	0.0875796164398	0.233333255556	0.622327790974	0.141567038192	0.0875796164398	0.369127492005	0.603919239905
0.630068123341	0.0774162232263	0.0851449259938	0.199999933333	0.660332541568	0.13409079998	0.0851449259938	0.315436220441	0.639548693587
0.708765804768	0.0794670042059	0.0861423204842	0.199999933333	0.669833729216	0.134696438459	0.0861423204842	0.308724811495	0.649049881235
0.672005236149	0.0724603551268	0.093073591059	0.166666611111	0.695961995249	0.140749171775	0.093073591059	0.288590584658	0.688242280285
0.594884693623	0.0757540520449	0.0889929721547	0.166666611111	0.710213776722	0.131940604676	0.0889929721547	0.255033539931	0.703087885986
0.667413711548	0.0854662577488	0.0775623247213	0.166666611111	0.745843230404	0.109799781394	0.0775623247213	0.187919450475	0.730403800475
0.664858877659	0.0714246366946	0.0727272705234	0.133333288889	0.75296912114	0.100204478197	0.0727272705234	0.161073814693	0.74406175772
0.617216467857	0.0808038406449	0.0588235272491	0.133333288889	0.783847980998	0.0760049246436	0.0588235272491	0.107382543129	0.769002375297
0.691938042641	0.0833290193185	0.0542635637882	0.133333288889	0.790973871734	0.0687914243482	0.0542635637882	0.0939597252376	0.774940617577
0.658122241497	0.0930186914061	0.0568720352193	0.133333288889	0.814726840855	0.0666618116185	0.0568720352193	0.0805369073465	0.800475059382
0.65129584074	0.0952334809468	0.0603015045075	0.133333288889	0.819477434679	0.0689606168426	0.0603015045075	0.0805369073465	0.807600950119
0.629987061024	0.0799951789545	0.0379746811408	0.0999999666667	0.836104513064	0.0390829502718	0.0379746811408	0.0402684536733	0.824821852732
0.621637880802	0.082186917155	0.0402684536733	0.0999999666667	0.840855106888	0.040263454294	0.0402684536733	0.0402684536733	0.830166270784
0.638848602772	0.101689882463	0.0458715554246	0.0999999666667	0.874109263658	0.0387548077172	0.0458715554246	0.0335570447277	0.852731591449
0.598296761513	0.0689604997671	0.0480769184541	0.0666666444445	0.871733966746	0.0395208473489	0.0480769184541	0.0335570447277	0.855700712589
0.568458020687	0.0769181659902	0.0526315720222	0.0666666444445	0.885985748219	0.0355510792788	0.0526315720222	0.0268456357822	0.871140142518
0.655322790146	0.0784264978	0.0606060514233	0.0666666444445	0.888361045131	0.0372050445101	0.0606060514233	0.0268456357822	0.877078384798
0.546586513519	0.08888440516	0.0526315697138	0.0666666444445	0.902612826603	0.0291222085807	0.0526315697138	0.0201342268366	0.881235154394
0.559621155262	0.0909047109503	0.059999988	0.0666666444445	0.904988123515	0.0301469886766	0.059999988	0.0201342268366	0.88539192399
0.620970785618	0.0975570019416	0.052631565097	0.0666666444445	0.912114014252	0.0213871342368	0.052631565097	0.0134228178911	0.891330166271
0.545745491982	0.04999622528	0.0540540394449	0.0333333222222	0.90973871734	0.0215021874299	0.0540540394449	0.0134228178911	0.891923990499
0.557855904102	0.052628227355	0.0357142729592	0.0333333222222	0.914489311164	0.0112967710315	0.0357142729592	0.00671140894554	0.896080760095
0.593078374863	0.052628227355	0.0357142729592	0.0333333222222	0.914489311164	0.0112967710315	0.0357142729592	0.00671140894554	0.896080760095
0.519796252251	0.0540509570749	0.039999984	0.0333333222222	0.916864608076	0.0114917913835	0.039999984	0.00671140894554	0.897862232779
0.412396878004	0.0	0.0454545247934	0.0	0.919239904988	0.0116936634365	0.0454545247934	0.00671140894554	0.899643705463
0.572907209396	0.0	0.0555555246914	0.0	0.923990498812	0.0119741234391	0.0555555246914	0.00671140894554	0.902019002375
0.78482490778	0.0	0.0624999609375	0.0	0.923990498812	0.0121194595727	0.0624999609375	0.00671140894554	0.903206650831
0.459353327751	0.0	0.0624999609375	0.0	0.923990498812	0.0121194595727	0.0624999609375	0.00671140894554	0.903206650831
0.529997587204	0.0	0.0	0.0	0.923990498812	0.0	0.0	0.0	0.903206650831
0.428871542215	0.0	0.0	0.0	0.926365795724	0.0	0.0	0.0	0.9067695962
0.481866568327	0.0	0.0	0.0	0.926365795724	0.0	0.0	0.0	0.907957244656
0.729406416416	0.0	0.0	0.0	0.926365795724	0.0	0.0	0.0	0.907957244656
0.465852558613	0.0	0.0	0.0	0.926365795724	0.0	0.0	0.0	0.908551068884
0.437078982592	0.0	0.0	0.0	0.926365795724	0.0	0.0	0.0	0.909144893112
0.387034982443	0.0	0.0	0.0	0.926365795724	0.0	0.0	0.0	0.909144893112
0.632176041603	0.0	0.0	0.0	0.926365795724	0.0	0.0	0.0	0.90973871734
