loss_weights	[0.375, 0.625]
lr	1.85220060032e-05
lstm_hidden_size	20
0.601439416409	0.10389108474	0.022727271436	0.099999975	0.836104513064	0.0253918937262	0.022727271436	0.028776976347	0.817695961995
0.615109086037	0.082186804577	0.0184049068463	0.07499998125	0.840855106888	0.0198625811729	0.0184049068463	0.0215827322602	0.824228028504
0.607403039932	0.0845020990763	0.0187499988281	0.07499998125	0.845605700713	0.0200619141873	0.0187499988281	0.0215827322602	0.826009501188
0.588379859924	0.0882304241413	0.0215827322602	0.07499998125	0.852731591449	0.0215777334183	0.0215827322602	0.0215827322602	0.838479809976
0.6107853055	0.0882304241413	0.0147058812716	0.07499998125	0.852731591449	0.0145404558004	0.0147058812716	0.0143884881735	0.839073634204
0.600042819977	0.0923029304201	0.0156249987793	0.07499998125	0.859857482185	0.0149762824352	0.0156249987793	0.0143884881735	0.843824228029
0.586188733578	0.0645115299812	0.0162601612797	0.0499999875	0.862232779097	0.0152621946788	0.0162601612797	0.0143884881735	0.846793349169
0.553597152233	0.0677922209071	0.0185185168038	0.0499999875	0.869358669834	0.0161894109264	0.0185185168038	0.0143884881735	0.855700712589
0.609434962273	0.068961213107	0.0196078412149	0.0499999875	0.871733966746	0.0165926282844	0.0196078412149	0.0143884881735	0.859263657957
0.587233126163	0.0701712283193	0.0112359537937	0.0499999875	0.874109263658	0.00876717209472	0.0112359537937	0.00719424408675	0.865795724466
0.630325376987	0.0701712283193	0.0114942515524	0.0499999875	0.874109263658	0.00884482397496	0.0114942515524	0.00719424408675	0.866983372922
0.561578273773	0.0754679674288	0.0129870113004	0.0499999875	0.883610451306	0.00925467262544	0.0129870113004	0.00719424408675	0.872921615202
0.606199741364	0.0392122878723	0.0135135116874	0.02499999375	0.883610451306	0.00938513829471	0.0135135116874	0.00719424408675	0.874703087886
0.626954734325	0.040813311339	0.0175438565713	0.02499999375	0.888361045131	0.0101999574142	0.0175438565713	0.00719424408675	0.884798099762
0.643278539181	0.040813311339	0.0188679209683	0.02499999375	0.888361045131	0.0104126702611	0.0188679209683	0.00719424408675	0.887173396675
0.561063528061	0.0	0.0238095181406	0.0	0.885985748219	0.011046159691	0.0238095181406	0.00719424408675	0.893705463183
0.585931003094	0.0	0.0277777700617	0.0	0.893111638955	0.0114253031379	0.0277777700617	0.00719424408675	0.897268408551
0.60800588131	0.0	0.0303030211203	0.0	0.893111638955	0.0116248054505	0.0303030211203	0.00719424408675	0.899049881235
0.593893587589	0.0	0.0333333222222	0.0	0.893111638955	0.0118313987801	0.0333333222222	0.00719424408675	0.900831353919
0.598743498325	0.0	0.0370370233196	0.0	0.895486935867	0.012045468027	0.0370370233196	0.00719424408675	0.902612826603
0.576517701149	0.0	0.039999984	0.0	0.897862232779	0.0121925369835	0.039999984	0.00719424408675	0.903800475059
0.574270427227	0.0	0.0416666493056	0.0	0.897862232779	0.0122674264608	0.0416666493056	0.00719424408675	0.904394299287
0.573451936245	0.0	0.043478241966	0.0	0.897862232779	0.0123432416019	0.043478241966	0.00719424408675	0.904988123515
0.560335934162	0.0	0.0454545247934	0.0	0.897862232779	0.0124199996758	0.0454545247934	0.00719424408675	0.905581947743
0.537080109119	0.0	0.0476190249433	0.0	0.897862232779	0.012497718384	0.0476190249433	0.00719424408675	0.906175771971
0.578006267548	0.0	0.0526315512466	0.0	0.897862232779	0.0126561107519	0.0526315512466	0.00719424408675	0.907363420428
0.572787821293	0.0	0.0526315512466	0.0	0.897862232779	0.0126561107519	0.0526315512466	0.00719424408675	0.907363420428
0.505340158939	0.0	0.0	0.0	0.897862232779	0.0	0.0	0.0	0.907363420428
0.580623209476	0.0	0.0	0.0	0.897862232779	0.0	0.0	0.0	0.907363420428
0.558567583561	0.0	0.0	0.0	0.900237529691	0.0	0.0	0.0	0.908551068884
0.611249148846	0.0	0.0	0.0	0.900237529691	0.0	0.0	0.0	0.909144893112
0.543531596661	0.0	0.0	0.0	0.900237529691	0.0	0.0	0.0	0.910332541568
0.55729919672	0.0	0.0	0.0	0.900237529691	0.0	0.0	0.0	0.910332541568
0.622352540493	0.0	0.0	0.0	0.900237529691	0.0	0.0	0.0	0.910926365796
0.549061596394	0.0	0.0	0.0	0.900237529691	0.0	0.0	0.0	0.911520190024
0.454151153564	0.0	0.0	0.0	0.900237529691	0.0	0.0	0.0	0.911520190024
0.542923808098	0.0	0.0	0.0	0.900237529691	0.0	0.0	0.0	0.911520190024
0.533740639687	0.0	0.0	0.0	0.900237529691	0.0	0.0	0.0	0.911520190024
0.487831830978	0.0	0.0	0.0	0.900237529691	0.0	0.0	0.0	0.912114014252
0.49408107996	0.0	0.0	0.0	0.900237529691	0.0	0.0	0.0	0.912114014252
