loss_weights	[0.375, 0.625]
lr	1.28963582064e-06
lstm_hidden_size	60
0.635726869106	0.113919577966	0.0753246733682	0.169811288715	0.667458432304	0.113499215581	0.0753246733682	0.230158711892	0.730997624703
0.636756360531	0.113919577966	0.0763157874654	0.169811288715	0.667458432304	0.114620761421	0.0763157874654	0.230158711892	0.733966745843
0.665971934795	0.114645194706	0.07671957469	0.169811288715	0.669833729216	0.115075610635	0.07671957469	0.230158711892	0.735154394299
0.649604797363	0.114645194706	0.0750670221162	0.169811288715	0.669833729216	0.112220669602	0.0750670221162	0.222222204586	0.736935866983
0.620915949345	0.114645194706	0.0725806432102	0.169811288715	0.669833729216	0.108429950778	0.0725806432102	0.214285697279	0.736342042755
0.645387470722	0.116124517136	0.0731707297244	0.169811288715	0.67458432304	0.109087109774	0.0731707297244	0.214285697279	0.738123515439
0.633819282055	0.116878587626	0.0733695632237	0.169811288715	0.676959619952	0.109307936502	0.0733695632237	0.214285697279	0.738717339667
0.646435856819	0.116878587626	0.074175822138	0.169811288715	0.676959619952	0.110200256859	0.074175822138	0.214285697279	0.74109263658
0.672096312046	0.116878587626	0.072222220216	0.169811288715	0.676959619952	0.10699203963	0.072222220216	0.206349189972	0.742280285036
0.633875787258	0.117642515446	0.0728291296126	0.169811288715	0.679334916865	0.107656594834	0.0728291296126	0.206349189972	0.74406175772
0.634456813335	0.117642515446	0.0730337058137	0.169811288715	0.679334916865	0.107879951585	0.0730337058137	0.206349189972	0.744655581948
0.623044729233	0.117642515446	0.0704225332275	0.169811288715	0.679334916865	0.103946233087	0.0704225332275	0.198412682666	0.74406175772
0.637538313866	0.117642515446	0.0706214669316	0.169811288715	0.679334916865	0.104162790595	0.0706214669316	0.198412682666	0.744655581948
0.63937485218	0.117642515446	0.069364159845	0.169811288715	0.679334916865	0.10169099735	0.069364159845	0.190476175359	0.748218527316
0.62422734499	0.117642515446	0.0672514600219	0.169811288715	0.679334916865	0.0982866593363	0.0672514600219	0.182539668052	0.749406175772
0.675081789494	0.117642515446	0.0686567143685	0.169811288715	0.679334916865	0.099779103776	0.0686567143685	0.182539668052	0.753562945368
0.605961322784	0.118416495153	0.0688622733874	0.169811288715	0.681710213777	0.0999960181165	0.0688622733874	0.182539668052	0.754156769596
0.663256466389	0.119995414396	0.0694864027345	0.169811288715	0.686460807601	0.100652457005	0.0694864027345	0.182539668052	0.75593824228
0.646484076977	0.119995414396	0.0694864027345	0.169811288715	0.686460807601	0.100652457005	0.0694864027345	0.182539668052	0.75593824228
0.654228150845	0.121617008026	0.0699088124648	0.169811288715	0.691211401425	0.10109489208	0.0699088124648	0.182539668052	0.757125890736
0.627670168877	0.121617008026	0.0699088124648	0.169811288715	0.691211401425	0.10109489208	0.0699088124648	0.182539668052	0.757125890736
0.613593459129	0.122444352064	0.0676923056095	0.169811288715	0.693586698337	0.0975569449205	0.0676923056095	0.174603160746	0.758313539192
0.624687254429	0.122444352064	0.0679012324722	0.169811288715	0.693586698337	0.0977737415983	0.0679012324722	0.174603160746	0.75890736342
0.652252316475	0.123283029822	0.0658307189395	0.169811288715	0.695961995249	0.0943779589171	0.0658307189395	0.166666653439	0.760688836105
0.634731709957	0.123283029822	0.0660377337724	0.169811288715	0.695961995249	0.0945905254972	0.0660377337724	0.166666653439	0.761282660333
0.602095246315	0.123283029822	0.064102562048	0.169811288715	0.695961995249	0.0913200985971	0.064102562048	0.158730146133	0.763657957245
0.63887745142	0.123283029822	0.0643086796042	0.169811288715	0.695961995249	0.0915290728606	0.0643086796042	0.158730146133	0.764251781473
0.672443032265	0.124995330999	0.0655737683418	0.169811288715	0.700712589074	0.0928032828971	0.0655737683418	0.158730146133	0.767814726841
0.65204679966	0.124995330999	0.0655737683418	0.169811288715	0.700712589074	0.0928032828971	0.0655737683418	0.158730146133	0.767814726841
0.625286400318	0.112671362027	0.0664451805168	0.150943367747	0.700712589074	0.0936726506133	0.0664451805168	0.158730146133	0.770190023753
0.642169654369	0.112671362027	0.0664451805168	0.150943367747	0.700712589074	0.0936726506133	0.0664451805168	0.158730146133	0.770190023753
0.610697746277	0.115103179118	0.0668896298699	0.150943367747	0.70783847981	0.094113471299	0.0668896298699	0.158730146133	0.771377672209
0.665802598	0.115103179118	0.0668896298699	0.150943367747	0.70783847981	0.094113471299	0.0668896298699	0.158730146133	0.771377672209
0.673560678959	0.116783560318	0.0673400650727	0.150943367747	0.712589073634	0.0945584605798	0.0673400650727	0.158730146133	0.772565320665
0.659826636314	0.116783560318	0.0675675652849	0.150943367747	0.712589073634	0.0947825369654	0.0675675652849	0.158730146133	0.773159144893
0.667728722095	0.116783560318	0.068728519975	0.150943367747	0.712589073634	0.0959190398025	0.068728519975	0.158730146133	0.776128266033
0.649260759354	0.116783560318	0.068728519975	0.150943367747	0.712589073634	0.0959190398025	0.068728519975	0.158730146133	0.776128266033
0.643710494041	0.118513731879	0.0662020882856	0.150943367747	0.717339667458	0.0920054408088	0.0662020882856	0.150793638826	0.777315914489
0.630370438099	0.118513731879	0.0664335641107	0.150943367747	0.717339667458	0.0922287595035	0.0664335641107	0.150793638826	0.777909738717
0.621200084686	0.105258348344	0.0678571404337	0.132075446778	0.717339667458	0.09359177408	0.0678571404337	0.150793638826	0.781472684086
