loss_weights	[0.35, 0.65]
lr	8.75900984221e-05
lstm_hidden_size	40
0.622220754623	0.106865656042	0.0878787852158	0.152173879962	0.722090261283	0.125265878316	0.0878787852158	0.218045096388	0.759501187648
0.605398952961	0.105258352017	0.119047609599	0.0869565028355	0.838479809976	0.115825110754	0.119047609599	0.112781946407	0.864014251781
0.601840674877	0.126980146254	0.102564089415	0.0869565028355	0.869358669834	0.0758247167123	0.102564089415	0.0601503714173	0.884204275534
0.627486646175	0.0399985120514	0.0476190249433	0.0217391257089	0.885985748219	0.0129846563549	0.0476190249433	0.00751879642716	0.90973871734
0.522572517395	0.0	0.0588234948097	0.0	0.885985748219	0.0133313220799	0.0588234948097	0.00751879642716	0.912114014252
0.504323422909	0.0	0.0	0.0	0.888361045131	0.0	0.0	0.0	0.91567695962
0.468498110771	0.0	0.0	0.0	0.888361045131	0.0	0.0	0.0	0.916270783848
0.508173167706	0.0	0.0	0.0	0.888361045131	0.0	0.0	0.0	0.918052256532
0.591141879559	0.0	0.0	0.0	0.888361045131	0.0	0.0	0.0	0.918052256532
0.467312306166	0.0	0.0	0.0	0.888361045131	0.0	0.0	0.0	0.91864608076
0.411071360111	0.0	0.0	0.0	0.888361045131	0.0	0.0	0.0	0.91864608076
0.445505023003	0.0	0.0	0.0	0.888361045131	0.0	0.0	0.0	0.919833729216
0.387093544006	0.0	0.0	0.0	0.888361045131	0.0	0.0	0.0	0.919833729216
0.489370465279	0.0	0.0	0.0	0.888361045131	0.0	0.0	0.0	0.919833729216
0.416893094778	0.0	0.0	0.0	0.888361045131	0.0	0.0	0.0	0.919833729216
0.439670979977	0.0	0.0	0.0	0.888361045131	0.0	0.0	0.0	0.919833729216
0.454247027636	0.0	0.0	0.0	0.888361045131	0.0	0.0	0.0	0.919833729216
0.371964216232	0.0	0.0	0.0	0.888361045131	0.0	0.0	0.0	0.919833729216
0.519486129284	0.0	0.0	0.0	0.888361045131	0.0	0.0	0.0	0.919833729216
0.293775975704	0.0	0.0	0.0	0.888361045131	0.0	0.0	0.0	0.920427553444
0.354421198368	0.0	0.0	0.0	0.888361045131	0.0	0.0	0.0	0.920427553444
0.508094847202	0.0	0.0	0.0	0.888361045131	0.0	0.0	0.0	0.921021377672
0.285390466452	0.0	0.0	0.0	0.888361045131	0.0	0.0	0.0	0.921021377672
0.322970837355	0.0	0.0	0.0	0.888361045131	0.0	0.0	0.0	0.921021377672
0.675789296627	0.0	0.0	0.0	0.888361045131	0.0	0.0	0.0	0.921021377672
0.216823026538	0.0	0.0	0.0	0.888361045131	0.0	0.0	0.0	0.921021377672
0.266727507114	0.0	0.0	0.0	0.888361045131	0.0	0.0	0.0	0.921021377672
0.327823996544	0.0	0.0	0.0	0.888361045131	0.0	0.0	0.0	0.921021377672
0.347837299109	0.0	0.0	0.0	0.888361045131	0.0	0.0	0.0	0.921021377672
0.527437150478	0.0	0.0	0.0	0.888361045131	0.0	0.0	0.0	0.921021377672
0.454339981079	0.0	0.0	0.0	0.888361045131	0.0	0.0	0.0	0.921021377672
0.365078955889	0.0	0.0	0.0	0.888361045131	0.0	0.0	0.0	0.921021377672
0.245483934879	0.0	0.0	0.0	0.888361045131	0.0	0.0	0.0	0.921021377672
0.285113066435	0.0	0.0	0.0	0.888361045131	0.0	0.0	0.0	0.921021377672
0.371830523014	0.0	0.0	0.0	0.888361045131	0.0	0.0	0.0	0.921021377672
0.237486302853	0.0	0.0	0.0	0.888361045131	0.0	0.0	0.0	0.921021377672
0.308267802	0.0	0.0	0.0	0.888361045131	0.0	0.0	0.0	0.921021377672
0.417909502983	0.0	0.9999900001	0.0	0.888361045131	0.0149252227668	0.9999900001	0.00751879642716	0.9216152019
0.233196482062	0.0	0.999995000025	0.0	0.888361045131	0.0296293333348	0.999995000025	0.0150375928543	0.922209026128
0.402289479971	0.0	0.749998125005	0.0	0.888361045131	0.0437950471583	0.749998125005	0.0225563892815	0.922209026128
