loss_weights	[0.07500000000000007, 0.9249999999999999]
lr	1.92204551604e-06
lstm_hidden_size	20
0.687151610851	0.129350543853	0.0761014676088	0.406249873047	0.58432304038	0.127229397156	0.0761014676088	0.387755075663	0.535629453682
0.67578959465	0.129350543853	0.0762032075374	0.406249873047	0.58432304038	0.127371553506	0.0762032075374	0.387755075663	0.53622327791
0.732787489891	0.129350543853	0.0762032075374	0.406249873047	0.58432304038	0.127371553506	0.0762032075374	0.387755075663	0.53622327791
0.691439449787	0.129350543853	0.0761014676088	0.406249873047	0.58432304038	0.127229397156	0.0761014676088	0.387755075663	0.535629453682
0.630684614182	0.129350543853	0.0759999989867	0.406249873047	0.58432304038	0.127087557767	0.0759999989867	0.387755075663	0.535035629454
0.733276665211	0.129350543853	0.0761014676088	0.406249873047	0.58432304038	0.127229397156	0.0761014676088	0.387755075663	0.535629453682
0.672268092632	0.129350543853	0.0759999989867	0.406249873047	0.58432304038	0.127087557767	0.0759999989867	0.387755075663	0.535035629454
0.677771747112	0.129350543853	0.0759999989867	0.406249873047	0.58432304038	0.127087557767	0.0759999989867	0.387755075663	0.535035629454
0.71178650856	0.129350543853	0.0758988005872	0.406249873047	0.58432304038	0.12694603428	0.0758988005872	0.387755075663	0.534441805226
0.74477827549	0.129350543853	0.0758988005872	0.406249873047	0.58432304038	0.12694603428	0.0758988005872	0.387755075663	0.534441805226
0.735230088234	0.129350543853	0.0758988005872	0.406249873047	0.58432304038	0.12694603428	0.0758988005872	0.387755075663	0.534441805226
0.656300842762	0.129350543853	0.0759999989867	0.406249873047	0.58432304038	0.127087557767	0.0759999989867	0.387755075663	0.535035629454
0.678765237331	0.129350543853	0.0759999989867	0.406249873047	0.58432304038	0.127087557767	0.0759999989867	0.387755075663	0.535035629454
0.797856628895	0.129350543853	0.0759999989867	0.406249873047	0.58432304038	0.127087557767	0.0759999989867	0.387755075663	0.535035629454
0.674219429493	0.129350543853	0.0759999989867	0.406249873047	0.58432304038	0.127087557767	0.0759999989867	0.387755075663	0.535035629454
0.727526783943	0.129350543853	0.0761014676088	0.406249873047	0.58432304038	0.127229397156	0.0761014676088	0.387755075663	0.535629453682
0.68447047472	0.129350543853	0.0762032075374	0.406249873047	0.58432304038	0.127371553506	0.0762032075374	0.387755075663	0.53622327791
0.750773787498	0.129350543853	0.0762032075374	0.406249873047	0.58432304038	0.127371553506	0.0762032075374	0.387755075663	0.53622327791
0.715003848076	0.129997299055	0.0761014676088	0.406249873047	0.586698337292	0.127229397156	0.0761014676088	0.387755075663	0.535629453682
0.641300678253	0.129350543853	0.0761014676088	0.406249873047	0.58432304038	0.127229397156	0.0761014676088	0.387755075663	0.535629453682
0.687416315079	0.129997299055	0.0761014676088	0.406249873047	0.586698337292	0.127229397156	0.0761014676088	0.387755075663	0.535629453682
0.74357175827	0.129997299055	0.0761014676088	0.406249873047	0.586698337292	0.127229397156	0.0761014676088	0.387755075663	0.535629453682
0.63791847229	0.129997299055	0.0761014676088	0.406249873047	0.586698337292	0.127229397156	0.0761014676088	0.387755075663	0.535629453682
0.79200309515	0.129997299055	0.0761014676088	0.406249873047	0.586698337292	0.127229397156	0.0761014676088	0.387755075663	0.535629453682
0.726919054985	0.129997299055	0.0759999989867	0.406249873047	0.586698337292	0.127087557767	0.0759999989867	0.387755075663	0.535035629454
0.784588575363	0.129997299055	0.0759999989867	0.406249873047	0.586698337292	0.127087557767	0.0759999989867	0.387755075663	0.535035629454
0.756193697453	0.129997299055	0.0761014676088	0.406249873047	0.586698337292	0.127229397156	0.0761014676088	0.387755075663	0.535629453682
0.708033442497	0.129997299055	0.0761014676088	0.406249873047	0.586698337292	0.127229397156	0.0761014676088	0.387755075663	0.535629453682
0.745026230812	0.129997299055	0.0761014676088	0.406249873047	0.586698337292	0.127229397156	0.0761014676088	0.387755075663	0.535629453682
0.753628671169	0.129997299055	0.0761014676088	0.406249873047	0.586698337292	0.127229397156	0.0761014676088	0.387755075663	0.535629453682
0.675296127796	0.129997299055	0.0761014676088	0.406249873047	0.586698337292	0.127229397156	0.0761014676088	0.387755075663	0.535629453682
0.63607352972	0.129997299055	0.0761014676088	0.406249873047	0.586698337292	0.127229397156	0.0761014676088	0.387755075663	0.535629453682
0.646124362946	0.129997299055	0.0761014676088	0.406249873047	0.586698337292	0.127229397156	0.0761014676088	0.387755075663	0.535629453682
0.732716679573	0.129997299055	0.0761014676088	0.406249873047	0.586698337292	0.127229397156	0.0761014676088	0.387755075663	0.535629453682
0.687654674053	0.129997299055	0.0761014676088	0.406249873047	0.586698337292	0.127229397156	0.0761014676088	0.387755075663	0.535629453682
0.681667029858	0.129997299055	0.0759999989867	0.406249873047	0.586698337292	0.127087557767	0.0759999989867	0.387755075663	0.535035629454
0.706318855286	0.130650554334	0.0759999989867	0.406249873047	0.589073634204	0.127087557767	0.0759999989867	0.387755075663	0.535035629454
0.703173518181	0.130650554334	0.0759999989867	0.406249873047	0.589073634204	0.127087557767	0.0759999989867	0.387755075663	0.535035629454
0.681785643101	0.130650554334	0.0759999989867	0.406249873047	0.589073634204	0.127087557767	0.0759999989867	0.387755075663	0.535035629454
0.71984744072	0.130650554334	0.0772303584923	0.406249873047	0.589073634204	0.129173205722	0.0772303584923	0.394557796289	0.535629453682
