loss_weights	[0.2250000000000001, 0.7749999999999999]
lr	5.19147583573e-06
lstm_hidden_size	20
0.60462230444	0.130430869678	0.0857142734694	0.0882352681661	0.904988123515	0.0558095570788	0.0857142734694	0.0413793074911	0.87945368171
0.610207736492	0.130430869678	0.0857142734694	0.0882352681661	0.904988123515	0.0558095570788	0.0857142734694	0.0413793074911	0.87945368171
0.626998722553	0.130430869678	0.0882352811419	0.0882352681661	0.904988123515	0.056333676634	0.0882352811419	0.0413793074911	0.880641330166
0.589489102364	0.130430869678	0.08955222544	0.0882352681661	0.904988123515	0.0565994454173	0.08955222544	0.0413793074911	0.881235154394
0.703478991985	0.130430869678	0.090909077135	0.0882352681661	0.904988123515	0.056867733754	0.090909077135	0.0413793074911	0.881828978622
0.560236275196	0.133329580348	0.090909077135	0.0882352681661	0.907363420428	0.056867733754	0.090909077135	0.0413793074911	0.881828978622
0.573725819588	0.133329580348	0.090909077135	0.0882352681661	0.907363420428	0.056867733754	0.090909077135	0.0413793074911	0.881828978622
0.599695563316	0.133329580348	0.0937499853516	0.0882352681661	0.907363420428	0.0574120137755	0.0937499853516	0.0413793074911	0.883016627078
0.583419024944	0.133329580348	0.0937499853516	0.0882352681661	0.907363420428	0.0574120137755	0.0937499853516	0.0413793074911	0.883016627078
0.532573878765	0.133329580348	0.098360639613	0.0882352681661	0.907363420428	0.0582482531966	0.098360639613	0.0413793074911	0.884798099762
0.651044666767	0.133329580348	0.098360639613	0.0882352681661	0.907363420428	0.0582482531966	0.098360639613	0.0413793074911	0.884798099762
0.560097932816	0.133329580348	0.0999999833333	0.0882352681661	0.907363420428	0.058532439555	0.0999999833333	0.0413793074911	0.88539192399
0.622469544411	0.133329580348	0.0999999833333	0.0882352681661	0.907363420428	0.058532439555	0.0999999833333	0.0413793074911	0.88539192399
0.541229307652	0.133329580348	0.0877192828563	0.0882352681661	0.907363420428	0.0495008948514	0.0877192828563	0.0344827562426	0.885985748219
0.572729110718	0.133329580348	0.0892856983418	0.0882352681661	0.907363420428	0.0497472194528	0.0892856983418	0.0344827562426	0.886579572447
0.615278542042	0.133329580348	0.0961538276627	0.0882352681661	0.907363420428	0.0507575307669	0.0961538276627	0.0344827562426	0.888954869359
0.639615833759	0.136360062073	0.0980391964629	0.0882352681661	0.90973871734	0.051016553289	0.0980391964629	0.0344827562426	0.889548693587
0.646054387093	0.0930199027663	0.102040795502	0.0588235121107	0.907363420428	0.0515426110745	0.102040795502	0.0344827562426	0.890736342043
0.666397511959	0.0930199027663	0.0833333159722	0.0588235121107	0.907363420428	0.0414470362302	0.0833333159722	0.0275862049941	0.890142517815
0.590512633324	0.0930199027663	0.085106364871	0.0588235121107	0.907363420428	0.0416629652801	0.085106364871	0.0275862049941	0.890736342043
0.570444583893	0.0930199027663	0.085106364871	0.0588235121107	0.907363420428	0.0416629652801	0.085106364871	0.0275862049941	0.890736342043
0.667682051659	0.0930199027663	0.0869565028355	0.0588235121107	0.907363420428	0.041881155989	0.0869565028355	0.0275862049941	0.891330166271
0.588353157043	0.0930199027663	0.0888888691358	0.0588235121107	0.907363420428	0.0421016440774	0.0888888691358	0.0275862049941	0.891923990499
0.630973041058	0.0930199027663	0.0930232341806	0.0588235121107	0.907363420428	0.0425496590744	0.0930232341806	0.0275862049941	0.893111638955
0.67798602581	0.0930199027663	0.0930232341806	0.0588235121107	0.907363420428	0.0425496590744	0.0930232341806	0.0275862049941	0.893111638955
0.598475158215	0.0930199027663	0.0952380725624	0.0588235121107	0.907363420428	0.0427772612858	0.0952380725624	0.0275862049941	0.893705463183
0.661090016365	0.0930199027663	0.0952380725624	0.0588235121107	0.907363420428	0.0427772612858	0.0952380725624	0.0275862049941	0.893705463183
0.609792649746	0.0952349660844	0.0952380725624	0.0588235121107	0.90973871734	0.0427772612858	0.0952380725624	0.0275862049941	0.893705463183
0.596151292324	0.0952349660844	0.0952380725624	0.0588235121107	0.90973871734	0.0427772612858	0.0952380725624	0.0275862049941	0.893705463183
0.630614697933	0.0952349660844	0.099999975	0.0588235121107	0.90973871734	0.0432398494983	0.099999975	0.0275862049941	0.894893111639
0.651183247566	0.0952349660844	0.102564076266	0.0588235121107	0.90973871734	0.0434749157809	0.102564076266	0.0275862049941	0.895486935867
0.597329616547	0.048777632524	0.102564076266	0.0294117560554	0.907363420428	0.0434749157809	0.102564076266	0.0275862049941	0.895486935867
0.693329513073	0.048777632524	0.105263130194	0.0294117560554	0.907363420428	0.0437125518314	0.105263130194	0.0275862049941	0.896080760095
0.577319085598	0.048777632524	0.10810807889	0.0294117560554	0.907363420428	0.043952800021	0.10810807889	0.0275862049941	0.896674584323
0.549998164177	0.048777632524	0.111111080247	0.0294117560554	0.907363420428	0.0441957036572	0.111111080247	0.0275862049941	0.897268408551
0.70377933979	0.048777632524	0.114285681633	0.0294117560554	0.907363420428	0.0444413070105	0.114285681633	0.0275862049941	0.897862232779
0.543289721012	0.048777632524	0.114285681633	0.0294117560554	0.907363420428	0.0444413070105	0.114285681633	0.0275862049941	0.897862232779
0.632336199284	0.048777632524	0.114285681633	0.0294117560554	0.907363420428	0.0444413070105	0.114285681633	0.0275862049941	0.897862232779
0.592198371887	0.048777632524	0.114285681633	0.0294117560554	0.907363420428	0.0444413070105	0.114285681633	0.0275862049941	0.897862232779
0.651203870773	0.048777632524	0.124999960938	0.0294117560554	0.907363420428	0.0451947730878	0.124999960938	0.0275862049941	0.899643705463
