loss_weights	[0.050000000000000044, 0.95]
lr	5.67409355323e-05
lstm_hidden_size	40
0.642744898796	0.13792965209	0.087959624456	0.928571096939	0.228028503563	0.15864582143	0.087959624456	0.807946966361	0.231591448931
0.762443900108	0.137564758559	0.0887616314333	0.928571096939	0.225653206651	0.160204955693	0.0887616314333	0.821191998597	0.228028503563
0.693552672863	0.137201790588	0.0892219836601	0.928571096939	0.223277909739	0.161080715616	0.0892219836601	0.827814514714	0.226840855107
0.62576431036	0.135768872662	0.0905203129685	0.928571096939	0.21377672209	0.163447406827	0.0905203129685	0.84105954695	0.228028503563
0.685301423073	0.13541530763	0.0903914584314	0.928571096939	0.211401425178	0.163237319946	0.0903914584314	0.84105954695	0.226840855107
0.628309369087	0.1343655758	0.0932384335001	0.928571096939	0.204275534442	0.168378708054	0.0932384335001	0.867549611421	0.231591448931
0.658992052078	0.138460198566	0.0936834627844	0.964285369898	0.20190023753	0.169229018567	0.0936834627844	0.874172127538	0.230403800475
0.675540566444	0.138106080166	0.0926315782973	0.964285369898	0.199524940618	0.167510955603	0.0926315782973	0.874172127538	0.220902612827
0.628544211388	0.138106080166	0.0926315782973	0.964285369898	0.199524940618	0.167510955603	0.0926315782973	0.874172127538	0.220902612827
0.758973896503	0.138106080166	0.0930069923566	0.964285369898	0.199524940618	0.168246214485	0.0930069923566	0.880794643656	0.219121140143
0.729247331619	0.138460198566	0.093706293051	0.964285369898	0.20190023753	0.169511236607	0.093706293051	0.887417159774	0.220308788599
0.730514585972	0.137753768494	0.0961937709606	0.964285369898	0.197149643705	0.174183748289	0.0961937709606	0.920529740362	0.217339667458
0.603025853634	0.137753768494	0.0960608148164	0.964285369898	0.197149643705	0.17396574588	0.0960608148164	0.920529740362	0.216152019002
0.618976891041	0.137403249758	0.0951403142016	0.964285369898	0.194774346793	0.172454875601	0.0951403142016	0.920529740362	0.20783847981
0.611023843288	0.137054510306	0.0951403142016	0.964285369898	0.192399049881	0.172454875601	0.0951403142016	0.920529740362	0.20783847981
0.734478890896	0.136362315337	0.0960878510907	0.964285369898	0.187648456057	0.17412764934	0.0960878510907	0.92715225648	0.211401425178
0.829828560352	0.136707536625	0.0960219472152	0.964285369898	0.190023752969	0.174019428194	0.0960219472152	0.92715225648	0.21080760095
0.589327394962	0.137054510306	0.0969072158288	0.964285369898	0.192399049881	0.175589825942	0.0969072158288	0.933774772598	0.21377672209
0.634568572044	0.136707536625	0.0969738645325	0.964285369898	0.190023752969	0.175699227811	0.0969738645325	0.933774772598	0.214370546318
0.723940134048	0.136707536625	0.0966415346358	0.964285369898	0.190023752969	0.175153577494	0.0966415346358	0.933774772598	0.211401425178
0.704234004021	0.137753768494	0.0969738645325	0.964285369898	0.197149643705	0.175699227811	0.0969738645325	0.933774772598	0.214370546318
0.602232515812	0.138460198566	0.0984743405099	0.964285369898	0.20190023753	0.178278256576	0.0984743405099	0.940397288715	0.222684085511
0.644419491291	0.139173911427	0.0983379494575	0.964285369898	0.206650831354	0.17805470995	0.0983379494575	0.940397288715	0.221496437055
0.586578428745	0.138816137627	0.101469558422	0.964285369898	0.204275534442	0.183542572769	0.101469558422	0.960264837069	0.233966745843
0.589842617512	0.139895020282	0.102040815608	0.964285369898	0.211401425178	0.184476632586	0.102040815608	0.960264837069	0.238717339667
0.602340519428	0.140990804504	0.102816900684	0.964285369898	0.218527315914	0.185867133407	0.102816900684	0.966887353186	0.240498812352
0.736478567123	0.140990804504	0.102961917469	0.964285369898	0.218527315914	0.186104057965	0.102961917469	0.966887353186	0.241686460808
0.667130947113	0.141730914239	0.103619587625	0.964285369898	0.223277909739	0.187177736284	0.103619587625	0.966887353186	0.24703087886
0.655404448509	0.141730914239	0.103840682049	0.964285369898	0.223277909739	0.187538387385	0.103840682049	0.966887353186	0.248812351544
0.61552798748	0.143998610502	0.104509662817	0.964285369898	0.237529691211	0.188628727932	0.104509662817	0.966887353186	0.254156769596
0.824735820293	0.143998610502	0.104509662817	0.964285369898	0.237529691211	0.188628727932	0.104509662817	0.966887353186	0.254156769596
0.70002001524	0.143234691596	0.104734576006	0.964285369898	0.232779097387	0.188994997672	0.104734576006	0.966887353186	0.25593824228
0.732408225536	0.143234691596	0.105451936116	0.964285369898	0.232779097387	0.190289496037	0.105451936116	0.973509869304	0.257125890736
0.632012724876	0.144770721573	0.105873820842	0.964285369898	0.242280285036	0.190847891674	0.105873820842	0.966887353186	0.264845605701
0.672686398029	0.144770721573	0.105301379046	0.964285369898	0.242280285036	0.189788792325	0.105301379046	0.960264837069	0.264845605701
0.6007848382	0.143998610502	0.106491611185	0.964285369898	0.237529691211	0.191851035353	0.106491611185	0.966887353186	0.269596199525
0.642196595669	0.144383633803	0.106647186949	0.964285369898	0.239904988124	0.192103471182	0.106647186949	0.966887353186	0.270783847981
0.601332843304	0.147539562556	0.107669615725	0.964285369898	0.25890736342	0.193760636198	0.107669615725	0.966887353186	0.278503562945
0.67542475462	0.147137547103	0.107669615725	0.964285369898	0.256532066508	0.193760636198	0.107669615725	0.966887353186	0.278503562945
0.492123544216	0.148758898692	0.109036593659	0.964285369898	0.266033254157	0.195971330308	0.109036593659	0.966887353186	0.288598574822
