loss_weights	[0.050000000000000044, 0.95]
lr	1.43000954968e-06
lstm_hidden_size	80
0.688842475414	0.144484543685	0.0760986058296	0.593749814453	0.465558194774	0.131479127391	0.0760986058296	0.482993164422	0.442992874109
0.669583559036	0.144484543685	0.0762620829617	0.593749814453	0.465558194774	0.131723059666	0.0762620829617	0.482993164422	0.444180522565
0.711492300034	0.144484543685	0.0761802566933	0.593749814453	0.465558194774	0.131600980492	0.0761802566933	0.482993164422	0.443586698337
0.695166647434	0.144484543685	0.0759358280649	0.593749814453	0.465558194774	0.131236096902	0.0759358280649	0.482993164422	0.441805225653
0.748410820961	0.144484543685	0.0758547000443	0.593749814453	0.465558194774	0.131114918265	0.0758547000443	0.482993164422	0.441211401425
0.665218234062	0.143394092163	0.0759358280649	0.593749814453	0.46080760095	0.131236096902	0.0759358280649	0.482993164422	0.441805225653
0.728729903698	0.142855015577	0.0758547000443	0.593749814453	0.458432304038	0.131114918265	0.0758547000443	0.482993164422	0.441211401425
0.66850310564	0.142855015577	0.0767590610154	0.593749814453	0.458432304038	0.132716549044	0.0767590610154	0.489795885048	0.441211401425
0.71793705225	0.142319977026	0.0765143456268	0.593749814453	0.456057007126	0.132350601675	0.0765143456268	0.489795885048	0.439429928741
0.6700091362	0.141261833891	0.0765143456268	0.593749814453	0.451306413302	0.132350601675	0.0765143456268	0.489795885048	0.439429928741
0.67136657238	0.141261833891	0.0762711856327	0.593749814453	0.451306413302	0.131986666853	0.0762711856327	0.489795885048	0.437648456057
0.75587528944	0.141261833891	0.0772486764312	0.593749814453	0.451306413302	0.13369730141	0.0772486764312	0.496598605674	0.438242280285
0.695719003677	0.140738640909	0.0771670182118	0.593749814453	0.44893111639	0.13357497967	0.0771670182118	0.496598605674	0.437648456057
0.668828845024	0.140738640909	0.0778947360222	0.593749814453	0.44893111639	0.134911076856	0.0778947360222	0.503401326299	0.436460807601
0.708748936653	0.140738640909	0.0777310916205	0.593749814453	0.44893111639	0.134665560144	0.0777310916205	0.503401326299	0.435273159145
0.730672061443	0.140219309136	0.0775681333588	0.593749814453	0.446555819477	0.134420935413	0.0775681333588	0.503401326299	0.434085510689
0.685244977474	0.140219309136	0.0774058569309	0.593749814453	0.446555819477	0.134177197808	0.0774058569309	0.503401326299	0.432897862233
0.693321943283	0.140219309136	0.0781249991862	0.593749814453	0.446555819477	0.135499049449	0.0781249991862	0.510204046925	0.431710213777
0.686578035355	0.139703795986	0.0790020781809	0.593749814453	0.444180522565	0.137058112718	0.0790020781809	0.517006767551	0.431710213777
0.701330780983	0.139703795986	0.078838173456	0.593749814453	0.444180522565	0.136811382815	0.078838173456	0.517006767551	0.430522565321
0.668361485004	0.139703795986	0.078838173456	0.593749814453	0.444180522565	0.136811382815	0.078838173456	0.517006767551	0.430522565321
0.694317638874	0.145452478442	0.078838173456	0.624999804688	0.441805225653	0.136811382815	0.078838173456	0.517006767551	0.430522565321
0.681146383286	0.145452478442	0.0787564758678	0.624999804688	0.441805225653	0.136688350683	0.0787564758678	0.517006767551	0.429928741093
0.699515223503	0.145452478442	0.0796277137577	0.624999804688	0.441805225653	0.138238281177	0.0796277137577	0.523809488176	0.429928741093
0.729734778404	0.144925475769	0.0795454537237	0.624999804688	0.439429928741	0.138114300346	0.0795454537237	0.523809488176	0.429334916865
0.748935759068	0.143882844602	0.0804953552064	0.624999804688	0.434679334917	0.139782656366	0.0804953552064	0.530612208802	0.429928741093
0.67206376791	0.143882844602	0.0804953552064	0.624999804688	0.434679334917	0.139782656366	0.0804953552064	0.530612208802	0.429928741093
0.716552078724	0.143882844602	0.080412370305	0.624999804688	0.434679334917	0.139657514915	0.080412370305	0.530612208802	0.429334916865
0.691729664803	0.143882844602	0.0813594224371	0.624999804688	0.434679334917	0.141321506064	0.0813594224371	0.537414929428	0.429928741093
0.727187812328	0.143882844602	0.0809426221215	0.624999804688	0.434679334917	0.140692290358	0.0809426221215	0.537414929428	0.426959619952
0.711633086205	0.143882844602	0.0806945854883	0.624999804688	0.434679334917	0.140317443209	0.0806945854883	0.537414929428	0.425178147268
0.695813000202	0.143882844602	0.0805300705349	0.624999804688	0.434679334917	0.140068652818	0.0805300705349	0.537414929428	0.423990498812
0.718006014824	0.143882844602	0.0805300705349	0.624999804688	0.434679334917	0.140068652818	0.0805300705349	0.537414929428	0.423990498812
0.737922608852	0.143882844602	0.0804480643539	0.624999804688	0.434679334917	0.139944588168	0.0804480643539	0.537414929428	0.423396674584
0.687109589577	0.143882844602	0.0803662250217	0.624999804688	0.434679334917	0.139820743102	0.0803662250217	0.537414929428	0.422802850356
0.738196730614	0.142855108192	0.0801217030414	0.624999804688	0.429928741093	0.139450519594	0.0801217030414	0.537414929428	0.421021377672
0.684416532516	0.143367134572	0.0799595133607	0.624999804688	0.432304038005	0.139204791218	0.0799595133607	0.537414929428	0.419833729216
0.693240523338	0.143367134572	0.0807265380351	0.624999804688	0.432304038005	0.140595287347	0.0807265380351	0.544217650053	0.419239904988
0.736147046089	0.143367134572	0.0807265380351	0.624999804688	0.432304038005	0.140595287347	0.0807265380351	0.544217650053	0.419239904988
0.675051569939	0.143367134572	0.0815709961574	0.624999804688	0.432304038005	0.142103014301	0.0815709961574	0.551020370679	0.419239904988
