loss_weights	[0.25, 0.75]
lr	3.47049093544e-05
lstm_hidden_size	20
0.65962100029	0.153842579963	0.0972972946676	0.333333222222	0.738717339667	0.138724225083	0.0972972946676	0.24161072204	0.734560570071
0.636911332607	0.14285319526	0.104477608822	0.266666577778	0.771971496437	0.144623831746	0.104477608822	0.234899313094	0.754156769596
0.660178899765	0.145450552174	0.107692304379	0.266666577778	0.776722090261	0.147675008137	0.107692304379	0.234899313094	0.760095011876
0.678933858871	0.106378610408	0.0937499967448	0.166666611111	0.800475059382	0.123565294426	0.0937499967448	0.18120804153	0.772565320665
0.674727618694	0.0898831513392	0.0938628124959	0.133333288889	0.807600950119	0.122061173548	0.0938628124959	0.174496632584	0.777909738717
0.637749791145	0.0740693921545	0.0876493988984	0.0999999666667	0.821852731591	0.109995319824	0.0876493988984	0.147650996802	0.788598574822
0.651317119598	0.0740693921545	0.0909090871525	0.0999999666667	0.821852731591	0.112527246618	0.0909090871525	0.147650996802	0.793942992874
0.662768781185	0.0547896645297	0.0985915446671	0.0666666444445	0.836104513064	0.116017249523	0.0985915446671	0.140939587856	0.809976247031
0.690117537975	0.0563331327376	0.0935960545027	0.0666666444445	0.840855106888	0.107949657213	0.0935960545027	0.127516769965	0.813539192399
0.62192940712	0.0606010839686	0.0879120830818	0.0666666444445	0.852731591449	0.0966717812704	0.0879120830818	0.107382543129	0.822446555819
0.625584840775	0.0615334725908	0.0867051973003	0.0666666444445	0.855106888361	0.0931627241186	0.0867051973003	0.100671134183	0.826603325416
0.714110612869	0.0677915889925	0.0915032619933	0.0666666444445	0.869358669834	0.0927102267947	0.0915032619933	0.0939597252376	0.83729216152
0.65251147747	0.071423571775	0.0952380887593	0.0666666444445	0.87648456057	0.0945895886956	0.0952380887593	0.0939597252376	0.840855106888
0.668023943901	0.0784264978	0.0833333270202	0.0666666444445	0.888361045131	0.0782868279914	0.0833333270202	0.073825498401	0.846199524941
0.596675753593	0.0816278719961	0.0859374932861	0.0666666444445	0.893111638955	0.0794174059857	0.0859374932861	0.073825498401	0.848574821853
0.655193924904	0.0454501863639	0.0917431108493	0.0333333222222	0.900237529691	0.0775144943279	0.0917431108493	0.0671140894554	0.858669833729
0.601337909698	0.0487765380901	0.0865384532175	0.0333333222222	0.907363420428	0.0711413979454	0.0865384532175	0.0604026805099	0.860451306413
0.711158156395	0.0487765380901	0.0760869482514	0.0333333222222	0.907363420428	0.0580865615653	0.0760869482514	0.0469798626188	0.865201900238
0.66807872057	0.0487765380901	0.07692306847	0.0333333222222	0.907363420428	0.058328620866	0.07692306847	0.0469798626188	0.865795724466
0.624696016312	0.0487765380901	0.0886075837206	0.0333333222222	0.907363420428	0.0613989750184	0.0886075837206	0.0469798626188	0.872921615202
0.651189804077	0.0487765380901	0.0886075837206	0.0333333222222	0.907363420428	0.0613989750184	0.0886075837206	0.0469798626188	0.872921615202
0.669245004654	0.0487765380901	0.0845070303511	0.0333333222222	0.907363420428	0.0545410784494	0.0845070303511	0.0402684536733	0.87648456057
0.618865191936	0.0487765380901	0.0869565091367	0.0333333222222	0.907363420428	0.0550415401935	0.0869565091367	0.0402684536733	0.877672209026
0.641948342323	0.0487765380901	0.0819671996775	0.0333333222222	0.907363420428	0.047614921445	0.0819671996775	0.0335570447277	0.881235154394
0.645542740822	0.0487765380901	0.0862068816885	0.0333333222222	0.907363420428	0.0483051407133	0.0862068816885	0.0335570447277	0.883016627078
0.621180713177	0.04999622528	0.09999998	0.0333333222222	0.90973871734	0.0502474889812	0.09999998	0.0335570447277	0.887767220903
0.630290329456	0.04999622528	0.102040795502	0.0333333222222	0.90973871734	0.050501321058	0.102040795502	0.0335570447277	0.888361045131
0.58612549305	0.04999622528	0.0697674256355	0.0333333222222	0.90973871734	0.0312465211111	0.0697674256355	0.0201342268366	0.889548693587
0.655854523182	0.04999622528	0.0476190362812	0.0333333222222	0.90973871734	0.0209389759187	0.0476190362812	0.0134228178911	0.888954869359
0.611125648022	0.05555274705	0.0833333101852	0.0333333222222	0.919239904988	0.032429294678	0.0833333101852	0.0201342268366	0.893705463183
0.572490334511	0.05555274705	0.0857142612245	0.0333333222222	0.919239904988	0.0326056117036	0.0857142612245	0.0201342268366	0.894299287411
0.516273856163	0.05555274705	0.10344824019	0.0333333222222	0.919239904988	0.0337051340417	0.10344824019	0.0201342268366	0.897862232779
0.607740938663	0.0571403756123	0.0714285459184	0.0333333222222	0.9216152019	0.0225962044692	0.0714285459184	0.0134228178911	0.897268408551
0.589799046516	0.0571403756123	0.0476190249433	0.0333333222222	0.9216152019	0.0117625394982	0.0476190249433	0.00671140894554	0.900237529691
0.586085319519	0.0571403756123	0.0	0.0333333222222	0.9216152019	0.0	0.0	0.0	0.900831353919
0.570185303688	0.058821418755	0.0	0.0333333222222	0.923990498812	0.0	0.0	0.0	0.902019002375
0.567142486572	0.058821418755	0.0	0.0333333222222	0.923990498812	0.0	0.0	0.0	0.902019002375
0.538568079472	0.0	0.0	0.0	0.9216152019	0.0	0.0	0.0	0.903800475059
0.590810954571	0.0	0.0	0.0	0.9216152019	0.0	0.0	0.0	0.903800475059
0.624663054943	0.0	0.0	0.0	0.923990498812	0.0	0.0	0.0	0.906175771971
