loss_weights	[0.25, 0.75]
lr	0.000145391991876
lstm_hidden_size	40
0.652433872223	0.158330120203	0.091034481503	0.395833250868	0.520190023753	0.154203011578	0.091034481503	0.503816755434	0.570071258907
0.650827884674	0.0869516433721	0.10697673921	0.104166644965	0.750593824228	0.132943264058	0.10697673921	0.175572505681	0.821852731591
0.623956024647	0.0681768443689	0.0930232486028	0.0624999869792	0.805225653207	0.0923026857737	0.0930232486028	0.0916030464425	0.859857482185
0.65595549345	0.0312462406835	0.0869565028355	0.0208333289931	0.852731591449	0.045193888418	0.0869565028355	0.0305343488142	0.899643705463
0.666062235832	0.032783520901	0.0882352681661	0.0208333289931	0.859857482185	0.0363603602572	0.0882352681661	0.0229007616106	0.905581947743
0.684676170349	0.0	0.049999975	0.0	0.869358669834	0.0132427336114	0.049999975	0.00763358720354	0.911520190024
0.568416297436	0.0	0.0555555246914	0.0	0.874109263658	0.0134206930969	0.0555555246914	0.00763358720354	0.91270783848
0.485500723124	0.0	0.0999999000001	0.0	0.878859857482	0.0141830774314	0.0999999000001	0.00763358720354	0.917458432304
0.44526168704	0.0	0.142856938776	0.0	0.881235154394	0.0144917885526	0.142856938776	0.00763358720354	0.919239904988
0.46968665719	0.0	0.499997500012	0.0	0.885985748219	0.0150372954988	0.499997500012	0.00763358720354	0.922209026128
0.483620017767	0.0	0.9999900001	0.0	0.885985748219	0.0151513624885	0.9999900001	0.00763358720354	0.922802850356
0.413658648729	0.0	0.9999900001	0.0	0.885985748219	0.0151513624885	0.9999900001	0.00763358720354	0.922802850356
0.383395910263	0.0	0.9999900001	0.0	0.885985748219	0.0151513624885	0.9999900001	0.00763358720354	0.922802850356
0.381912440062	0.0	0.9999900001	0.0	0.885985748219	0.0151513624885	0.9999900001	0.00763358720354	0.922802850356
0.424290090799	0.0	0.9999900001	0.0	0.885985748219	0.0151513624885	0.9999900001	0.00763358720354	0.922802850356
0.767110049725	0.0	0.9999900001	0.0	0.883610451306	0.0151513624885	0.9999900001	0.00763358720354	0.922802850356
0.723240792751	0.0	0.999995000025	0.0	0.885985748219	0.0300748872195	0.999995000025	0.0152671744071	0.923396674584
0.324236422777	0.0	0.999996666678	0.0	0.883610451306	0.0447756749862	0.999996666678	0.0229007616106	0.923990498812
0.336185187101	0.0	0.999997500006	0.0	0.883610451306	0.0592586754501	0.999997500006	0.0305343488142	0.92458432304
0.78020554781	0.0	0.999998000004	0.0	0.881235154394	0.0735286926959	0.999998000004	0.0381679360177	0.925178147268
0.371582567692	0.0	0.999998000004	0.0	0.881235154394	0.0735286926959	0.999998000004	0.0381679360177	0.925178147268
0.455264925957	0.0	0.999998000004	0.0	0.881235154394	0.0735286926959	0.999998000004	0.0381679360177	0.925178147268
0.538156032562	0.0	0.999998000004	0.0	0.881235154394	0.0735286926959	0.999998000004	0.0381679360177	0.925178147268
0.195854902267	0.0	0.999998333336	0.0	0.878859857482	0.0875903905444	0.999998333336	0.0458015232213	0.925771971496
0.429882645607	0.0	0.857141632655	0.0	0.878859857482	0.0869555461133	0.857141632655	0.0458015232213	0.925178147268
0.654061853886	0.0	0.909090082645	0.0	0.878859857482	0.140843621319	0.909090082645	0.0763358720354	0.927553444181
0.316301137209	0.0	0.846153195267	0.0	0.878859857482	0.152776114021	0.846153195267	0.083969459239	0.927553444181
0.274484395981	0.0	0.74999953125	0.0	0.878859857482	0.163263343999	0.74999953125	0.0916030464425	0.926959619952
0.346708357334	0.0	0.722221820988	0.0	0.878859857482	0.174494496669	0.722221820988	0.0992366336461	0.926959619952
0.184642806649	0.0	0.823528927336	0.0	0.878859857482	0.189187130226	0.823528927336	0.10687022085	0.928741092637
0.343760967255	0.0	0.777777345679	0.0	0.878859857482	0.187917313658	0.777777345679	0.10687022085	0.928147268409
0.355840563774	0.0	0.849999575	0.0	0.87648456057	0.225163234969	0.849999575	0.12977098246	0.930522565321
0.562627434731	0.0	0.849999575	0.0	0.87648456057	0.225163234969	0.849999575	0.12977098246	0.930522565321
0.48995539546	0.0	0.7499996875	0.0	0.874109263658	0.232255417303	0.7499996875	0.137404569664	0.929334916865
0.600984811783	0.0	0.7499996875	0.0	0.871733966746	0.232255417303	0.7499996875	0.137404569664	0.929334916865
0.544695317745	0.0	0.818181446281	0.0	0.874109263658	0.235291624614	0.818181446281	0.137404569664	0.930522565321
0.347318649292	0.0	0.791666336806	0.0	0.874109263658	0.245158641443	0.791666336806	0.145038156867	0.930522565321
0.459602475166	0.0	0.777777489712	0.0	0.874109263658	0.265819917511	0.777777489712	0.160305331274	0.931116389549
0.150457620621	0.0	0.699999766667	0.0	0.874109263658	0.260866500556	0.699999766667	0.160305331274	0.929334916865
0.319186061621	0.0	0.717948533859	0.0	0.866983372922	0.329408190349	0.717948533859	0.213740441699	0.932304038005
