loss_weights	[0.125, 0.875]
lr	1.70703791531e-05
lstm_hidden_size	20
0.690218806267	0.147857730505	0.0865168529605	0.593749814453	0.479809976247	0.148502867725	0.0865168529605	0.523809488176	0.475653206651
0.752312600613	0.149017401339	0.0874006800522	0.593749814453	0.484560570071	0.149802993632	0.0874006800522	0.523809488176	0.480997624703
0.722297251225	0.149017401339	0.0867579898772	0.593749814453	0.484560570071	0.148580136396	0.0867579898772	0.517006767551	0.482779097387
0.702382564545	0.150195406928	0.0875576026779	0.593749814453	0.489311163895	0.14975121462	0.0875576026779	0.517006767551	0.487529691211
0.679076492786	0.151997755552	0.0876585918378	0.593749814453	0.496437054632	0.149898898675	0.0876585918378	0.517006767551	0.488123515439
0.669773101807	0.153223546469	0.0876168214063	0.593749814453	0.501187648456	0.149548841414	0.0876168214063	0.510204046925	0.493467933492
0.74011862278	0.153843886017	0.0877192972197	0.593749814453	0.503562945368	0.149698092181	0.0877192972197	0.510204046925	0.49406175772
0.714240550995	0.155735413228	0.0880952370465	0.593749814453	0.510688836105	0.149946803359	0.0880952370465	0.503401326299	0.501781472684
0.676122903824	0.155735413228	0.0883054882064	0.593749814453	0.510688836105	0.15025126477	0.0883054882064	0.503401326299	0.50296912114
0.70695990324	0.150625283206	0.0891330880448	0.562499824219	0.517814726841	0.151136132931	0.0891330880448	0.496598605674	0.513064133017
0.710202276707	0.151258164007	0.0892420526988	0.562499824219	0.520190023753	0.151292751162	0.0892420526988	0.496598605674	0.513657957245
0.686377465725	0.153843779713	0.0885286772004	0.562499824219	0.529691211401	0.149628569501	0.0885286772004	0.482993164422	0.520783847981
0.712297320366	0.153843779713	0.0888610752333	0.562499824219	0.529691211401	0.150103080223	0.0888610752333	0.482993164422	0.522565320665
0.682977020741	0.155841755625	0.0873417710463	0.562499824219	0.536817102138	0.147275900039	0.0873417710463	0.469387723171	0.525534441805
0.661940634251	0.156519330093	0.0875634506654	0.562499824219	0.53919239905	0.147590929751	0.0875634506654	0.469387723171	0.526722090261
0.689885079861	0.142854681164	0.0840998674888	0.49999984375	0.543942992874	0.140966446252	0.0840998674888	0.435374120043	0.536817102138
0.642240047455	0.144141663868	0.0844327165642	0.49999984375	0.548693586698	0.141433740072	0.0844327165642	0.435374120043	0.538598574822
0.740506052971	0.137612161479	0.0859060391154	0.468749853516	0.553444180523	0.143495001888	0.0859060391154	0.435374120043	0.546318289786
0.627462983131	0.138886352069	0.0861372801327	0.468749853516	0.558194774347	0.143817463782	0.0861372801327	0.435374120043	0.547505938242
0.705011188984	0.138886352069	0.0843537403489	0.468749853516	0.558194774347	0.14058678825	0.0843537403489	0.421768678791	0.549881235154
0.683030545712	0.138886352069	0.0834473312798	0.468749853516	0.558194774347	0.138949373009	0.0834473312798	0.414965958166	0.55106888361
0.672773361206	0.131452833482	0.0848400544529	0.437499863281	0.560570071259	0.14087477631	0.0848400544529	0.414965958166	0.558194774347
0.72726392746	0.132072896098	0.0843881844671	0.437499863281	0.562945368171	0.139857297154	0.0843881844671	0.40816323754	0.561757719715
0.678615391254	0.132072896098	0.0839260301006	0.437499863281	0.562945368171	0.138820665554	0.0839260301006	0.401360516914	0.565320665083
0.68374311924	0.132698836104	0.0845272194194	0.437499863281	0.565320665083	0.139642093151	0.0845272194194	0.401360516914	0.568289786223
0.700849413872	0.115382000798	0.0845481037238	0.374999882813	0.562945368171	0.139252792424	0.0845481037238	0.394557796289	0.574228028504
0.66706353426	0.115382000798	0.0850439870228	0.374999882813	0.562945368171	0.139924702749	0.0850439870228	0.394557796289	0.576603325416
0.705233037472	0.115382000798	0.0864381507237	0.374999882813	0.562945368171	0.141806339305	0.0864381507237	0.394557796289	0.583135391924
0.681432306767	0.115939404012	0.0868263460056	0.374999882813	0.565320665083	0.142328328203	0.0868263460056	0.394557796289	0.584916864608
0.69679659605	0.118223933666	0.0857580385029	0.374999882813	0.574821852732	0.139996996845	0.0857580385029	0.380952355037	0.591448931116
0.66117721796	0.118223933666	0.0865533216916	0.374999882813	0.574821852732	0.141054913775	0.0865533216916	0.380952355037	0.595011876485
0.653096675873	0.11999730006	0.0870917560328	0.374999882813	0.581947743468	0.14176911934	0.0870917560328	0.380952355037	0.597387173397
0.704320728779	0.120600304093	0.0870917560328	0.374999882813	0.58432304038	0.14176911934	0.0870917560328	0.380952355037	0.597387173397
0.677552700043	0.122446234963	0.0877742932951	0.374999882813	0.591448931116	0.142672111777	0.0877742932951	0.380952355037	0.600356294537
0.685674309731	0.122446234963	0.088888887478	0.374999882813	0.591448931116	0.144141072566	0.088888887478	0.380952355037	0.605106888361
0.706675946712	0.124997209263	0.088996762314	0.374999882813	0.600950118765	0.143787741329	0.088996762314	0.374149634412	0.611045130641
0.689559161663	0.124997209263	0.0891410034175	0.374999882813	0.600950118765	0.143975946142	0.0891410034175	0.374149634412	0.611638954869
0.67488014698	0.124997209263	0.0897226739034	0.374999882813	0.600950118765	0.144733718177	0.0897226739034	0.374149634412	0.614014251781
0.70836776495	0.125651647768	0.0885245887127	0.374999882813	0.603325415677	0.142665294729	0.0885245887127	0.367346913786	0.61460807601
0.691170096397	0.129726854701	0.0903010018344	0.374999882813	0.61757719715	0.144963271489	0.0903010018344	0.367346913786	0.621733966746
