loss_weights	[0.07500000000000007, 0.9249999999999999]
lr	1.18114020959e-06
lstm_hidden_size	20
0.742254376411	0.167144880558	0.0849420842862	0.707316900654	0.313539192399	0.153522332693	0.0849420842862	0.797101391514	0.279691211401
0.681265354156	0.167144880558	0.0850077273183	0.707316900654	0.313539192399	0.153629541154	0.0850077273183	0.797101391514	0.280285035629
0.678768455982	0.167144880558	0.0849420842862	0.707316900654	0.313539192399	0.153522332693	0.0849420842862	0.797101391514	0.279691211401
0.713126718998	0.167144880558	0.0849420842862	0.707316900654	0.313539192399	0.153522332693	0.0849420842862	0.797101391514	0.279691211401
0.685155451298	0.167144880558	0.0850077273183	0.707316900654	0.313539192399	0.153629541154	0.0850077273183	0.797101391514	0.280285035629
0.748155832291	0.167144880558	0.0849420842862	0.707316900654	0.313539192399	0.153522332693	0.0849420842862	0.797101391514	0.279691211401
0.690107762814	0.167144880558	0.0850077273183	0.707316900654	0.313539192399	0.153629541154	0.0850077273183	0.797101391514	0.280285035629
0.707748472691	0.167144880558	0.0850077273183	0.707316900654	0.313539192399	0.153629541154	0.0850077273183	0.797101391514	0.280285035629
0.680528104305	0.167144880558	0.0850077273183	0.707316900654	0.313539192399	0.153629541154	0.0850077273183	0.797101391514	0.280285035629
0.650075256824	0.167144880558	0.0850734718865	0.707316900654	0.313539192399	0.153736899453	0.0850734718865	0.797101391514	0.280878859857
0.682896137238	0.167144880558	0.0850734718865	0.707316900654	0.313539192399	0.153736899453	0.0850734718865	0.797101391514	0.280878859857
0.69596940279	0.167144880558	0.0850734718865	0.707316900654	0.313539192399	0.153736899453	0.0850734718865	0.797101391514	0.280878859857
0.662761628628	0.167144880558	0.0850734718865	0.707316900654	0.313539192399	0.153736899453	0.0850734718865	0.797101391514	0.280878859857
0.732885420322	0.167144880558	0.0850734718865	0.707316900654	0.313539192399	0.153736899453	0.0850734718865	0.797101391514	0.280878859857
0.70210558176	0.167144880558	0.0850734718865	0.707316900654	0.313539192399	0.153736899453	0.0850734718865	0.797101391514	0.280878859857
0.684176266193	0.167144880558	0.0850734718865	0.707316900654	0.313539192399	0.153736899453	0.0850734718865	0.797101391514	0.280878859857
0.711256980896	0.167144880558	0.0850734718865	0.707316900654	0.313539192399	0.153736899453	0.0850734718865	0.797101391514	0.280878859857
0.690114855766	0.167144880558	0.0850734718865	0.707316900654	0.313539192399	0.153736899453	0.0850734718865	0.797101391514	0.280878859857
0.687785148621	0.167144880558	0.0850734718865	0.707316900654	0.313539192399	0.153736899453	0.0850734718865	0.797101391514	0.280878859857
0.712559759617	0.167144880558	0.0850734718865	0.707316900654	0.313539192399	0.153736899453	0.0850734718865	0.797101391514	0.280878859857
0.678645730019	0.167144880558	0.0850734718865	0.707316900654	0.313539192399	0.153736899453	0.0850734718865	0.797101391514	0.280878859857
0.707860767841	0.167144880558	0.0850734718865	0.707316900654	0.313539192399	0.153736899453	0.0850734718865	0.797101391514	0.280878859857
0.709492683411	0.167144880558	0.0850734718865	0.707316900654	0.313539192399	0.153736899453	0.0850734718865	0.797101391514	0.280878859857
0.714449167252	0.167144880558	0.0850734718865	0.707316900654	0.313539192399	0.153736899453	0.0850734718865	0.797101391514	0.280878859857
0.700990974903	0.167144880558	0.0850734718865	0.707316900654	0.313539192399	0.153736899453	0.0850734718865	0.797101391514	0.280878859857
0.704962432384	0.167144880558	0.0850734718865	0.707316900654	0.313539192399	0.153736899453	0.0850734718865	0.797101391514	0.280878859857
0.680128514767	0.167144880558	0.0850734718865	0.707316900654	0.313539192399	0.153736899453	0.0850734718865	0.797101391514	0.280878859857
0.67095208168	0.167144880558	0.0850734718865	0.707316900654	0.313539192399	0.153736899453	0.0850734718865	0.797101391514	0.280878859857
0.679314732552	0.167144880558	0.0850734718865	0.707316900654	0.313539192399	0.153736899453	0.0850734718865	0.797101391514	0.280878859857
0.659148812294	0.167144880558	0.0851393182265	0.707316900654	0.313539192399	0.153844407903	0.0851393182265	0.797101391514	0.281472684086
0.701386749744	0.167144880558	0.0851393182265	0.707316900654	0.313539192399	0.153844407903	0.0851393182265	0.797101391514	0.281472684086
0.654504537582	0.167144880558	0.0851393182265	0.707316900654	0.313539192399	0.153844407903	0.0851393182265	0.797101391514	0.281472684086
0.726717293262	0.167144880558	0.0851393182265	0.707316900654	0.313539192399	0.153844407903	0.0851393182265	0.797101391514	0.281472684086
0.7546697855	0.167144880558	0.0851393182265	0.707316900654	0.313539192399	0.153844407903	0.0851393182265	0.797101391514	0.281472684086
0.741889297962	0.167144880558	0.0851393182265	0.707316900654	0.313539192399	0.153844407903	0.0851393182265	0.797101391514	0.281472684086
0.721162319183	0.167144880558	0.0851393182265	0.707316900654	0.313539192399	0.153844407903	0.0851393182265	0.797101391514	0.281472684086
0.681164085865	0.167144880558	0.0851393182265	0.707316900654	0.313539192399	0.153844407903	0.0851393182265	0.797101391514	0.281472684086
0.665774345398	0.167144880558	0.0851393182265	0.707316900654	0.313539192399	0.153844407903	0.0851393182265	0.797101391514	0.281472684086
0.719322085381	0.167144880558	0.0851393182265	0.707316900654	0.313539192399	0.153844407903	0.0851393182265	0.797101391514	0.281472684086
0.675704717636	0.167627959029	0.0851393182265	0.707316900654	0.315914489311	0.153844407903	0.0851393182265	0.797101391514	0.281472684086
