loss_weights	[0.050000000000000044, 0.95]
lr	2.72011412203e-05
lstm_hidden_size	40
0.684204220772	0.128811459269	0.0901722381948	0.542856987755	0.389548693587	0.15738062208	0.0901722381948	0.618055512635	0.434085510689
0.733625352383	0.131145500703	0.0917248246089	0.571428408163	0.37054631829	0.160416284564	0.0917248246089	0.638888844522	0.428147268409
0.693560659885	0.130716919805	0.0925196841287	0.571428408163	0.368171021378	0.162066788198	0.0925196841287	0.652777732446	0.422802850356
0.722868084908	0.128203128112	0.0928229656189	0.571428408163	0.353919239905	0.163160189711	0.0928229656189	0.673611064333	0.409144893112
0.710502028465	0.134183308627	0.0934223060684	0.599999828571	0.356294536817	0.164289576173	0.0934223060684	0.680555508295	0.407957244656
0.733257055283	0.130432836917	0.0932835812194	0.599999828571	0.334916864608	0.164471593582	0.0932835812194	0.694444396219	0.396674584323
0.737635910511	0.130029019381	0.0930232549486	0.599999828571	0.332541567696	0.164066822776	0.0930232549486	0.694444396219	0.394893111639
0.694301187992	0.131734642896	0.0929602879697	0.62857124898	0.311163895487	0.164534702865	0.0929602879697	0.715277728106	0.378859857482
0.592714488506	0.131734642896	0.0935251790151	0.62857124898	0.311163895487	0.165603062827	0.0935251790151	0.722222172068	0.377672209026
0.663510203362	0.131341404526	0.0930851055578	0.62857124898	0.308788598575	0.165092329219	0.0930851055578	0.72916661603	0.369358669834
0.678687870502	0.130561929074	0.0923482841482	0.62857124898	0.304038004751	0.163932428181	0.0923482841482	0.72916661603	0.364014251781
0.64668905735	0.135691355652	0.0928819436382	0.657142669388	0.304038004751	0.165121478957	0.0928819436382	0.743055503954	0.357482185273
0.661860764027	0.134501078818	0.0921619285774	0.657142669388	0.296912114014	0.163982708463	0.0921619285774	0.743055503954	0.352137767221
0.620000123978	0.13792921739	0.0927659566573	0.685714089796	0.287410926366	0.165274777213	0.0927659566573	0.756944391879	0.346199524941
0.666253149509	0.143264662874	0.0922165812841	0.714285510204	0.289786223278	0.164402284692	0.0922165812841	0.756944391879	0.342042755344
0.652086555958	0.13792921739	0.0928270034361	0.685714089796	0.287410926366	0.165536063787	0.0928270034361	0.763888835841	0.341448931116
0.664609014988	0.13792921739	0.0918964069182	0.685714089796	0.287410926366	0.164054754669	0.0918964069182	0.763888835841	0.33432304038
0.641003012657	0.152110890082	0.0947368413382	0.77142835102	0.285035629454	0.169686307015	0.0947368413382	0.812499943576	0.320071258907
0.686541318893	0.15168361178	0.0952380944694	0.77142835102	0.282660332542	0.17064166051	0.0952380944694	0.819444387539	0.318883610451
0.622551083565	0.155122894104	0.0969551274282	0.799999771429	0.275534441805	0.1738487173	0.0969551274282	0.840277719425	0.317102137767
0.640349805355	0.149998236286	0.096877501226	0.77142835102	0.273159144893	0.173723915485	0.096877501226	0.840277719425	0.316508313539
0.744772553444	0.159338912439	0.0984126976316	0.828571191837	0.273159144893	0.176636333247	0.0984126976316	0.861111051312	0.313539192399
0.700785517693	0.153844407247	0.0998415206035	0.799999771429	0.268408551069	0.179230022337	0.0998415206035	0.874999939236	0.314726840855
0.651446700096	0.16085619966	0.0986024837065	0.857142612245	0.256532066508	0.177372490285	0.0986024837065	0.881944383198	0.300475059382
0.672422647476	0.156332514603	0.100077578743	0.828571191837	0.256532066508	0.180040059897	0.100077578743	0.895833271123	0.302256532067
0.576474905014	0.15999829904	0.0990783402529	0.857142612245	0.251781472684	0.178421440707	0.0990783402529	0.895833271123	0.294536817102
0.631151795387	0.159572771209	0.0993124514949	0.857142612245	0.249406175772	0.178938335768	0.0993124514949	0.902777715085	0.291567695962
0.686129748821	0.155078509126	0.0995440721919	0.828571191837	0.249406175772	0.179450274309	0.0995440721919	0.909722159047	0.288598574822
0.622998714447	0.155078509126	0.0995440721919	0.828571191837	0.249406175772	0.179450274309	0.0995440721919	0.909722159047	0.288598574822
0.627829015255	0.153844461317	0.0999999992424	0.828571191837	0.242280285036	0.18032609269	0.0999999992424	0.916666603009	0.287410926366
0.66373360157	0.153032616332	0.100605142961	0.828571191837	0.237529691211	0.18144433785	0.100605142961	0.923611046971	0.287410926366
0.651336967945	0.151434362785	0.102391628532	0.828571191837	0.228028503563	0.184883533175	0.102391628532	0.95138882282	0.282660332542
0.639512956142	0.151830788236	0.102391628532	0.828571191837	0.230403800475	0.184883533175	0.102391628532	0.95138882282	0.282660332542
0.673650443554	0.150647689949	0.102831593869	0.828571191837	0.223277909739	0.185731760023	0.102831593869	0.958333266782	0.281472684086
0.628475427628	0.150647689949	0.10252600221	0.828571191837	0.223277909739	0.185233150775	0.10252600221	0.958333266782	0.279097387173
0.668100893497	0.149869148106	0.102222221465	0.828571191837	0.218527315914	0.184737211459	0.102222221465	0.958333266782	0.276722090261
0.674816250801	0.149482887014	0.102297997759	0.828571191837	0.216152019002	0.184860947156	0.102297997759	0.958333266782	0.277315914489
0.696094036102	0.149098611843	0.1029629622	0.828571191837	0.21377672209	0.186075899527	0.1029629622	0.965277710745	0.277909738717
0.716571211815	0.149482887014	0.103039287598	0.828571191837	0.216152019002	0.186200531866	0.103039287598	0.965277710745	0.278503562945
0.635624527931	0.149098611843	0.103321032448	0.828571191837	0.21377672209	0.186789454938	0.103321032448	0.972222154707	0.276128266033
