loss_weights	[0.125, 0.875]
lr	5.11025671565e-06
lstm_hidden_size	80
0.677082121372	0.163634059949	0.090673573955	0.620689441142	0.562945368171	0.151841090106	0.090673573955	0.466666635556	0.535629453682
0.674759745598	0.164381248963	0.0919842300659	0.620689441142	0.565320665083	0.153674523528	0.0919842300659	0.466666635556	0.54216152019
0.704605996609	0.156679697628	0.0925925913678	0.586206694411	0.565320665083	0.154522619915	0.0925925913678	0.466666635556	0.54513064133
0.680353283882	0.158876146859	0.0899328846989	0.586206694411	0.572446555819	0.149717876922	0.0899328846989	0.446666636889	0.54809976247
0.704686403275	0.158876146859	0.0900537622305	0.586206694411	0.572446555819	0.149885347208	0.0900537622305	0.446666636889	0.548693586698
0.681986153126	0.152378557406	0.0902872764667	0.551723947681	0.577197149644	0.14982691014	0.0902872764667	0.439999970667	0.555225653207
0.705810070038	0.152378557406	0.0891632360883	0.551723947681	0.577197149644	0.147892501746	0.0891632360883	0.433333304444	0.555225653207
0.665946722031	0.14562863469	0.0912921335493	0.517241200951	0.581947743468	0.150809186859	0.0912921335493	0.433333304444	0.565320665083
0.7208096385	0.147780787732	0.0914205331727	0.517241200951	0.589073634204	0.150984343409	0.0914205331727	0.433333304444	0.565914489311
0.674571275711	0.150751263898	0.091298144204	0.517241200951	0.598574821853	0.150408373477	0.091298144204	0.426666638222	0.570665083135
0.681924521923	0.152281737782	0.091690543099	0.517241200951	0.603325415677	0.150940480765	0.091690543099	0.426666638222	0.572446555819
0.674845278263	0.15384360609	0.0907759869579	0.517241200951	0.608076009501	0.14885658738	0.0907759869579	0.413333305778	0.578978622328
0.724516749382	0.155437844816	0.0897058810337	0.517241200951	0.612826603325	0.146984987082	0.0897058810337	0.406666639556	0.579572446556
0.672726333141	0.156247419204	0.0877976177411	0.517241200951	0.615201900238	0.143549324361	0.0877976177411	0.393333307111	0.581947743468
0.731398761272	0.156247419204	0.0894187766107	0.517241200951	0.615201900238	0.146160225626	0.0894187766107	0.399999973333	0.583729216152
0.653503835201	0.153002780661	0.0877458383094	0.482758454221	0.631828978622	0.143030273812	0.0877458383094	0.386666640889	0.58729216152
0.648345351219	0.153002780661	0.0881458953169	0.482758454221	0.631828978622	0.143561329345	0.0881458953169	0.386666640889	0.589073634204
0.682876110077	0.146064671809	0.0888208255923	0.448275707491	0.638954869359	0.144455239801	0.0888208255923	0.386666640889	0.592042755344
0.703208148479	0.146889898866	0.0890937006284	0.448275707491	0.641330166271	0.14481592878	0.0890937006284	0.386666640889	0.5932304038
0.683556079865	0.137928240906	0.088785045346	0.413792960761	0.643705463183	0.143936319892	0.088785045346	0.379999974667	0.597387173397
0.697462499142	0.137928240906	0.089905361358	0.413792960761	0.643705463183	0.145405065208	0.089905361358	0.379999974667	0.602137767221
0.687168896198	0.118340338291	0.0898876390066	0.344827467301	0.646080760095	0.144886907247	0.0898876390066	0.373333308444	0.607482185273
0.745982408524	0.118340338291	0.0904684961152	0.344827467301	0.646080760095	0.145640549174	0.0904684961152	0.373333308444	0.609857482185
0.700627148151	0.119757594819	0.0907590744099	0.344827467301	0.650831353919	0.145499460821	0.0907590744099	0.366666642222	0.616389548694
0.672899186611	0.119757594819	0.0910596011414	0.344827467301	0.650831353919	0.145885403119	0.0910596011414	0.366666642222	0.61757719715
0.671558082104	0.121948293496	0.0910623930681	0.344827467301	0.657957244656	0.145353435799	0.0910623930681	0.359999976	0.622921615202
0.693170130253	0.122696446304	0.090289606639	0.344827467301	0.660332541568	0.143823077016	0.090289606639	0.353333309778	0.625296912114
0.683274269104	0.125783165293	0.0923344931649	0.344827467301	0.669833729216	0.146405550652	0.0923344931649	0.353333309778	0.633016627078
0.662174463272	0.114646655115	0.091068299631	0.310344720571	0.669833729216	0.144240806245	0.091068299631	0.346666643556	0.633610451306
0.69809794426	0.119202178932	0.090579708504	0.310344720571	0.684085510689	0.142446778109	0.090579708504	0.333333311111	0.642517814727
0.695984125137	0.119996864969	0.0912408742474	0.310344720571	0.686460807601	0.143263097262	0.0912408742474	0.333333311111	0.644893111639
0.705684781075	0.122445795815	0.0893854731958	0.310344720571	0.693586698337	0.139734573922	0.0893854731958	0.319999978667	0.649049881235
0.715936303139	0.124134713994	0.0886792436098	0.310344720571	0.698337292162	0.138231851556	0.0886792436098	0.313333312444	0.652019002375
0.684404969215	0.125870874942	0.0882917449464	0.310344720571	0.703087885986	0.137105317373	0.0882917449464	0.306666646222	0.656175771971
0.650496423244	0.125870874942	0.0868725851955	0.310344720571	0.703087885986	0.134727052422	0.0868725851955	0.29999998	0.6567695962
0.689383149147	0.128568125594	0.0894632188974	0.310344720571	0.710213776722	0.137821878147	0.0894632188974	0.29999998	0.66567695962
0.686065137386	0.129493082222	0.0878243495444	0.310344720571	0.712589073634	0.13517310077	0.0878243495444	0.293333313778	0.66567695962
0.713489890099	0.134324946621	0.0892494910903	0.310344720571	0.724465558195	0.136854894506	0.0892494910903	0.293333313778	0.670427553444
0.637372016907	0.13533491557	0.0896130327981	0.310344720571	0.726840855107	0.13728190225	0.0896130327981	0.293333313778	0.6716152019
0.705772578716	0.139531376807	0.0878661069484	0.310344720571	0.736342042755	0.133754321572	0.0878661069484	0.279999981333	0.676959619952
