loss_weights	[0.35, 0.65]
lr	1.59615155064e-06
lstm_hidden_size	80
0.773882806301	0.157744558325	0.0884820740772	0.736841911357	0.289786223278	0.159777858592	0.0884820740772	0.822694977114	0.275534441805
0.739702045918	0.152540447852	0.0888208262724	0.710526128809	0.287410926366	0.160329959648	0.0888208262724	0.822694977114	0.278503562945
0.727969646454	0.152540447852	0.0881226046887	0.710526128809	0.287410926366	0.15905771219	0.0881226046887	0.815602779035	0.277909738717
0.759749770164	0.152972574396	0.0876923070178	0.710526128809	0.289786223278	0.15822168827	0.0876923070178	0.808510580957	0.279691211401
0.736817061901	0.152972574396	0.0878274261338	0.710526128809	0.289786223278	0.15844159359	0.0878274261338	0.808510580957	0.280878859857
0.736953437328	0.153844214275	0.0873261198816	0.710526128809	0.294536817102	0.157489514959	0.0873261198816	0.801418382878	0.282066508314
0.710028648376	0.153844214275	0.0867544532397	0.710526128809	0.294536817102	0.156422803469	0.0867544532397	0.7943261848	0.282660332542
0.738153338432	0.154725844311	0.08709175671	0.710526128809	0.299287410926	0.156970886846	0.08709175671	0.7943261848	0.285629453682
0.723472118378	0.155170459464	0.0872954007226	0.710526128809	0.301662707838	0.157301584347	0.0872954007226	0.7943261848	0.287410926366
0.743289351463	0.15651976982	0.0866510531877	0.710526128809	0.308788598575	0.156116354801	0.0866510531877	0.787233986721	0.287410926366
0.731341063976	0.15651976982	0.0867187493225	0.710526128809	0.308788598575	0.156226218664	0.0867187493225	0.787233986721	0.288004750594
0.733340799809	0.156974769832	0.0861393885189	0.710526128809	0.311163895487	0.155146302775	0.0861393885189	0.780141788642	0.288598574822
0.738112509251	0.157432422909	0.0862745091273	0.710526128809	0.313539192399	0.155365436248	0.0862745091273	0.780141788642	0.289786223278
0.703468620777	0.159761308452	0.0867507879594	0.710526128809	0.32541567696	0.156137302418	0.0867507879594	0.780141788642	0.293942992874
0.773032546043	0.154300660593	0.0868192574047	0.68421034626	0.323040380048	0.156248195529	0.0868192574047	0.780141788642	0.294536817102
0.758216679096	0.154300660593	0.0864393331765	0.68421034626	0.323040380048	0.155490342745	0.0864393331765	0.773049590564	0.296912114014
0.741219818592	0.154759889481	0.0866454683097	0.68421034626	0.32541567696	0.155823774932	0.0866454683097	0.773049590564	0.298693586698
0.748290300369	0.150600373448	0.08706070218	0.657894563712	0.330166270784	0.15649494784	0.08706070218	0.773049590564	0.302256532067
0.765226006508	0.151055360237	0.0873397428899	0.657894563712	0.332541567696	0.156945617821	0.0873397428899	0.773049590564	0.304631828979
0.738523185253	0.151513104527	0.0874097827794	0.657894563712	0.334916864608	0.15705869118	0.0874097827794	0.773049590564	0.305225653207
0.746072649956	0.151513104527	0.0868865640637	0.657894563712	0.334916864608	0.156067531941	0.0868865640637	0.765957392485	0.306413301663
0.74384444952	0.151973631461	0.0856911876662	0.657894563712	0.33729216152	0.153844314588	0.0856911876662	0.751772996328	0.307600950119
0.700846493244	0.151973631461	0.0858299588192	0.657894563712	0.33729216152	0.154067925812	0.0858299588192	0.751772996328	0.308788598575
0.716158568859	0.146339405888	0.0847595755113	0.631578781163	0.334916864608	0.152044932491	0.0847595755113	0.737588600171	0.311163895487
0.715114474297	0.140670720227	0.0848287105642	0.605262998615	0.332541567696	0.152156157906	0.0848287105642	0.737588600171	0.311757719715
0.713365256786	0.141536387817	0.0848979584906	0.605262998615	0.33729216152	0.15226754617	0.0848979584906	0.737588600171	0.312351543943
0.707324504852	0.142412775768	0.0848979584906	0.605262998615	0.342042755344	0.15226754617	0.0848979584906	0.737588600171	0.312351543943
0.71459287405	0.142412775768	0.0852459009406	0.605262998615	0.342042755344	0.152826942782	0.0852459009406	0.737588600171	0.315320665083
0.73119032383	0.142855052304	0.0854560387391	0.605262998615	0.344418052257	0.153164558001	0.0854560387391	0.737588600171	0.317102137767
0.731034994125	0.143747898077	0.0842975199645	0.605262998615	0.349168646081	0.150997388103	0.0842975199645	0.723404204014	0.318883610451
0.675449490547	0.143747898077	0.0845771137266	0.605262998615	0.349168646081	0.151445784849	0.0845771137266	0.723404204014	0.321258907363
0.718935728073	0.139238381701	0.0853556478213	0.578947216067	0.353919239905	0.152692720507	0.0853556478213	0.723404204014	0.327790973872
0.725349664688	0.139238381701	0.0856423166613	0.578947216067	0.353919239905	0.153151257869	0.0856423166613	0.723404204014	0.330166270784
0.725400388241	0.1410234928	0.0852320667913	0.578947216067	0.363420427553	0.152335955391	0.0852320667913	0.716312005935	0.332541567696
0.72579818964	0.1410234928	0.0855207444071	0.578947216067	0.363420427553	0.152796881806	0.0855207444071	0.716312005935	0.334916864608
0.711979448795	0.141933323653	0.086324785587	0.578947216067	0.368171021378	0.1540789323	0.086324785587	0.716312005935	0.341448931116
0.707537055016	0.141933323653	0.0858369091344	0.578947216067	0.368171021378	0.15313742835	0.0858369091344	0.709219807857	0.3432304038
0.694274604321	0.142854970516	0.0863557850919	0.578947216067	0.372921615202	0.153962650538	0.0863557850919	0.709219807857	0.347387173397
0.702144265175	0.143788665076	0.0849956627494	0.578947216067	0.377672209026	0.151466371161	0.0849956627494	0.6950354117	0.347980997625
0.690698266029	0.144260104306	0.0856643349155	0.578947216067	0.380047505938	0.152527226781	0.0856643349155	0.6950354117	0.353325415677
