loss_weights	[0.17500000000000004, 0.825]
lr	1.53476036331e-05
lstm_hidden_size	20
0.707561194897	0.150535429433	0.0909090899368	0.599999828571	0.437054631829	0.157550974274	0.0909090899368	0.590277736786	0.460213776722
0.720796942711	0.15162233005	0.0915032669771	0.599999828571	0.441805225653	0.158189743297	0.0915032669771	0.583333292824	0.469121140143
0.701501011848	0.15217168744	0.092105262148	0.599999828571	0.444180522565	0.159088550741	0.092105262148	0.583333292824	0.472684085511
0.707895517349	0.147599215731	0.0937499989537	0.571428408163	0.451306413302	0.161536072668	0.0937499989537	0.583333292824	0.482185273159
0.682692468166	0.147599215731	0.0943820214114	0.571428408163	0.451306413302	0.162473421538	0.0943820214114	0.583333292824	0.485748218527
0.693123161793	0.141788763402	0.095622118714	0.542856987755	0.453681710214	0.164029176441	0.095622118714	0.576388848862	0.497624703088
0.71416079998	0.142319808702	0.096064813703	0.542856987755	0.456057007126	0.164680087472	0.096064813703	0.576388848862	0.5
0.666777908802	0.136879811515	0.0950704214194	0.514285567347	0.46080760095	0.162648125673	0.0950704214194	0.562499960938	0.504750593824
0.687972486019	0.138459197968	0.0956316399571	0.514285567347	0.467933491686	0.163468754041	0.0956316399571	0.562499960938	0.507719714964
0.699584901333	0.140622628518	0.0956416453312	0.514285567347	0.477434679335	0.162884066316	0.0956416453312	0.548611073013	0.517814726841
0.727670431137	0.14229009487	0.0942472448685	0.514285567347	0.484560570071	0.160247188745	0.0942472448685	0.534722185089	0.520783847981
0.687155604362	0.14399758052	0.0951188974328	0.514285567347	0.491686460808	0.161185107745	0.0951188974328	0.527777741127	0.530285035629
0.703007340431	0.145746543665	0.0948166865383	0.514285567347	0.498812351544	0.160425198269	0.0948166865383	0.520833297164	0.533847980998
0.675832509995	0.147538514217	0.0979112258758	0.514285567347	0.50593824228	0.164832497229	0.0979112258758	0.520833297164	0.548693586698
0.680173993111	0.149375098266	0.0990752959171	0.514285567347	0.513064133017	0.166478997778	0.0990752959171	0.520833297164	0.554038004751
0.704020500183	0.143457386146	0.0982503351514	0.485714146939	0.517814726841	0.164597051073	0.0982503351514	0.50694440924	0.559976247031
0.698555529118	0.143457386146	0.0986486473156	0.485714146939	0.517814726841	0.165155640132	0.0986486473156	0.50694440924	0.561757719715
0.716128110886	0.147823493806	0.0974930348539	0.485714146939	0.534441805226	0.162410206388	0.0974930348539	0.486111077353	0.571258907363
0.683087944984	0.149120195105	0.0983146053607	0.485714146939	0.53919239905	0.163548599598	0.0983146053607	0.486111077353	0.574821852732
0.687209963799	0.135743928309	0.0977011480215	0.428571306122	0.546318289786	0.161901917283	0.0977011480215	0.472222189429	0.581947743468
0.680135369301	0.138886160461	0.0978102175502	0.428571306122	0.558194774347	0.161637656302	0.0978102175502	0.465277745467	0.58729216152
0.706012487411	0.134612572635	0.0990990976111	0.399999885714	0.572446555819	0.162960035535	0.0990990976111	0.458333301505	0.597387173397
0.694130301476	0.135919496241	0.0996932500047	0.399999885714	0.577197149644	0.163313615303	0.0996932500047	0.451388857542	0.604513064133
0.655867934227	0.137252045906	0.102073363603	0.399999885714	0.581947743468	0.16601511624	0.102073363603	0.44444441358	0.618171021378
0.688294768333	0.139997098559	0.0964630209572	0.399999885714	0.591448931116	0.156654906426	0.0964630209572	0.416666637731	0.616389548694
0.680766820908	0.141411216772	0.0980066428903	0.399999885714	0.596199524941	0.158173824138	0.0980066428903	0.409722193769	0.627078384798
0.65746152401	0.142854194666	0.0989932869296	0.399999885714	0.600950118765	0.15945632066	0.0989932869296	0.409722193769	0.630641330166
0.674710631371	0.145074736026	0.101398599626	0.399999885714	0.608076009501	0.16200795534	0.101398599626	0.402777749807	0.643705463183
0.72307908535	0.145830336975	0.101063827995	0.399999885714	0.610451306413	0.161013704221	0.101063827995	0.395833305845	0.647268408551
0.648220837116	0.151348267118	0.0996376793544	0.399999885714	0.627078384798	0.158042690731	0.0996376793544	0.381944417921	0.652019002375
0.64580231905	0.15217081587	0.0992647040576	0.399999885714	0.62945368171	0.156973429795	0.0992647040576	0.374999973958	0.655581947743
0.680127978325	0.156421417622	0.100952379029	0.399999885714	0.641330166271	0.158442057981	0.100952379029	0.368055529996	0.66567695962
0.67562264204	0.156421417622	0.100192676297	0.399999885714	0.641330166271	0.156859340018	0.100192676297	0.361111086034	0.668052256532
0.660942733288	0.158188899805	0.100196461686	0.399999885714	0.646080760095	0.156198701416	0.100196461686	0.354166642072	0.672802850356
0.67394387722	0.159087704738	0.100393698811	0.399999885714	0.648456057007	0.156438271463	0.100393698811	0.354166642072	0.673396674584
0.663612544537	0.162787437192	0.103448273764	0.399999885714	0.657957244656	0.160122084612	0.103448273764	0.354166642072	0.682304038005
0.682546496391	0.165677169632	0.103658534478	0.399999885714	0.665083135392	0.160373850498	0.103658534478	0.354166642072	0.682897862233
0.671291649342	0.168671350769	0.106249997786	0.399999885714	0.672209026128	0.163457983004	0.106249997786	0.354166642072	0.690023752969
0.678953409195	0.169693606677	0.107594934439	0.399999885714	0.67458432304	0.165044964102	0.107594934439	0.354166642072	0.693586698337
0.672760367393	0.170728329185	0.106521736815	0.399999885714	0.676959619952	0.162248018918	0.106521736815	0.340277754147	0.699524940618
