loss_weights	[0.25, 0.75]
lr	2.12019946995e-06
lstm_hidden_size	20
0.807070553303	0.172091404017	0.0849967798777	0.973683954294	0.154394299287	0.155842627881	0.0849967798777	0.936170146371	0.150831353919
0.793338060379	0.172492549827	0.08510638243	0.973683954294	0.1567695962	0.156026839187	0.08510638243	0.936170146371	0.152019002375
0.788094758987	0.172492549827	0.08510638243	0.973683954294	0.1567695962	0.156026839187	0.08510638243	0.936170146371	0.152019002375
0.785687804222	0.172492549827	0.0851612897732	0.973683954294	0.1567695962	0.156119108245	0.0851612897732	0.936170146371	0.152612826603
0.802487909794	0.172492549827	0.0852713172786	0.973683954294	0.1567695962	0.156303974136	0.0852713172786	0.936170146371	0.153800475059
0.800635278225	0.172492549827	0.0854368926509	0.973683954294	0.1567695962	0.156582095332	0.0854368926509	0.936170146371	0.155581947743
0.731296002865	0.172492549827	0.0854368926509	0.973683954294	0.1567695962	0.156582095332	0.0854368926509	0.936170146371	0.155581947743
0.765487134457	0.172492549827	0.0854922274256	0.973683954294	0.1567695962	0.156675022474	0.0854922274256	0.936170146371	0.156175771971
0.816473424435	0.172492549827	0.0855476339239	0.973683954294	0.1567695962	0.15676805998	0.0855476339239	0.936170146371	0.1567695962
0.792046010494	0.172492549827	0.0857142851577	0.973683954294	0.1567695962	0.157047836658	0.0857142851577	0.936170146371	0.158551068884
0.84961861372	0.172492549827	0.0857142851577	0.973683954294	0.1567695962	0.157047836658	0.0857142851577	0.936170146371	0.158551068884
0.848966002464	0.172492549827	0.0858257471663	0.973683954294	0.1567695962	0.157234909887	0.0858257471663	0.936170146371	0.15973871734
0.818453013897	0.172492549827	0.0852309688664	0.973683954294	0.1567695962	0.156136718631	0.0852309688664	0.929077948292	0.159144893112
0.79604780674	0.172492549827	0.0852309688664	0.973683954294	0.1567695962	0.156136718631	0.0852309688664	0.929077948292	0.159144893112
0.867987155914	0.172492549827	0.0852864577781	0.973683954294	0.1567695962	0.156229823496	0.0852864577781	0.929077948292	0.15973871734
0.801882565022	0.172492549827	0.0853976526376	0.973683954294	0.1567695962	0.156416366736	0.0853976526376	0.929077948292	0.160926365796
0.795578062534	0.172492549827	0.0853976526376	0.973683954294	0.1567695962	0.156416366736	0.0853976526376	0.929077948292	0.160926365796
0.796830952168	0.172492549827	0.0854533588685	0.973683954294	0.1567695962	0.156509805509	0.0854533588685	0.929077948292	0.161520190024
0.781188011169	0.172895570152	0.085509137823	0.973683954294	0.159144893112	0.156603355985	0.085509137823	0.929077948292	0.162114014252
0.819183468819	0.172895570152	0.0855649896436	0.973683954294	0.159144893112	0.156697018363	0.0855649896436	0.929077948292	0.16270783848
0.746629595757	0.172895570152	0.0849673197061	0.973683954294	0.159144893112	0.155593904768	0.0849673197061	0.921985750214	0.162114014252
0.748440206051	0.172895570152	0.0850228902222	0.973683954294	0.159144893112	0.155687074855	0.0850228902222	0.921985750214	0.16270783848
0.778197288513	0.172895570152	0.0850228902222	0.973683954294	0.159144893112	0.155687074855	0.0850228902222	0.921985750214	0.16270783848
0.773663282394	0.172895570152	0.0844240832171	0.973683954294	0.159144893112	0.154582034256	0.0844240832171	0.914893552135	0.162114014252
0.790703952312	0.172895570152	0.0844240832171	0.973683954294	0.159144893112	0.154582034256	0.0844240832171	0.914893552135	0.162114014252
0.708719730377	0.172895570152	0.0844240832171	0.973683954294	0.159144893112	0.154582034256	0.0844240832171	0.914893552135	0.162114014252
0.775195658207	0.172895570152	0.0844240832171	0.973683954294	0.159144893112	0.154582034256	0.0844240832171	0.914893552135	0.162114014252
0.752425968647	0.169012451689	0.0844793707631	0.947368171745	0.159144893112	0.154674709421	0.0844793707631	0.914893552135	0.16270783848
0.829314768314	0.169012451689	0.0844793707631	0.947368171745	0.159144893112	0.154674709421	0.0844793707631	0.914893552135	0.16270783848
0.797933161259	0.169012451689	0.0844793707631	0.947368171745	0.159144893112	0.154674709421	0.0844793707631	0.914893552135	0.16270783848
0.725790560246	0.169012451689	0.0844793707631	0.947368171745	0.159144893112	0.154674709421	0.0844793707631	0.914893552135	0.16270783848
0.790315806866	0.169012451689	0.0840446481678	0.947368171745	0.159144893112	0.153844600903	0.0840446481678	0.907801354057	0.163895486936
0.780680418015	0.169012451689	0.0840446481678	0.947368171745	0.159144893112	0.153844600903	0.0840446481678	0.907801354057	0.163895486936
0.77964001894	0.169012451689	0.0840446481678	0.947368171745	0.159144893112	0.153844600903	0.0840446481678	0.907801354057	0.163895486936
0.787621021271	0.169012451689	0.0841551605249	0.947368171745	0.159144893112	0.154029732965	0.0841551605249	0.907801354057	0.165083135392
0.749184429646	0.169012451689	0.0841551605249	0.947368171745	0.159144893112	0.154029732965	0.0841551605249	0.907801354057	0.165083135392
0.814364612103	0.164704246272	0.0841551605249	0.921052389197	0.1567695962	0.154029732965	0.0841551605249	0.907801354057	0.165083135392
0.742349684238	0.164704246272	0.0842105257618	0.921052389197	0.1567695962	0.154122466183	0.0842105257618	0.907801354057	0.16567695962
0.741490721703	0.164704246272	0.0842105257618	0.921052389197	0.1567695962	0.154122466183	0.0842105257618	0.907801354057	0.16567695962
0.796217978001	0.164704246272	0.0842659638955	0.921052389197	0.1567695962	0.154215311128	0.0842659638955	0.907801354057	0.166270783848
