loss_weights	[0.20000000000000007, 0.7999999999999999]
lr	3.02436916127e-05
lstm_hidden_size	40
0.715436756611	0.186913788903	0.0739404862584	0.789473476454	0.380047505938	0.131197996408	0.0739404862584	0.581560242443	0.355106888361
0.675951600075	0.178215616361	0.0723004688047	0.710526128809	0.408551068884	0.12769279203	0.0723004688047	0.54609925205	0.375296912114
0.694730341434	0.180599775868	0.0717017201558	0.710526128809	0.418052256532	0.126366901847	0.0717017201558	0.531914855893	0.384204275534
0.724673032761	0.17730262012	0.0710659891262	0.657894563712	0.44893111639	0.1243317324	0.0710659891262	0.4964538655	0.414489311164
0.715606927872	0.181815786874	0.0705263150471	0.657894563712	0.465558194774	0.122820845136	0.0705263150471	0.475177271264	0.431710213777
0.772556006908	0.167297895336	0.0744444436173	0.578947216067	0.479809976247	0.128720037877	0.0744444436173	0.475177271264	0.461401425178
0.687214255333	0.154437638716	0.0751964076858	0.52631565097	0.479809976247	0.129842599552	0.0751964076858	0.475177271264	0.46674584323
0.686296403408	0.155099407291	0.0774818392557	0.499999868421	0.508313539192	0.132365655209	0.0774818392557	0.453900677028	0.501781472684
0.704196691513	0.149997322269	0.0744416864213	0.473684085873	0.515439429929	0.126713408011	0.0744416864213	0.425531884714	0.50890736342
0.682229697704	0.161432135825	0.075778077459	0.473684085873	0.555819477435	0.127270033347	0.075778077459	0.3971630924	0.543942992874
0.702555656433	0.16215931017	0.0752089126015	0.473684085873	0.558194774347	0.125724843334	0.0752089126015	0.382978696243	0.554038004751
0.690689444542	0.166663618855	0.0721966194747	0.447368303324	0.596199524941	0.118683939052	0.0721966194747	0.333333309693	0.585510688836
0.675277173519	0.169151145819	0.0743670874309	0.447368303324	0.603325415677	0.121601153958	0.0743670874309	0.333333309693	0.596793349169
0.635370492935	0.178767585344	0.0733452580797	0.421052520776	0.650831353919	0.117139636782	0.0733452580797	0.290780121221	0.633016627078
0.683546841145	0.171425152067	0.0739371520529	0.394736738227	0.655581947743	0.117298769409	0.0739371520529	0.283687923143	0.642517814727
0.682052969933	0.177211514255	0.0817204283501	0.368420955679	0.691211401425	0.125408966488	0.0817204283501	0.269503526986	0.685273159145
0.715245723724	0.166662960305	0.08053691095	0.34210517313	0.691211401425	0.122445329659	0.08053691095	0.255319130828	0.693586698337
0.701287448406	0.152773871626	0.0799999978667	0.289473608033	0.710213776722	0.116275093655	0.0799999978667	0.212765942357	0.729216152019
0.654932379723	0.159416276092	0.0819209016407	0.289473608033	0.724465558195	0.117167638383	0.0819209016407	0.205673744278	0.740498812352
0.661747932434	0.133328983474	0.0833333304398	0.210526260388	0.75296912114	0.111883693916	0.0833333304398	0.170212753886	0.773752969121
0.692224442959	0.122802551715	0.0864661621629	0.184210477839	0.762470308789	0.113017579279	0.0864661621629	0.163120555807	0.785629453682
0.695299625397	0.0799952722774	0.0945945903336	0.105263130194	0.781472684086	0.115697722118	0.0945945903336	0.14893615965	0.809382422803
0.746911585331	0.0824694444245	0.0966183528204	0.105263130194	0.788598574822	0.114937702177	0.0966183528204	0.141843961571	0.817102137767
0.701046943665	0.0941126812285	0.076470583737	0.105263130194	0.817102137767	0.0835963245667	0.076470583737	0.0921985750214	0.830760095012
0.609386980534	0.0731657409686	0.0822784758052	0.0789473476454	0.819477434679	0.0869515323714	0.0822784758052	0.0921985750214	0.837885985748
0.638123214245	0.0779170588466	0.0820895461127	0.0789473476454	0.83135391924	0.0799949977336	0.0820895461127	0.0780141788642	0.849762470309
0.662756025791	0.0799949798679	0.083969459239	0.0789473476454	0.836104513064	0.0808773540604	0.083969459239	0.0780141788642	0.851543942993
0.661357820034	0.0895473025636	0.0956521655955	0.0789473476454	0.855106888361	0.0859325451458	0.0956521655955	0.0780141788642	0.861045130641
0.656426489353	0.0937451467325	0.0925925840192	0.0789473476454	0.862232779097	0.0803163668106	0.0925925840192	0.0709219807857	0.864014251781
0.614568293095	0.0967694175062	0.0999999888889	0.0789473476454	0.866983372922	0.0779173151832	0.0999999888889	0.0638297827071	0.87351543943
0.589686214924	0.0967694175062	0.0952380839002	0.0789473476454	0.866983372922	0.0711064259868	0.0952380839002	0.0567375846285	0.875890736342
0.66646450758	0.0689609753254	0.115942012182	0.052631565097	0.871733966746	0.0761860569447	0.115942012182	0.0567375846285	0.884798099762
0.597322523594	0.0701709698102	0.102941161332	0.052631565097	0.874109263658	0.0669812498011	0.102941161332	0.04964538655	0.884204275534
0.591992199421	0.0392118727238	0.10937498291	0.0263157825485	0.883610451306	0.0682883819475	0.10937498291	0.04964538655	0.886579572447
0.633012652397	0.0399963363316	0.10937498291	0.0263157825485	0.885985748219	0.0682883819475	0.10937498291	0.04964538655	0.886579572447
0.649261593819	0.0399963363316	0.10714283801	0.0263157825485	0.885985748219	0.060909630512	0.10714283801	0.0425531884714	0.890142517815
0.580720484257	0.0399963363316	0.109090889256	0.0263157825485	0.885985748219	0.0612204464343	0.109090889256	0.0425531884714	0.890736342043
0.655637085438	0.0	0.139999972	0.0	0.885985748219	0.0732945568221	0.139999972	0.04964538655	0.894893111639
0.487576067448	0.0	0.127659547306	0.0	0.888361045131	0.0638260306637	0.127659547306	0.0425531884714	0.895486935867
0.608618617058	0.0	0.121951189768	0.0	0.897862232779	0.0549415586081	0.121951189768	0.0354609903928	0.897862232779
