loss_weights	[0.050000000000000044, 0.95]
lr	6.8497523567e-06
lstm_hidden_size	80
0.647527873516	0.178006638057	0.0854092511493	0.346938704706	0.627078384798	0.138725268369	0.0854092511493	0.369230740828	0.646080760095
0.65470123291	0.174355193769	0.083916082449	0.346938704706	0.61757719715	0.13674911509	0.083916082449	0.369230740828	0.640142517815
0.631375849247	0.172585077769	0.0834782594178	0.346938704706	0.612826603325	0.136167201072	0.0834782594178	0.369230740828	0.638361045131
0.69176363945	0.168313140458	0.0862944147835	0.346938704706	0.600950118765	0.141467220539	0.0862944147835	0.39230766213	0.63242280285
0.69373434782	0.167484006001	0.0858585844132	0.346938704706	0.598574821853	0.140881027732	0.0858585844132	0.39230766213	0.630641330166
0.662297487259	0.166663000368	0.0889621072659	0.346938704706	0.596199524941	0.146537117677	0.0889621072659	0.415384583432	0.62648456057
0.73520052433	0.166663000368	0.0898692795773	0.346938704706	0.596199524941	0.14824508437	0.0898692795773	0.423076890533	0.624703087886
0.695289075375	0.173073304901	0.0891410034175	0.367346863807	0.591448931116	0.147252810674	0.0891410034175	0.423076890533	0.621733966746
0.683651328087	0.173073304901	0.0898876390066	0.367346863807	0.591448931116	0.148735519173	0.0898876390066	0.430769197633	0.619358669834
0.725127100945	0.169807750608	0.0890302052618	0.367346863807	0.581947743468	0.147559739674	0.0890302052618	0.430769197633	0.615795724466
0.660722851753	0.169807750608	0.089905361358	0.367346863807	0.581947743468	0.14921183176	0.089905361358	0.438461504734	0.614014251781
0.669832289219	0.165134114626	0.0895061714582	0.367346863807	0.567695961995	0.149097469802	0.0895061714582	0.446153811834	0.606888361045
0.657620608807	0.167438325655	0.0889570538504	0.367346863807	0.574821852732	0.148334820075	0.0889570538504	0.446153811834	0.604513064133
0.688582479954	0.165895105937	0.0904907961581	0.367346863807	0.570071258907	0.150892364766	0.0904907961581	0.453846118935	0.605700712589
0.686151266098	0.165134114626	0.0907692293728	0.367346863807	0.567695961995	0.151279269676	0.0907692293728	0.453846118935	0.606888361045
0.669197797775	0.171942234667	0.0904907961581	0.387755022907	0.565320665083	0.150892364766	0.0904907961581	0.453846118935	0.605700712589
0.690388262272	0.171942234667	0.0904907961581	0.387755022907	0.565320665083	0.150892364766	0.0904907961581	0.453846118935	0.605700712589
0.723174095154	0.171167715758	0.0924242410239	0.387755022907	0.562945368171	0.154427626327	0.0924242410239	0.469230733136	0.603325415677
0.727219581604	0.170400143245	0.0937972754342	0.387755022907	0.560570071259	0.156760839709	0.0937972754342	0.476923040237	0.603919239905
0.70601940155	0.177774355028	0.0932330813048	0.408163182008	0.560570071259	0.15597210324	0.0932330813048	0.476923040237	0.601543942993
0.706645309925	0.176208053006	0.0917293219289	0.408163182008	0.555819477435	0.153456380034	0.0917293219289	0.469230733136	0.600356294537
0.676523268223	0.176987738729	0.0940298493428	0.408163182008	0.558194774347	0.157497274234	0.0940298493428	0.484615347337	0.599762470309
0.700535595417	0.176208053006	0.0913173639024	0.408163182008	0.555819477435	0.152879474361	0.0913173639024	0.469230733136	0.598574821853
0.668788850307	0.1834027338	0.0949554882054	0.428571341108	0.555819477435	0.159201265238	0.0949554882054	0.492307654438	0.598574821853
0.744260430336	0.179483853155	0.0942562578165	0.428571341108	0.543942992874	0.158217323452	0.0942562578165	0.492307654438	0.595605700713
0.639653325081	0.17646730357	0.0922401157798	0.428571341108	0.534441805226	0.154978859388	0.0922401157798	0.484615347337	0.592042755344
0.72150439024	0.17646730357	0.0919708015771	0.428571341108	0.534441805226	0.154598541926	0.0919708015771	0.484615347337	0.590855106888
0.697673082352	0.175728943181	0.0940665688268	0.428571341108	0.532066508314	0.158340814328	0.0940665688268	0.499999961538	0.589667458432
0.690072417259	0.175728943181	0.0945558725708	0.428571341108	0.532066508314	0.159417638962	0.0945558725708	0.507692268639	0.586698337292
0.659741640091	0.181066724303	0.0957746465384	0.448979500208	0.527315914489	0.161902141879	0.0957746465384	0.52307688284	0.581947743468
0.678752064705	0.179588622131	0.0963687137379	0.448979500208	0.522565320665	0.163117962529	0.0963687137379	0.530769189941	0.579572446556
0.697695791721	0.17813445694	0.0973574395361	0.448979500208	0.517814726841	0.164897284867	0.0973574395361	0.538461497041	0.578978622328
0.663319706917	0.17813445694	0.0969529072444	0.448979500208	0.517814726841	0.164316658993	0.0969529072444	0.538461497041	0.577197149644
0.670610547066	0.184735779799	0.0965517228062	0.469387659309	0.517814726841	0.163740107698	0.0965517228062	0.538461497041	0.57541567696
0.66607105732	0.183263775549	0.0977961419036	0.469387659309	0.513064133017	0.165885270533	0.0977961419036	0.546153804142	0.576009501188
0.681682407856	0.183263775549	0.097428956733	0.469387659309	0.513064133017	0.165705161879	0.097428956733	0.553846111243	0.569477434679
0.756416559219	0.18253653539	0.0972972959825	0.469387659309	0.510688836105	0.165514695666	0.0972972959825	0.553846111243	0.568883610451
0.711198151112	0.188232174753	0.0975609742878	0.489795818409	0.508313539192	0.165896066955	0.0975609742878	0.553846111243	0.570071258907
0.695681214333	0.187496890004	0.0969044401493	0.489795818409	0.50593824228	0.164945915127	0.0969044401493	0.553846111243	0.567102137767
0.679856657982	0.180389038115	0.0958721691628	0.469387659309	0.503562945368	0.163448104903	0.0958721691628	0.553846111243	0.562351543943
