loss_weights	[0.17500000000000004, 0.825]
lr	2.05404838647e-05
lstm_hidden_size	40
0.772022306919	0.160662927409	0.0820953863792	0.763157693906	0.280285035629	0.14788553316	0.0820953863792	0.74468079825	0.281472684086
0.729873418808	0.160456503007	0.0810810804366	0.736841911357	0.304038004751	0.145816627114	0.0810810804366	0.723404204014	0.290380047506
0.703024089336	0.161847746356	0.0794542529739	0.736841911357	0.311163895487	0.142752317126	0.0794542529739	0.702127609778	0.293942992874
0.724974513054	0.159761308452	0.0798668878547	0.710526128809	0.32541567696	0.142961633092	0.0798668878547	0.680851015542	0.316508313539
0.717599332333	0.161674620484	0.0806045333283	0.710526128809	0.334916864608	0.144142248997	0.0806045333283	0.680851015542	0.323040380048
0.700880885124	0.160491746711	0.0780701747538	0.68421034626	0.353919239905	0.138951980995	0.0780701747538	0.631205628993	0.345011876485
0.742285132408	0.155761142874	0.0774710589718	0.657894563712	0.356294536817	0.137656243557	0.0774710589718	0.617021232835	0.352731591449
0.739150166512	0.159742265439	0.076638965128	0.657894563712	0.375296912114	0.135618874328	0.076638965128	0.588652440521	0.371733966746
0.695840060711	0.162335488728	0.0777881904612	0.657894563712	0.387173396675	0.137415154342	0.0777881904612	0.588652440521	0.381235154394
0.718328297138	0.167221850344	0.0762376230075	0.657894563712	0.408551068884	0.133794546325	0.0762376230075	0.54609925205	0.407957244656
0.696719110012	0.170646195093	0.0768463066183	0.657894563712	0.422802850356	0.134730993192	0.0768463066183	0.54609925205	0.41270783848
0.711068451405	0.17793359155	0.078864352483	0.657894563712	0.451306413302	0.13736038591	0.078864352483	0.531914855893	0.440617577197
0.702594578266	0.179853742073	0.0760171298071	0.657894563712	0.458432304038	0.132090741655	0.0760171298071	0.503546063578	0.445961995249
0.69779253006	0.182507019652	0.0784753354431	0.631578781163	0.489311163895	0.13552522967	0.0784753354431	0.4964538655	0.469714964371
0.71804356575	0.18461287459	0.0760499423831	0.631578781163	0.496437054632	0.13111307875	0.0760499423831	0.475177271264	0.472684085511
0.695290744305	0.184736354611	0.0773809514598	0.605262998615	0.517814726841	0.132515374837	0.0773809514598	0.460992875107	0.494655581948
0.684442341328	0.182569942705	0.0788834941883	0.578947216067	0.532066508314	0.134712527867	0.0788834941883	0.460992875107	0.504156769596
0.70641708374	0.173910269987	0.0786082464097	0.52631565097	0.548693586698	0.13303992475	0.0786082464097	0.432624082793	0.527909738717
0.722246289253	0.176988337423	0.0802631568386	0.52631565097	0.558194774347	0.135402462428	0.0802631568386	0.432624082793	0.537410926366
0.681240439415	0.185362815516	0.0788321156375	0.499999868421	0.603325415677	0.130747770963	0.0788321156375	0.382978696243	0.573634204276
0.682888150215	0.190951664907	0.0794602686738	0.499999868421	0.61757719715	0.131185234568	0.0794602686738	0.375886498164	0.583135391924
0.701874792576	0.182792428084	0.0709677407908	0.447368303324	0.638954869359	0.115634297298	0.0709677407908	0.312056715457	0.600356294537
0.691760182381	0.178767585344	0.0713101149036	0.421052520776	0.650831353919	0.115588322828	0.0713101149036	0.304964517378	0.609263657957
0.703524887562	0.153842649846	0.0738738725428	0.34210517313	0.660332541568	0.117812857756	0.0738738725428	0.290780121221	0.63539192399
0.679303109646	0.15475838585	0.0702402944503	0.34210517313	0.66270783848	0.111433666947	0.0702402944503	0.269503526986	0.640142517815
0.660468757153	0.152862553538	0.0742971872631	0.315789390582	0.684085510689	0.115802503916	0.0742971872631	0.262411328907	0.664489311164
0.689001858234	0.155840418371	0.0748440732881	0.315789390582	0.691211401425	0.115752117382	0.0748440732881	0.255319130828	0.673396674584
0.664128601551	0.150681060335	0.0747663533933	0.289473608033	0.705463182898	0.112474299869	0.0747663533933	0.226950338514	0.700118764846
0.691982388496	0.139856218017	0.0761904743764	0.263157825485	0.70783847981	0.114078229159	0.0761904743764	0.226950338514	0.70486935867
0.646114826202	0.135334244003	0.082010579841	0.236842042936	0.726840855107	0.119456539125	0.082010579841	0.219858140436	0.728622327791
0.669881701469	0.138457380005	0.0833333310932	0.236842042936	0.733966745843	0.120853709041	0.0833333310932	0.219858140436	0.732185273159
0.697871804237	0.133328983474	0.08259586777	0.210526260388	0.75296912114	0.116662512734	0.08259586777	0.1985815462	0.748218527316
0.601105630398	0.136747727513	0.0833333307613	0.210526260388	0.760095011876	0.116124801819	0.0833333307613	0.191489348121	0.75593824228
0.646016657352	0.130836516887	0.0845070392779	0.184210477839	0.779097387173	0.112936737392	0.0845070392779	0.170212753886	0.776128266033
0.658506989479	0.137250200082	0.0830324879772	0.184210477839	0.790973871734	0.110043371098	0.0830324879772	0.163120555807	0.779097387173
0.662325382233	0.124995191155	0.0843373460105	0.157894695291	0.800475059382	0.107687685799	0.0843373460105	0.14893615965	0.793349168646
0.615830719471	0.126310963063	0.0864197495301	0.157894695291	0.802850356295	0.109370347284	0.0864197495301	0.14893615965	0.796912114014
0.6837849617	0.13332842487	0.0883720889129	0.157894695291	0.814726840855	0.106736783291	0.0883720889129	0.134751763493	0.811163895487
0.644235789776	0.134826537231	0.0825242678386	0.157894695291	0.817102137767	0.0979778789675	0.0825242678386	0.120567367336	0.814133016627
0.631076037884	0.126577253842	0.0842105218837	0.131578912742	0.836104513064	0.0966718411396	0.0842105218837	0.113475169257	0.822446555819
