loss_weights	[0.275, 0.725]
lr	3.79110547354e-05
lstm_hidden_size	20
0.74979788065	0.170664921902	0.0839363235605	0.888888641975	0.261282660333	0.152129446013	0.0839363235605	0.811188754462	0.232185273159
0.732405841351	0.170797101916	0.0848348341979	0.861110871914	0.285035629454	0.153218585925	0.0848348341979	0.79020973495	0.258313539192
0.805944561958	0.173182538953	0.0853008371264	0.861110871914	0.296912114014	0.153844380388	0.0853008371264	0.783216728446	0.268408551069
0.778908550739	0.173911164229	0.0863024537902	0.833333101852	0.323040380048	0.155047957191	0.0863024537902	0.762237708934	0.294536817102
0.715859949589	0.176468684449	0.0855999993152	0.833333101852	0.334916864608	0.153623424662	0.0855999993152	0.748251695926	0.299881235154
0.729522705078	0.179564571713	0.0850340128824	0.80555533179	0.37054631829	0.151628087239	0.0850340128824	0.699300650399	0.335510688836
0.719116389751	0.184124947968	0.0832610573872	0.80555533179	0.389548693587	0.148146182594	0.0832610573872	0.671328624383	0.344418052257
0.743607997894	0.173910913774	0.0826291072054	0.722222021605	0.413301662708	0.145693274571	0.0826291072054	0.615384572351	0.387173396675
0.686595380306	0.178080017853	0.0814956847412	0.722222021605	0.429928741093	0.143336831374	0.0814956847412	0.594405552839	0.396674584323
0.693575084209	0.188232854471	0.0839612477507	0.666666481482	0.508313539192	0.145520073358	0.0839612477507	0.545454507311	0.456057007126
0.709474384785	0.191997519391	0.0852713168851	0.666666481482	0.520190023753	0.147225170257	0.0852713168851	0.538461500807	0.470308788599
0.741311728954	0.191301690773	0.0853658526175	0.611110941358	0.558194774347	0.145376492034	0.0853658526175	0.489510455279	0.511282660333
0.668402671814	0.185838013195	0.0865139938103	0.583333171296	0.562945368171	0.146391364211	0.0865139938103	0.475524442271	0.529097387173
0.67253023386	0.172585828081	0.0889526529562	0.472222091049	0.612826603325	0.147616219017	0.0889526529562	0.433566403247	0.574821852732
0.720307409763	0.172039870562	0.0895522374694	0.444444320988	0.634204275534	0.147598573364	0.0895522374694	0.419580390239	0.588479809976
0.722509741783	0.121947778204	0.0844827571641	0.277777700617	0.657957244656	0.135543157695	0.0844827571641	0.342657318695	0.628859857482
0.653086721897	0.126578743888	0.0833333318237	0.277777700617	0.672209026128	0.132370828588	0.0833333318237	0.321678299183	0.641923990499
0.625907361507	0.12587034096	0.0851926960407	0.249999930556	0.703087885986	0.132071981867	0.0851926960407	0.293706273167	0.672209026128
0.66022670269	0.130430907486	0.0849256882181	0.249999930556	0.714964370546	0.130289582322	0.0849256882181	0.279720260159	0.682897862233
0.634274840355	0.123072899538	0.0889929721547	0.222222160494	0.729216152019	0.133329570004	0.0889929721547	0.265734247151	0.706650831354
0.646050989628	0.129028116677	0.0887290146588	0.222222160494	0.743467933492	0.132139049535	0.0887290146588	0.258741240647	0.711401425178
0.592993497849	0.141588553661	0.0899470875675	0.222222160494	0.769596199525	0.130514246532	0.0899470875675	0.237762221136	0.730997624703
0.643170714378	0.127268300979	0.0921409189122	0.194444390432	0.771971496437	0.132808469131	0.0921409189122	0.237762221136	0.736342042755
0.68119674921	0.117642468459	0.0849056577074	0.16666662037	0.78622327791	0.117132375027	0.0849056577074	0.188811175608	0.758313539192
0.615094184875	0.122444306715	0.079207918178	0.16666662037	0.795724465558	0.107618957223	0.079207918178	0.167832156096	0.763657957245
0.611192345619	0.114937651149	0.0839694624439	0.138888850309	0.817102137767	0.108637401808	0.0839694624439	0.153846143088	0.785629453682
0.630826711655	0.0941127421218	0.08399999664	0.111111080247	0.817102137767	0.10686559441	0.08399999664	0.146853136584	0.791567695962
0.649796187878	0.10525814428	0.0879629588906	0.111111080247	0.838479809976	0.105844783234	0.0879629588906	0.132867123576	0.809382422803
0.595051288605	0.10525814428	0.0900473890973	0.111111080247	0.838479809976	0.107339811413	0.0900473890973	0.132867123576	0.812351543943
0.703519284725	0.0869515062725	0.0949720617334	0.0833333101852	0.850356294537	0.105585118282	0.0949720617334	0.118881110568	0.828978622328
0.611406505108	0.0909041049536	0.0935672459902	0.0833333101852	0.857482185273	0.101905861534	0.0935672459902	0.111888104064	0.832541567696
0.558213233948	0.0952331672964	0.0821917751923	0.0833333101852	0.86460807601	0.0830399777916	0.0821917751923	0.0839160780478	0.842636579572
0.565564453602	0.0952331672964	0.0888888823045	0.0833333101852	0.86460807601	0.0863259334706	0.0888888823045	0.0839160780478	0.849168646081
0.49987706542	0.10169012375	0.0999999916667	0.0833333101852	0.874109263658	0.0912497844216	0.0999999916667	0.0839160780478	0.858076009501
0.64005625248	0.10169012375	0.101694906636	0.0833333101852	0.874109263658	0.0919490620834	0.101694906636	0.0839160780478	0.859263657957
0.556402146816	0.107138227237	0.0952380861678	0.0833333101852	0.881235154394	0.080640272473	0.0952380861678	0.0699300650399	0.86460807601
0.585506975651	0.109086347295	0.106796106136	0.0833333101852	0.883610451306	0.0894260194995	0.106796106136	0.0769230715438	0.866983372922
0.583279192448	0.0754673124618	0.126436767076	0.0555555401235	0.883610451306	0.095647462235	0.126436767076	0.0769230715438	0.87648456057
0.577505886555	0.0754673124618	0.12195120464	0.0555555401235	0.883610451306	0.0888842487352	0.12195120464	0.0699300650399	0.878266033254
0.600428044796	0.0799959362024	0.10937498291	0.0555555401235	0.890736342043	0.0676285722317	0.10937498291	0.0489510455279	0.88539192399
