loss_weights	[0.35, 0.65]
lr	0.000947724465823
lstm_hidden_size	80
0.724431931973	0.129493981464	0.0935323373778	0.461538343195	0.425178147268	0.164189990486	0.0935323373778	0.671428523469	0.431710213777
0.397345095873	0.0	0.0	0.0	0.902612826603	0.0	0.0	0.0	0.916864608076
0.350157946348	0.0	0.0	0.0	0.902612826603	0.0	0.0	0.0	0.916864608076
0.369225680828	0.0	0.333332222226	0.0	0.904988123515	0.0139856012627	0.333332222226	0.00714285663265	0.916270783848
0.213845863938	0.0	0.499997500012	0.0	0.904988123515	0.01408422734	0.499997500012	0.00714285663265	0.916864608076
0.275220692158	0.0	0.499999791667	0.0	0.893111638955	0.146338947097	0.499999791667	0.0857142795918	0.916864608076
0.477163106203	0.0	0.857141632655	0.0	0.907363420428	0.0816317349342	0.857141632655	0.0428571397959	0.919833729216
0.355340957642	0.0	0.799999466667	0.0	0.907363420428	0.154836941538	0.799999466667	0.0857142795918	0.922209026128
0.411999672651	0.0	0.684210166205	0.0	0.904988123515	0.163519887689	0.684210166205	0.0928571362245	0.921021377672
0.338487267494	0.0	0.645161082206	0.0	0.897862232779	0.233915132899	0.645161082206	0.142857132653	0.922209026128
0.580947518349	0.0	0.89999955	0.0	0.907363420428	0.224997784396	0.89999955	0.128571419388	0.926365795724
0.314321398735	0.0	0.7999998	0.0	0.895486935867	0.355552059293	0.7999998	0.228571412245	0.931116389549
0.380579292774	0.0	0.857142612245	0.0	0.900237529691	0.342853903703	0.857142612245	0.21428569898	0.931710213777
0.38878723979	0.033893812715	0.518181771074	0.0256410190664	0.86460807601	0.455995035573	0.518181771074	0.407142828061	0.919239904988
0.263264805079	0.0	0.717948533859	0.0	0.893111638955	0.312845718959	0.717948533859	0.199999985714	0.926959619952
0.472215205431	0.0350833861888	0.6097560232	0.0256410190664	0.869358669834	0.450445751205	0.6097560232	0.357142831633	0.927553444181
0.38912910223	0.0399965522932	0.728813435794	0.0256410190664	0.885985748219	0.432156589015	0.728813435794	0.307142835204	0.932897862233
0.24042981863	0.142852863645	0.749999882813	0.102564076266	0.885985748219	0.470583883161	0.749999882813	0.342857118367	0.935866983373
0.138563588262	0.0754677823283	0.723684115305	0.0512820381328	0.883610451306	0.509254651104	0.723684115305	0.392857114796	0.937054631829
0.27643096447	0.105258799808	0.630434714083	0.0769230571992	0.878859857482	0.499995170973	0.630434714083	0.414285684694	0.931116389549
0.142021119595	0.0784277433397	0.796610034473	0.0512820381328	0.888361045131	0.472357589997	0.796610034473	0.335714261735	0.937648456057
0.375137507915	0.0399965522932	0.819444330633	0.0256410190664	0.885985748219	0.556599235529	0.819444330633	0.421428541327	0.944180522565
0.257904142141	0.205877400635	0.561151038766	0.179487133465	0.871733966746	0.559134744973	0.561151038766	0.557142817347	0.926959619952
0.259124726057	0.0370330114078	0.768292589233	0.0256410190664	0.87648456057	0.567562857761	0.768292589233	0.449999967857	0.942992874109
0.162773922086	0.0399965522932	0.761904671202	0.0256410190664	0.885985748219	0.571423832947	0.761904671202	0.45714282449	0.942992874109
0.348172366619	0.0816293712232	0.862744928874	0.0512820381328	0.893111638955	0.460729021716	0.862744928874	0.314285691837	0.938836104513
0.367702275515	0.184610527935	0.64444437284	0.153846114398	0.874109263658	0.50434301857	0.64444437284	0.414285684694	0.932304038005
0.270986050367	0.0666620947547	0.717391226371	0.0512820381328	0.866983372922	0.568960682264	0.717391226371	0.471428537755	0.940617577197
0.304386258125	0.0357100451429	0.782051181788	0.0256410190664	0.871733966746	0.559628380645	0.782051181788	0.435714254592	0.942992874109
0.194761291146	0.131142886483	0.71874992513	0.102564076266	0.874109263658	0.584740886998	0.71874992513	0.492857107653	0.941805225653
0.197907030582	0.123072085394	0.71962610097	0.102564076266	0.86460807601	0.62347682018	0.71962610097	0.549999960714	0.944774346793
0.11371293664	0.0689610882715	0.742267964715	0.0512820381328	0.871733966746	0.607590050066	0.742267964715	0.514285677551	0.944774346793
0.288535565138	0.181813292139	0.678899020284	0.153846114398	0.871733966746	0.594372539839	0.678899020284	0.528571390816	0.940023752969
0.0888124480844	0.0666620947547	0.814432905729	0.0512820381328	0.866983372922	0.666661775035	0.814432905729	0.56428567398	0.953087885986
0.347701728344	0.0596966098862	0.674242373163	0.0512820381328	0.850356294537	0.654406720951	0.674242373163	0.635714240306	0.944180522565
0.0926545038819	0.176465644599	0.698529360402	0.153846114398	0.866983372922	0.688400748303	0.698529360402	0.678571380102	0.94893111639
0.21891503036	0.105258799808	0.812499915365	0.0769230571992	0.878859857482	0.66101206697	0.812499915365	0.557142817347	0.952494061758
0.272303730249	0.0634873271327	0.669291285883	0.0512820381328	0.859857482185	0.636699084049	0.669291285883	0.607142813776	0.942399049881
0.202822163701	0.0689610882715	0.79279272137	0.0512820381328	0.871733966746	0.701190230031	0.79279272137	0.628571383673	0.955463182898
0.165324032307	0.140840079523	0.708029145399	0.128205095332	0.855106888361	0.700355960885	0.708029145399	0.692857093367	0.950712589074
