loss_weights	[0.4, 0.6]
lr	0.00516742581332
lstm_hidden_size	20
0.636854410172	0.121207097441	0.0807174851696	0.122448954602	0.793349168646	0.101978344313	0.0807174851696	0.138461527811	0.811757719715
0.503428399563	0.0	0.0	0.0	0.883610451306	0.0	0.0	0.0	0.922802850356
0.309807658195	0.0	0.0	0.0	0.883610451306	0.0	0.0	0.0	0.922802850356
0.378296285868	0.0	0.0	0.0	0.883610451306	0.0	0.0	0.0	0.922802850356
0.347221940756	0.0	0.9999900001	0.0	0.883610451306	0.0152670217354	0.9999900001	0.00769230710059	0.923396674584
0.360943645239	0.0	0.999995000025	0.0	0.883610451306	0.0303027272742	0.999995000025	0.0153846142012	0.923990498812
0.160472393036	0.0	0.999995000025	0.0	0.883610451306	0.0303027272742	0.999995000025	0.0153846142012	0.923990498812
0.131824404001	0.0	0.799998400003	0.0	0.883610451306	0.0592585371815	0.799998400003	0.0307692284024	0.92458432304
0.14597812295	0.0	0.799998400003	0.0	0.883610451306	0.0592585371815	0.799998400003	0.0307692284024	0.92458432304
0.279099553823	0.0	0.999997500006	0.0	0.883610451306	0.0597009044374	0.999997500006	0.0307692284024	0.925178147268
0.257778644562	0.0	0.799998400003	0.0	0.883610451306	0.0592585371815	0.799998400003	0.0307692284024	0.92458432304
0.259094655514	0.105260707964	0.548386919875	0.0612244773011	0.878859857482	0.211176988587	0.548386919875	0.13076922071	0.92458432304
0.294664293528	0.0	0.727272066116	0.0	0.883610451306	0.113473722667	0.727272066116	0.0615384568047	0.925771971496
0.249139919877	0.075470274142	0.529411453287	0.0408163182008	0.883610451306	0.122446917521	0.529411453287	0.0692307639053	0.923396674584
0.104830108583	0.0	0.714284693879	0.0	0.881235154394	0.0729917204017	0.714284693879	0.038461535503	0.92458432304
0.20665666461	0.11320610895	0.727272066116	0.0612244773011	0.888361045131	0.113473722667	0.727272066116	0.0615384568047	0.925771971496
0.158723339438	0.105260707964	0.678571186225	0.0612244773011	0.878859857482	0.240503382506	0.678571186225	0.146153834911	0.928741092637
0.123470358551	0.111109389598	0.857142244898	0.0612244773011	0.885985748219	0.166664888135	0.857142244898	0.0923076852071	0.928741092637
0.426140367985	0.111109389598	0.777777345679	0.0612244773011	0.885985748219	0.18918702705	0.777777345679	0.107692299408	0.928741092637
0.259976029396	0.109088925652	0.673076793639	0.0612244773011	0.883610451306	0.38461126076	0.673076793639	0.269230748521	0.933491686461
0.366088360548	0.0769219600715	0.933332711112	0.0408163182008	0.885985748219	0.193101566723	0.933332711112	0.107692299408	0.930522565321
0.200707748532	0.109088925652	0.697674256355	0.0612244773011	0.883610451306	0.346817033686	0.697674256355	0.230769213018	0.932897862233
0.13205742836	0.10714063142	0.714285568513	0.0612244773011	0.881235154394	0.391057432705	0.714285568513	0.269230748521	0.935273159145
0.0976404994726	0.109088925652	0.837837611395	0.0612244773011	0.883610451306	0.371253991211	0.837837611395	0.238461520118	0.937648456057
0.176762476563	0.0999969723106	0.690476026077	0.0612244773011	0.871733966746	0.337205571971	0.690476026077	0.223076905917	0.932304038005
0.154023304582	0.140348414937	0.818181570248	0.0816326364015	0.883610451306	0.331285073613	0.818181570248	0.207692291716	0.935273159145
0.440325260162	0.111109389598	0.794871591059	0.0612244773011	0.885985748219	0.366860311648	0.794871591059	0.238461520118	0.936460807601
0.223147764802	0.145452548784	0.911764437716	0.0816326364015	0.888361045131	0.378045447678	0.911764437716	0.238461520118	0.939429928741
0.161809965968	0.203386946317	0.837837611395	0.122448954602	0.888361045131	0.371253991211	0.837837611395	0.238461520118	0.937648456057
0.202656447887	0.10714063142	0.874999726563	0.0612244773011	0.881235154394	0.345675799449	0.874999726563	0.215384598817	0.937054631829
0.16782258451	0.140348414937	0.813953299081	0.0816326364015	0.883610451306	0.404620495206	0.813953299081	0.269230748521	0.938836104513
0.165778294206	0.203386946317	0.787233875057	0.122448954602	0.888361045131	0.418075148301	0.787233875057	0.284615362722	0.938836104513
0.165120661259	0.169488652731	0.869565028355	0.102040795502	0.883610451306	0.454541541871	0.869565028355	0.307692284024	0.942992874109
0.221343204379	0.156246362386	0.648648560993	0.102040795502	0.871733966746	0.470583565982	0.648648560993	0.369230740828	0.935866983373
0.253278970718	0.175436121915	0.799999771429	0.102040795502	0.888361045131	0.339390555772	0.799999771429	0.215384598817	0.935273159145
0.190909028053	0.161286956363	0.826086776938	0.102040795502	0.87648456057	0.431814271728	0.826086776938	0.292307669822	0.940617577197
0.282239973545	0.10714063142	0.965516908442	0.0612244773011	0.881235154394	0.352198231107	0.965516908442	0.215384598817	0.938836104513
0.282219827175	0.075470274142	0.941175916955	0.0408163182008	0.883610451306	0.217684999787	0.941175916955	0.123076913609	0.931710213777
0.362729430199	0.13792836509	0.852940925606	0.0816326364015	0.881235154394	0.353655206752	0.852940925606	0.223076905917	0.937054631829
0.296321213245	0.135590359149	0.866666474074	0.0816326364015	0.878859857482	0.4457104144	0.866666474074	0.299999976923	0.942399049881
