loss_weights	[0.35, 0.65]
lr	2.54616281613e-06
lstm_hidden_size	80
0.732632279396	0.193546215829	0.0813559315139	0.78571409864	0.346793349169	0.145784010738	0.0813559315139	0.700729875859	0.331947743468
0.752125561237	0.194115470266	0.0811965805026	0.78571409864	0.349168646081	0.145369199948	0.0811965805026	0.693430606319	0.336698337292
0.740060389042	0.194688083142	0.081335615742	0.78571409864	0.351543942993	0.145591988327	0.081335615742	0.693430606319	0.337885985748
0.688042163849	0.194688083142	0.082393754706	0.78571409864	0.351543942993	0.147284920991	0.082393754706	0.693430606319	0.346793349169
0.764270544052	0.194688083142	0.082393754706	0.78571409864	0.351543942993	0.147284920991	0.082393754706	0.693430606319	0.346793349169
0.729164958	0.195843503797	0.0823838730729	0.78571409864	0.356294536817	0.147102934909	0.0823838730729	0.686131336779	0.352731591449
0.751447439194	0.195843503797	0.0826010537557	0.78571409864	0.356294536817	0.147449059999	0.0826010537557	0.686131336779	0.354513064133
0.752962708473	0.195843503797	0.082740212787	0.78571409864	0.356294536817	0.147500043431	0.082740212787	0.678832067239	0.361638954869
0.736480355263	0.19642637226	0.0823634728526	0.78571409864	0.358669833729	0.14672851391	0.0823634728526	0.671532797698	0.36460807601
0.720023036003	0.198195981952	0.0806159412988	0.78571409864	0.365795724466	0.143430749111	0.0806159412988	0.649634989078	0.368764845606
0.714784920216	0.192768862705	0.0811303547755	0.761904580499	0.363420427553	0.144244377104	0.0811303547755	0.649634989078	0.372921615202
0.716993629932	0.195119706301	0.0821791312818	0.761904580499	0.372921615202	0.145899643282	0.0821791312818	0.649634989078	0.381235154394
0.740695357323	0.195119706301	0.0822550824191	0.761904580499	0.372921615202	0.146019331463	0.0822550824191	0.649634989078	0.381828978622
0.715766727924	0.190181792717	0.0832553780799	0.738095062358	0.372921615202	0.14759334025	0.0832553780799	0.649634989078	0.389548693587
0.728928983212	0.190766968452	0.0838041423371	0.738095062358	0.375296912114	0.148455020969	0.0838041423371	0.649634989078	0.393705463183
0.722663700581	0.19135575639	0.0826996189857	0.738095062358	0.377672209026	0.14633942205	0.0826996189857	0.635036449997	0.397268408551
0.731949031353	0.186333123749	0.0832535877201	0.714285544218	0.377672209026	0.147206069941	0.0832535877201	0.635036449997	0.401425178147
0.745058178902	0.188676940813	0.0834141601997	0.714285544218	0.387173396675	0.14725820075	0.0834141601997	0.627737180457	0.408551068884
0.725727617741	0.188676940813	0.0836575867348	0.714285544218	0.387173396675	0.147637407121	0.0836575867348	0.627737180457	0.410332541568
0.712608039379	0.184711046724	0.0835791535538	0.690476026077	0.391923990499	0.147311596511	0.0835791535538	0.620437910917	0.41567695962
0.723098993301	0.185301178973	0.0839920940317	0.690476026077	0.394299287411	0.147952640363	0.0839920940317	0.620437910917	0.41864608076
0.714904248714	0.189540102981	0.0849342761887	0.690476026077	0.410926365796	0.149198570537	0.0849342761887	0.613138641377	0.431116389549
0.696672201157	0.19016154714	0.0851063821165	0.690476026077	0.413301662708	0.149464048944	0.0851063821165	0.613138641377	0.432304038005
0.698373377323	0.191416741308	0.0841889108399	0.690476026077	0.418052256532	0.147612596722	0.0841889108399	0.598540102296	0.437648456057
0.710941851139	0.191416741308	0.0830737270709	0.690476026077	0.418052256532	0.145452362165	0.0830737270709	0.583941563216	0.441805225653
0.734377801418	0.193977505427	0.0845665953006	0.690476026077	0.427553444181	0.147735552809	0.0845665953006	0.583941563216	0.45190023753
0.705648899078	0.194628437938	0.0848356300654	0.690476026077	0.429928741093	0.148145930228	0.0848356300654	0.583941563216	0.453681710214
0.707043766975	0.197949749008	0.0843243234127	0.690476026077	0.441805225653	0.146890405427	0.0843243234127	0.569343024136	0.461995249406
0.713092386723	0.192437379373	0.0847826077741	0.666666507937	0.441805225653	0.147585252812	0.0847826077741	0.569343024136	0.464964370546
0.693671047688	0.197180564404	0.0846153836855	0.666666507937	0.458432304038	0.147084637654	0.0846153836855	0.562043754595	0.469714964371
0.718758761883	0.197877317017	0.0851769902082	0.666666507937	0.46080760095	0.147932389696	0.0851769902082	0.562043754595	0.473277909739
0.700587332249	0.199285699555	0.0850111847314	0.666666507937	0.465558194774	0.14742737263	0.0850111847314	0.554744485055	0.478028503563
0.726308465004	0.199997435746	0.0844594585083	0.666666507937	0.467933491686	0.146339144717	0.0844594585083	0.547445215515	0.480403800475
0.702973008156	0.199259358703	0.0847651765777	0.642856989796	0.484560570071	0.146532305713	0.0847651765777	0.540145945975	0.488123515439
0.7257412076	0.200740844412	0.0846867739596	0.642856989796	0.489311163895	0.146143776648	0.0846867739596	0.532846676435	0.493467933492
0.695591628551	0.204542763464	0.0840236676447	0.642856989796	0.501187648456	0.144600447462	0.0840236676447	0.518248137354	0.501187648456
0.714160144329	0.208491475117	0.0840236676447	0.642856989796	0.513064133017	0.144600447462	0.0840236676447	0.518248137354	0.501187648456
0.699600279331	0.202331880307	0.0856453548173	0.619047471655	0.513064133017	0.146995492434	0.0856453548173	0.518248137354	0.510688836105
0.694462239742	0.202331880307	0.0865853647977	0.619047471655	0.513064133017	0.148377898974	0.0865853647977	0.518248137354	0.516033254157
0.698758065701	0.203918801113	0.0883084566131	0.619047471655	0.517814726841	0.150900803333	0.0883084566131	0.518248137354	0.525534441805
