loss_weights	[0.17500000000000004, 0.825]
lr	1.5176175972e-05
lstm_hidden_size	60
0.675700008869	0.1991312622	0.0986486473156	0.560975472933	0.560570071259	0.166284362774	0.0986486473156	0.528985468914	0.565320665083
0.692854702473	0.201751418556	0.0983146053607	0.560975472933	0.567695961995	0.164703158633	0.0983146053607	0.507246340055	0.5783847981
0.694279253483	0.195552557872	0.0982905968904	0.536585234979	0.570071258907	0.164282964502	0.0982905968904	0.499999963768	0.583135391924
0.705224573612	0.187790300917	0.0998509672153	0.487804759072	0.589073634204	0.165633754672	0.0998509672153	0.485507211195	0.599168646081
0.662438333035	0.190473029983	0.0969696955005	0.487804759072	0.596199524941	0.160398138002	0.0969696955005	0.463768082336	0.602137767221
0.67995852232	0.180901232856	0.0920840049744	0.439024283165	0.612826603325	0.150591466548	0.0920840049744	0.41304344833	0.618171021378
0.670426309109	0.182737802115	0.0916530263232	0.439024283165	0.61757719715	0.149529700364	0.0916530263232	0.405797072044	0.621733966746
0.71965020895	0.18279224252	0.090289606639	0.414634045211	0.638954869359	0.14620381031	0.090289606639	0.384057943184	0.63242280285
0.681778967381	0.174859891974	0.0899470883607	0.390243807258	0.641330166271	0.144677698454	0.0899470883607	0.369565190611	0.641923990499
0.65341168642	0.177511097026	0.0869565200953	0.365853569304	0.669833729216	0.137927748618	0.0869565200953	0.333333309179	0.658551068884
0.65975612402	0.178567717621	0.0863723591867	0.365853569304	0.672209026128	0.136567246264	0.0863723591867	0.326086932892	0.662114014252
0.710081219673	0.179483281642	0.0845665944066	0.34146333135	0.695961995249	0.130929395761	0.0845665944066	0.28985505146	0.684679334917
0.65208542347	0.181814251222	0.0824294992965	0.34146333135	0.700712589074	0.126874579936	0.0824294992965	0.275362298887	0.689429928741
0.707859516144	0.186662669418	0.0877598132157	0.34146333135	0.710213776722	0.133096154879	0.0877598132157	0.275362298887	0.706057007126
0.631928563118	0.191776756512	0.0857142836735	0.34146333135	0.719714964371	0.129028530573	0.0857142836735	0.260869546314	0.711401425178
0.681740581989	0.191172230845	0.0818414301319	0.317073093397	0.738717339667	0.120979125984	0.0818414301319	0.231884041168	0.723871733967
0.644831776619	0.195484427703	0.0844327154503	0.317073093397	0.745843230404	0.123787184332	0.0844327154503	0.231884041168	0.730997624703
0.593831717968	0.17599556363	0.0811594179374	0.26829261749	0.755344418052	0.115937942696	0.0811594179374	0.202898536022	0.746437054632
0.690994024277	0.1788573152	0.0801186919846	0.26829261749	0.760095011876	0.113680083474	0.0801186919846	0.195652159735	0.75
0.659104287624	0.192977816361	0.0873786379489	0.26829261749	0.781472684086	0.120801095597	0.0873786379489	0.195652159735	0.766627078385
0.688337683678	0.165132891304	0.0894039705495	0.219512141582	0.783847980998	0.122722961928	0.0894039705495	0.195652159735	0.770783847981
0.64875805378	0.150938624214	0.0912280669745	0.195121903629	0.78622327791	0.122927040268	0.0912280669745	0.188405783449	0.779691211401
0.615222275257	0.150938624214	0.090252704323	0.195121903629	0.78622327791	0.120477482991	0.090252704323	0.181159407162	0.78325415677
0.708765804768	0.119995138195	0.0826771620993	0.146341427722	0.790973871734	0.107138289709	0.0826771620993	0.152173902016	0.79216152019
0.698874533176	0.119995138195	0.0860655702432	0.146341427722	0.790973871734	0.109943023411	0.0860655702432	0.152173902016	0.79809976247
0.649246573448	0.129027300454	0.0840707927402	0.146341427722	0.807600950119	0.104390891107	0.0840707927402	0.137681149443	0.806413301663
0.670628249645	0.130429813514	0.0829493049332	0.146341427722	0.809976247031	0.101403692823	0.0829493049332	0.130434773157	0.810570071259
0.642465591431	0.133328343394	0.0891089064798	0.146341427722	0.814726840855	0.105877524095	0.0891089064798	0.130434773157	0.819477434679
0.657818615437	0.133328343394	0.0909090863177	0.146341427722	0.814726840855	0.107138010423	0.0909090863177	0.130434773157	0.821852731591
0.566013395786	0.139529862266	0.0928961697871	0.146341427722	0.824228028504	0.105914095005	0.0928961697871	0.12318839687	0.829572446556
0.677748024464	0.142852111853	0.092485543787	0.146341427722	0.828978622328	0.102888947622	0.092485543787	0.115942020584	0.83432304038
0.625795006752	0.123451760605	0.0931676960765	0.121951189768	0.83135391924	0.100329471281	0.0931676960765	0.108695644297	0.84026128266
0.628205776215	0.124994972075	0.0993377417657	0.121951189768	0.833729216152	0.103801231547	0.0993377417657	0.108695644297	0.846199524941
0.629684507847	0.102559089657	0.0992907730999	0.0975609518144	0.833729216152	0.100353416572	0.0992907730999	0.101449268011	0.850950118765
0.578868329525	0.103891098232	0.0888888823045	0.0975609518144	0.836104513064	0.0879070823597	0.0888888823045	0.0869565154379	0.852137767221
0.664028763771	0.0555506370068	0.0819672063961	0.0487804759072	0.838479809976	0.0769180902633	0.0819672063961	0.0724637628649	0.857482185273
0.630113482475	0.0555506370068	0.0862068891201	0.0487804759072	0.838479809976	0.0787351891031	0.0862068891201	0.0724637628649	0.861045130641
0.625579595566	0.0302983156985	0.0825687997643	0.0243902379536	0.847980997625	0.0728695572842	0.0825687997643	0.0652173865785	0.864014251781
0.529214382172	0.0307645640184	0.0849056523674	0.0243902379536	0.850356294537	0.0737655720822	0.0849056523674	0.0652173865785	0.865795724466
0.579662740231	0.0317414770928	0.0612244835485	0.0243902379536	0.855106888361	0.0508425974187	0.0612244835485	0.043478257719	0.866983372922
