loss_weights	[0.25, 0.75]
lr	0.00726118198612
lstm_hidden_size	80
0.70056438446	0.10837199549	0.0944527721971	0.392857002551	0.570071258907	0.154031215708	0.0944527721971	0.417218515416	0.589073634204
0.207739874721	0.0	0.249999375002	0.0	0.931116389549	0.0129027213504	0.249999375002	0.00662251611771	0.909144893112
0.632226347923	0.0	0.0	0.0	0.931116389549	0.0	0.0	0.0	0.910332541568
0.447529315948	0.0	0.319444400077	0.0	0.897862232779	0.206273635999	0.319444400077	0.152317870707	0.894893111639
0.462184041739	0.105258122737	0.309090880992	0.107142818878	0.878859857482	0.260531501978	0.309090880992	0.225165548002	0.88539192399
0.352581858635	0.0	0.527777631173	0.0	0.926365795724	0.203205425424	0.527777631173	0.125827806237	0.911520190024
0.40580740571	0.0	0.357798132312	0.0	0.878859857482	0.299995107475	0.357798132312	0.258278128591	0.891923990499
0.471294820309	0.0357092736591	0.393700756402	0.0357142729592	0.871733966746	0.359707241671	0.393700756402	0.331125805886	0.894299287411
0.402501732111	0.0487761336378	0.590163837678	0.0357142729592	0.907363420428	0.33961851064	0.590163837678	0.238410580238	0.916864608076
0.223616719246	0.0799950403035	0.535211192224	0.0714285459184	0.890736342043	0.342337960854	0.535211192224	0.251655612473	0.913301662708
0.270552098751	0.0740690538345	0.450450409869	0.0714285459184	0.881235154394	0.381674476783	0.450450409869	0.331125805886	0.903800475059
0.431922614574	0.0327819088414	0.368055529996	0.0357142729592	0.859857482185	0.359317012422	0.368055529996	0.350993354239	0.887767220903
0.37941378355	0.135588187486	0.419354804891	0.142857091837	0.878859857482	0.378176838941	0.419354804891	0.344370838121	0.898456057007
0.382922083139	0.0	0.520547873898	0.0	0.902612826603	0.339281290315	0.520547873898	0.251655612473	0.912114014252
0.517456889153	0.039995056607	0.436619687562	0.0357142729592	0.885985748219	0.423203167015	0.436619687562	0.410595999298	0.899643705463
0.584008872509	0.102559474237	0.313084097519	0.142857091837	0.833729216152	0.367118416578	0.313084097519	0.443708579887	0.862826603325
0.340928256512	0.107137819111	0.442477836949	0.107142818878	0.881235154394	0.378782953748	0.442477836949	0.331125805886	0.902612826603
0.560975193977	0.117642060954	0.57777771358	0.107142818878	0.893111638955	0.431530554277	0.57777771358	0.344370838121	0.91864608076
0.319335758686	0.0655687829614	0.406976720525	0.0714285459184	0.86460807601	0.433431526862	0.406976720525	0.46357612824	0.891330166271
0.320203006268	0.0983556573322	0.465116243014	0.107142818878	0.869358669834	0.428566428884	0.465116243014	0.397350967063	0.904988123515
0.351607054472	0.0895473471121	0.510489474791	0.107142818878	0.855106888361	0.496593609426	0.510489474791	0.483443676593	0.912114014252
0.384518265724	0.108103374931	0.497326176614	0.142857091837	0.8432304038	0.550290882191	0.497326176614	0.615893998947	0.90973871734
0.115930020809	0.0888841483965	0.733333251852	0.0714285459184	0.902612826603	0.547713117238	0.733333251852	0.437086063769	0.935273159145
0.25381809473	0.113202520689	0.578571387245	0.107142818878	0.888361045131	0.556695999856	0.578571387245	0.536423805535	0.923396674584
0.19402384758	0.105258122737	0.535294086159	0.107142818878	0.878859857482	0.566973175382	0.535294086159	0.602648966712	0.917458432304
0.250360757113	0.0869516742854	0.441176452051	0.107142818878	0.850356294537	0.539840980738	0.441176452051	0.69536419236	0.893705463183
0.348280459642	0.12307198126	0.539999964	0.142857091837	0.86460807601	0.538200944407	0.539999964	0.536423805535	0.917458432304
0.431917905807	0.0857094614932	0.427230026891	0.107142818878	0.847980997625	0.499995117636	0.427230026891	0.602648966712	0.891923990499
0.275471389294	0.129027263458	0.577181169317	0.142857091837	0.871733966746	0.573328295377	0.577181169317	0.569536386123	0.923990498812
0.265640497208	0.0425483572675	0.682926773746	0.0357142729592	0.893111638955	0.61313369363	0.682926773746	0.556291353888	0.937054631829
0.435097128153	0.121207199462	0.554404116352	0.142857091837	0.862232779097	0.62208806166	0.554404116352	0.708609224595	0.922802850356
0.175047546625	0.21817674061	0.656488499505	0.214285637755	0.897862232779	0.609924059947	0.656488499505	0.569536386123	0.934679334917
0.124522224069	0.16128531753	0.575949330636	0.178571364796	0.87648456057	0.58899172824	0.575949330636	0.602648966712	0.92458432304
0.277139216661	0.149248821722	0.528497381943	0.178571364796	0.86460807601	0.59301829591	0.528497381943	0.675496644007	0.916864608076
0.34765663743	0.135130394612	0.447368401431	0.178571364796	0.847980997625	0.538253753219	0.447368401431	0.675496644007	0.896080760095
0.158197715878	0.109085871303	0.621951181588	0.107142818878	0.883610451306	0.647614015055	0.621951181588	0.675496644007	0.934085510689
0.199962705374	0.142852302202	0.59203977154	0.178571364796	0.857482185273	0.67613142614	0.59203977154	0.788079418008	0.932304038005
0.15627206862	0.121207199462	0.510460229688	0.142857091837	0.862232779097	0.625636248162	0.510460229688	0.807946966361	0.913301662708
0.131044864655	0.151510220543	0.611398932052	0.178571364796	0.866983372922	0.68604154631	0.611398932052	0.78145690189	0.935866983373
0.226792871952	0.106661959316	0.577889418197	0.142857091837	0.840855106888	0.657137913669	0.577889418197	0.761589353537	0.928741092637
