loss_weights	[0.4, 0.6]
lr	0.00276451196062
lstm_hidden_size	40
0.742730915546	0.18775224594	0.0762016403728	0.547618917234	0.527315914489	0.131310744029	0.0762016403728	0.474452520113	0.489311163895
0.21911123395	0.0	0.0	0.0	0.900237529691	0.0	0.0	0.0	0.91864608076
0.312332361937	0.0	0.0	0.0	0.895486935867	0.0	0.0	0.0	0.91864608076
0.325806081295	0.0	0.399999200002	0.0	0.900237529691	0.0281683307035	0.399999200002	0.0145985390804	0.918052256532
0.401816546917	0.0	0.0	0.0	0.900237529691	0.0	0.0	0.0	0.91864608076
0.169322028756	0.0465111519743	0.999998000004	0.0238095181406	0.902612826603	0.0704218458693	0.999998000004	0.036496347701	0.9216152019
0.488933682442	0.0	0.999996666678	0.0	0.900237529691	0.0428567173497	0.999996666678	0.0218978086206	0.920427553444
0.21552541852	0.0	0.74999953125	0.0	0.900237529691	0.156860851831	0.74999953125	0.0875912344824	0.923396674584
0.425264567137	0.0444431802784	0.736841717452	0.0238095181406	0.897862232779	0.179485017283	0.736841717452	0.102189773563	0.923990498812
0.300245910883	0.0425512721511	0.703703443073	0.0238095181406	0.893111638955	0.231704538253	0.703703443073	0.138686121264	0.925178147268
0.407485514879	0.0444431802784	0.833332870371	0.0238095181406	0.897862232779	0.193546309282	0.833332870371	0.109489043103	0.925771971496
0.296275109053	0.0425512721511	0.585365710886	0.0238095181406	0.893111638955	0.269659345457	0.585365710886	0.175182468965	0.922802850356
0.249661639333	0.0434766541193	0.689654934602	0.0238095181406	0.895486935867	0.240960942841	0.689654934602	0.145985390804	0.925178147268
0.228983655572	0.0833311111662	0.777777489712	0.0476190362812	0.895486935867	0.256094779178	0.777777489712	0.153284660344	0.927553444181
0.306046068668	0.0816301708336	0.65957432775	0.0476190362812	0.893111638955	0.336952681399	0.65957432775	0.226277355746	0.927553444181
0.220772370696	0.0454536570376	0.694444251543	0.0238095181406	0.900237529691	0.289014011865	0.694444251543	0.182481738505	0.926959619952
0.248818948865	0.145450882733	0.614034979994	0.0952380725624	0.888361045131	0.360820555367	0.614034979994	0.255474433907	0.926365795724
0.212083876133	0.0869548960563	0.77499980625	0.0476190362812	0.900237529691	0.350278947974	0.77499980625	0.226277355746	0.931710213777
0.255999356508	0.142853341934	0.677965986785	0.0952380725624	0.885985748219	0.408159015558	0.677965986785	0.291970781608	0.931116389549
0.296607941389	0.0784284353233	0.67441844781	0.0476190362812	0.888361045131	0.322218550041	0.67441844781	0.211678816666	0.927553444181
0.241207957268	0.210522363875	0.605263078255	0.142857108844	0.893111638955	0.431920252203	0.605263078255	0.335766398849	0.928147268409
0.121206447482	0.0869548960563	0.72727261708	0.0476190362812	0.900237529691	0.472901969028	0.72727261708	0.35036493793	0.936460807601
0.407631248236	0.163262790539	0.680555461034	0.0952380725624	0.902612826603	0.468894960324	0.680555461034	0.35766420747	0.934085510689
0.401921480894	0.148144636568	0.777777654321	0.0952380725624	0.890736342043	0.489995635538	0.777777654321	0.35766420747	0.939429928741
0.0911716595292	0.169487365798	0.622641450694	0.119047590703	0.883610451306	0.543204913252	0.622641450694	0.481751789653	0.934085510689
0.236971005797	0.0624954690754	0.467213076458	0.0476190362812	0.857482185273	0.440149422993	0.467213076458	0.416058363791	0.913895486936
0.36880466342	0.0833311111662	0.736841975993	0.0476190362812	0.895486935867	0.432985496373	0.736841975993	0.306569320688	0.934679334917
0.261357247829	0.113204215117	0.773333230222	0.0714285544218	0.888361045131	0.547165187382	0.773333230222	0.423357633332	0.942992874109
0.178612902761	0.142853341934	0.677419281998	0.0952380725624	0.885985748219	0.547821222349	0.677419281998	0.459853981033	0.938242280285
0.29492521286	0.0754683803486	0.811320601638	0.0476190362812	0.883610451306	0.452627508623	0.811320601638	0.313868590229	0.938242280285
0.219112753868	0.109087259623	0.821428424745	0.0714285544218	0.883610451306	0.476679769157	0.821428424745	0.335766398849	0.940023752969
0.169231846929	0.107139069008	0.819671996775	0.0714285544218	0.881235154394	0.505046190731	0.819671996775	0.36496347701	0.941805225653
0.227226257324	0.0769199409524	0.927272558678	0.0476190362812	0.885985748219	0.531245856694	0.927272558678	0.37226274655	0.946555819477
0.0625504925847	0.109087259623	0.887323818687	0.0714285544218	0.883610451306	0.605764675976	0.887323818687	0.459853981033	0.951306413302
0.1473659724	0.124997760453	0.888888765432	0.0714285544218	0.900237529691	0.612435616434	0.888888765432	0.467153250573	0.95190023753
0.221426159143	0.115381464579	0.811764610381	0.0714285544218	0.890736342043	0.621616839984	0.811764610381	0.503649598274	0.950118764846
0.208839908242	0.109087259623	0.636363572084	0.0714285544218	0.883610451306	0.533893389516	0.636363572084	0.459853981033	0.934679334917
0.292876690626	0.203385659375	0.666666594982	0.142857108844	0.888361045131	0.539125570931	0.666666594982	0.452554711492	0.937054631829
0.201442807913	0.148144636568	0.836065436711	0.0952380725624	0.890736342043	0.515147199811	0.836065436711	0.37226274655	0.942992874109
0.234976738691	0.0784284353233	0.818181694215	0.0476190362812	0.888361045131	0.532015263692	0.818181694215	0.394160555171	0.943586698337
