loss_weights	[0.30000000000000004, 0.7]
lr	0.00654205676289
lstm_hidden_size	40
0.76958501339	0.176868336142	0.0822179724453	0.634146186794	0.425178147268	0.145268208461	0.0822179724453	0.623188360639	0.399049881235
0.659483790398	0.0	0.0	0.0	0.900237529691	0.0	0.0	0.0	0.916864608076
0.482728004456	0.0	0.0	0.0	0.900237529691	0.0	0.0	0.0	0.917458432304
0.201087757945	0.0454532541644	0.545454049587	0.0243902379536	0.900237529691	0.0805355344576	0.545454049587	0.043478257719	0.91864608076
0.36237347126	0.0	0.428570816327	0.0	0.897862232779	0.0413783857506	0.428570816327	0.0217391288595	0.917458432304
0.495315074921	0.0869545463543	0.624999609375	0.0487804759072	0.900237529691	0.129868250996	0.624999609375	0.0724637628649	0.920427553444
0.34453779459	0.040813577857	0.583333090278	0.0243902379536	0.888361045131	0.172836960865	0.583333090278	0.101449268011	0.920427553444
0.528900206089	0.109087074511	0.512194997026	0.0731707138608	0.883610451306	0.23463331362	0.512194997026	0.152173902016	0.91864608076
0.354359894991	0.0444428049943	0.916665902778	0.0243902379536	0.897862232779	0.146665175125	0.916665902778	0.0797101391514	0.923990498812
0.318356186152	0.0937453664368	0.424999946875	0.0731707138608	0.862232779097	0.311921930883	0.424999946875	0.246376793741	0.910926365796
0.128134414554	0.0869545463543	0.59999976	0.0487804759072	0.900237529691	0.184046460196	0.59999976	0.108695644297	0.921021377672
0.637904286385	0.0384581881578	0.585365710886	0.0243902379536	0.881235154394	0.268152862941	0.585365710886	0.173913030876	0.922209026128
0.256628662348	0.219173098253	0.469135744551	0.195121903629	0.86460807601	0.347027270553	0.469135744551	0.275362298887	0.915083135392
0.225622832775	0.0784281892833	0.58695639414	0.0487804759072	0.888361045131	0.293474479017	0.58695639414	0.195652159735	0.922802850356
0.230739116669	0.0740703911259	0.373493930904	0.0487804759072	0.881235154394	0.280538270794	0.373493930904	0.224637664881	0.905581947743
0.193781033158	0.0784281892833	0.508196638001	0.0487804759072	0.888361045131	0.311553506282	0.508196638001	0.224637664881	0.91864608076
0.326427161694	0.0655693418707	0.532467463316	0.0487804759072	0.86460807601	0.381390715902	0.532467463316	0.297101427746	0.921021377672
0.377621352673	0.188230256188	0.339506151882	0.195121903629	0.836104513064	0.36666167429	0.339506151882	0.398550695757	0.887173396675
0.232461795211	0.0615337849677	0.485436846074	0.0487804759072	0.855106888361	0.414932830415	0.485436846074	0.362318814325	0.916270783848
0.55287104845	0.202526601629	0.51282046899	0.195121903629	0.850356294537	0.470583232348	0.51282046899	0.43478257719	0.919833729216
0.171315684915	0.0666623169472	0.583333263889	0.0487804759072	0.866983372922	0.441436697558	0.583333263889	0.355072438038	0.926365795724
0.591024041176	0.0370333679867	0.576086893904	0.0243902379536	0.87648456057	0.460864725192	0.576086893904	0.384057943184	0.926365795724
0.257652878761	0.0983562162681	0.687499892578	0.0731707138608	0.869358669834	0.435639192279	0.687499892578	0.318840556606	0.932304038005
0.250158727169	0.0740703911259	0.846153683432	0.0487804759072	0.881235154394	0.463153870394	0.846153683432	0.318840556606	0.939429928741
0.128551840782	0.0714246239391	0.759999848	0.0487804759072	0.87648456057	0.404251371699	0.759999848	0.275362298887	0.933491686461
0.346051305532	0.0344786033511	0.645569538536	0.0243902379536	0.866983372922	0.470041409292	0.645569538536	0.369565190611	0.931710213777
0.246713936329	0.0882304803635	0.580952325624	0.0731707138608	0.852731591449	0.502052664107	0.580952325624	0.442028953476	0.928147268409
0.240011140704	0.151893703096	0.59842514973	0.146341427722	0.840855106888	0.57357987103	0.59842514973	0.550724597774	0.932897862233
0.27436953783	0.0377323321147	0.791666501736	0.0243902379536	0.878859857482	0.408598277293	0.791666501736	0.275362298887	0.934679334917
0.322633296251	0.0357103511952	0.799999893333	0.0243902379536	0.871733966746	0.563375666241	0.799999893333	0.43478257719	0.944774346793
0.253230154514	0.114280828777	0.679611584504	0.0975609518144	0.852731591449	0.580907920359	0.679611584504	0.507246340055	0.940023752969
0.230470523238	0.0327824676708	0.746478768102	0.0243902379536	0.859857482185	0.507172498838	0.746478768102	0.384057943184	0.938836104513
0.145400047302	0.0810761179052	0.657407346536	0.0731707138608	0.838479809976	0.577230799831	0.657407346536	0.514492716341	0.938242280285
0.198612675071	0.135588662892	0.384030403649	0.195121903629	0.757719714964	0.503736109144	0.384030403649	0.731884004936	0.881828978622
0.0984668955207	0.0302983156985	0.694444347994	0.0243902379536	0.847980997625	0.476185924759	0.694444347994	0.362318814325	0.934679334917
0.483351498842	0.117642236354	0.63492058453	0.0975609518144	0.857482185273	0.606055570519	0.63492058453	0.57971010292	0.938242280285
0.239906534553	0.1263108567	0.486187818443	0.146341427722	0.802850356295	0.551719194234	0.486187818443	0.637681113212	0.915083135392
0.128318578005	0.0606013364534	0.739583256293	0.0487804759072	0.852731591449	0.606832716088	0.739583256293	0.514492716341	0.945368171021
0.177469283342	0.0555506370068	0.666666613757	0.0487804759072	0.838479809976	0.636358598524	0.666666613757	0.608695608066	0.942992874109
0.174984440207	0.0302983156985	0.694915195346	0.0243902379536	0.847980997625	0.640619980507	0.694915195346	0.594202855493	0.945368171021
