loss_weights	[0.07500000000000007, 0.9249999999999999]
lr	0.00524888840232
lstm_hidden_size	40
0.691404163837	0.158161673016	0.0889978970638	0.911764437716	0.216152019002	0.161575931482	0.0889978970638	0.875862008561	0.217339667458
0.732533097267	0.186664084578	0.138814014302	0.617646877163	0.565320665083	0.232240777287	0.138814014302	0.710344778597	0.595605700713
0.677250146866	0.147724138753	0.172211346923	0.38235282872	0.643705463183	0.268289231203	0.172211346923	0.606896509869	0.714964370546
0.60671454668	0.198344675939	0.153246751257	0.705882145329	0.53919239905	0.257920824513	0.153246751257	0.813793047325	0.596793349169
0.660223245621	0.191232702366	0.145857641239	0.705882145329	0.517814726841	0.24949851766	0.145857641239	0.862068906064	0.553444180523
0.672679185867	0.166663418429	0.214428853418	0.411764584775	0.667458432304	0.332294637155	0.214428853418	0.737930983591	0.744655581948
0.458407640457	0.172246063091	0.181543113744	0.529411608997	0.589073634204	0.297763791291	0.181543113744	0.827586149822	0.663895486936
0.397862434387	0.170209082116	0.251231520906	0.352941072664	0.722090261283	0.37023204315	0.251231520906	0.703448227348	0.793942992874
0.793434202671	0.176792509438	0.207692303698	0.470588096886	0.646080760095	0.324808610313	0.207692303698	0.744827534839	0.733372921615
0.463452637196	0.182689555329	0.184638106578	0.558823365052	0.596199524941	0.304133340021	0.184638106578	0.862068906064	0.660332541568
0.525968968868	0.184736582988	0.167290884303	0.676470389273	0.517814726841	0.283295495623	0.167290884303	0.924137867301	0.597387173397
0.548334538937	0.183572116076	0.185074624103	0.558823365052	0.598574821853	0.304291545875	0.185074624103	0.855172354816	0.663301662708
0.407191932201	0.171943082285	0.178666664284	0.558823365052	0.565320665083	0.299438618844	0.178666664284	0.924137867301	0.627672209026
0.426198542118	0.195399132036	0.226562495575	0.499999852941	0.667458432304	0.353116792983	0.226562495575	0.799999944828	0.747624703088
0.695274233818	0.189051896777	0.223367693757	0.558823365052	0.612826603325	0.357630909591	0.223367693757	0.896551662307	0.722684085511
0.428431451321	0.209146842724	0.260579058784	0.470588096886	0.712589073634	0.393935690327	0.260579058784	0.806896496076	0.78622327791
0.411453694105	0.190472608701	0.264150937166	0.411764584775	0.717339667458	0.393669299057	0.264150937166	0.772413739834	0.79513064133
0.476124644279	0.222218246479	0.289693585245	0.411764584775	0.767220902613	0.412694297801	0.289693585245	0.717241329845	0.824228028504
2.54711413383	0.191613500718	0.247544199459	0.470588096886	0.679334916865	0.385317638043	0.247544199459	0.868965457313	0.761282660333
0.490824222565	0.222219010339	0.239252331977	0.558823365052	0.684085510689	0.376467221872	0.239252331977	0.88275855981	0.748218527316
0.455567151308	0.192657900044	0.198847259383	0.617646877163	0.581947743468	0.328960184307	0.198847259383	0.951724072295	0.66567695962
0.382408469915	0.172658150278	0.267123281573	0.352941072664	0.726840855107	0.401368461856	0.267123281573	0.806896496076	0.792755344418
0.421035796404	0.189941035598	0.237076644615	0.499999852941	0.655581947743	0.376767263589	0.237076644615	0.917241316052	0.738717339667
0.599257171154	0.189345875899	0.247672248647	0.470588096886	0.67458432304	0.390025965965	0.247672248647	0.917241316052	0.75296912114
0.423481971025	0.170728399825	0.256166978061	0.411764584775	0.676959619952	0.401782318047	0.256166978061	0.931034418549	0.761282660333
0.600967884064	0.210523105277	0.257142852245	0.529411608997	0.679334916865	0.402981671002	0.257142852245	0.931034418549	0.762470308789
0.331154614687	0.162787506822	0.249544622048	0.411764584775	0.657957244656	0.394809363157	0.249544622048	0.944827521046	0.750593824228
0.296816378832	0.213833088933	0.279678062783	0.499999852941	0.703087885986	0.433018296483	0.279678062783	0.958620623543	0.783847980998
0.401509076357	0.202244077815	0.240773282236	0.529411608997	0.66270783848	0.383750253893	0.240773282236	0.944827521046	0.738717339667
0.510648071766	0.195800543859	0.312056730211	0.411764584775	0.726840855107	0.464784913801	0.312056730211	0.910344764804	0.819477434679
0.320564329624	0.210522815154	0.275303638152	0.470588096886	0.714964370546	0.425661579913	0.275303638152	0.937930969798	0.782066508314
0.483175367117	0.179306730155	0.284360182835	0.38235282872	0.717339667458	0.423276601722	0.284360182835	0.827586149822	0.805819477435
0.344558477402	0.219649995701	0.258780032185	0.558823365052	0.679334916865	0.408159919576	0.258780032185	0.965517174792	0.75890736342
0.356888651848	0.197799137832	0.259962044403	0.529411608997	0.653206650831	0.407734698822	0.259962044403	0.944827521046	0.763657957245
0.263198047876	0.20338670374	0.275793645322	0.529411608997	0.665083135392	0.428347826458	0.275793645322	0.958620623543	0.779691211401
0.22978463769	0.159416553331	0.332530112469	0.323529316609	0.724465558195	0.492853287594	0.332530112469	0.951724072295	0.83135391924
0.327278763056	0.171424869466	0.32018560742	0.352941072664	0.724465558195	0.479162882758	0.32018560742	0.951724072295	0.821852731591
0.295463770628	0.197364922152	0.30769230093	0.44117634083	0.710213776722	0.466662985862	0.30769230093	0.965517174792	0.809976247031
0.191206037998	0.219174479322	0.319196421447	0.470588096886	0.729216152019	0.48228971244	0.319196421447	0.986206828537	0.817695961995
0.230801746249	0.209673405382	0.406060593756	0.38235282872	0.767220902613	0.56420626104	0.406060593756	0.924137867301	0.877078384798
