loss_weights	[0.20000000000000007, 0.7999999999999999]
lr	0.00248129945239
lstm_hidden_size	20
0.661038935184	0.172039870562	0.0967117969688	0.444444320988	0.634204275534	0.151511752555	0.0967117969688	0.349650325199	0.667458432304
0.469433605671	0.0	0.0	0.0	0.90973871734	0.0	0.0	0.0	0.913895486936
0.606098592281	0.0	0.0	0.0	0.90973871734	0.0	0.0	0.0	0.915083135392
0.352452456951	0.0	0.374999531251	0.0	0.90973871734	0.0397340906343	0.374999531251	0.020979019512	0.913895486936
0.422342509031	0.0	0.3999996	0.0	0.90973871734	0.0522863531396	0.3999996	0.0279720260159	0.913895486936
0.774478971958	0.133328489062	0.323943616346	0.111111080247	0.87648456057	0.214948817019	0.323943616346	0.160839149592	0.900237529691
0.635250508785	0.0444412249202	0.484848337925	0.0277777700617	0.897862232779	0.181815114333	0.484848337925	0.111888104064	0.914489311164
0.492495387793	0.148143648967	0.385714230612	0.111111080247	0.890736342043	0.253516690328	0.385714230612	0.188811175608	0.905581947743
0.360670775175	0.133328489062	0.405797042638	0.111111080247	0.87648456057	0.264146527752	0.405797042638	0.195804182112	0.907363420428
0.498231858015	0.190471232174	0.351351319698	0.16666662037	0.878859857482	0.307081669432	0.351351319698	0.272727253655	0.895486935867
0.466885268688	0.215379607214	0.419642819675	0.194444390432	0.878859857482	0.368622496029	0.419642819675	0.328671305687	0.904394299287
0.663403093815	0.117642041734	0.414141372309	0.111111080247	0.857482185273	0.338838112561	0.414141372309	0.286713266663	0.904988123515
0.417285561562	0.199995155671	0.363095216482	0.249999930556	0.828978622328	0.392277965344	0.363095216482	0.426573396743	0.887767220903
0.244197949767	0.142852211052	0.371428550204	0.16666662037	0.828978622328	0.408800056426	0.371428550204	0.454545422759	0.888361045131
0.40602388978	0.153841164656	0.416058363791	0.138888850309	0.869358669834	0.407137830418	0.416058363791	0.398601370727	0.901425178147
0.405470013618	0.181813305914	0.386503043773	0.222222160494	0.828978622328	0.411759700389	0.386503043773	0.440559409751	0.893111638955
0.613218486309	0.119042692945	0.399999973333	0.138888850309	0.824228028504	0.409551288952	0.399999973333	0.419580390239	0.897268408551
0.438423812389	0.214280765418	0.380681796552	0.249999930556	0.8432304038	0.420057723155	0.380681796552	0.468531435767	0.890142517815
0.440389454365	0.188230366909	0.397727250129	0.222222160494	0.836104513064	0.438866499402	0.397727250129	0.489510455279	0.893705463183
0.423334896564	0.149995012663	0.416149042475	0.16666662037	0.838479809976	0.440784462271	0.416149042475	0.468531435767	0.899049881235
0.467178374529	0.181813305914	0.413043455813	0.222222160494	0.828978622328	0.464826854507	0.413043455813	0.531468494303	0.896080760095
0.596626639366	0.157298518011	0.439790552891	0.194444390432	0.821852731591	0.502989085171	0.439790552891	0.587412546335	0.901425178147
0.313850909472	0.15908603837	0.450549425794	0.194444390432	0.824228028504	0.50461042561	0.450549425794	0.573426533327	0.904394299287
0.476088285446	0.197525877276	0.410377339133	0.222222160494	0.845605700713	0.490136006395	0.410377339133	0.608391565847	0.892517814727
0.373511016369	0.124995286634	0.379032242781	0.16666662037	0.800475059382	0.480813750347	0.379032242781	0.657342611375	0.87945368171
0.410114556551	0.190471247291	0.438144307312	0.222222160494	0.838479809976	0.504446123197	0.438144307312	0.594405552839	0.900831353919
0.231181696057	0.229161931519	0.372469620548	0.305555470679	0.824228028504	0.471790203202	0.372469620548	0.643356598367	0.877672209026
0.442791551352	0.166661944576	0.398963709898	0.222222160494	0.809976247031	0.458328416825	0.398963709898	0.538461500807	0.891923990499
0.34321770072	0.199995155671	0.425414341137	0.249999930556	0.828978622328	0.475303681464	0.425414341137	0.538461500807	0.899049881235
0.433588445187	0.199995000122	0.455621274815	0.222222160494	0.847980997625	0.493584746722	0.455621274815	0.538461500807	0.906175771971
0.299675941467	0.181813155812	0.430555525656	0.194444390432	0.850356294537	0.432050719139	0.430555525656	0.433566403247	0.903206650831
0.282255619764	0.202526633674	0.475524442271	0.222222160494	0.850356294537	0.475519442324	0.475524442271	0.475524442271	0.910926365796
0.268747597933	0.199994947064	0.508928525989	0.194444390432	0.866983372922	0.447053862415	0.508928525989	0.398601370727	0.916270783848
0.445487111807	0.195116978114	0.439759009653	0.222222160494	0.8432304038	0.472486906557	0.439759009653	0.510489474791	0.903206650831
0.349324196577	0.199995000122	0.474025943245	0.222222160494	0.847980997625	0.491577465389	0.474025943245	0.510489474791	0.910332541568
0.179074943066	0.195116978114	0.491228041449	0.222222160494	0.8432304038	0.535026852859	0.491228041449	0.587412546335	0.913301662708
0.436777889729	0.219507216053	0.420289834769	0.249999930556	0.847980997625	0.497137995965	0.420289834769	0.608391565847	0.895486935867
0.154292047024	0.159994965489	0.555555516975	0.16666662037	0.850356294537	0.557486250455	0.555555516975	0.559440520319	0.92458432304
0.217253342271	0.177210184404	0.505882323183	0.194444390432	0.845605700713	0.54951576891	0.505882323183	0.601398559343	0.916270783848
0.382642924786	0.168416310381	0.298319315197	0.222222160494	0.812351543943	0.37269870343	0.298319315197	0.496503461783	0.858076009501
