loss_weights	[0.25, 0.75]
lr	0.000684926528592
lstm_hidden_size	60
0.670905172825	0.146593655945	0.0876132917279	0.368420955679	0.612826603325	0.144455382722	0.0876132917279	0.411347488557	0.592042755344
0.411301076412	0.0	0.0	0.0	0.90973871734	0.0	0.0	0.0	0.916270783848
0.799563109875	0.0	0.0	0.0	0.90973871734	0.0	0.0	0.0	0.916270783848
0.404002547264	0.0	0.666664444452	0.0	0.90973871734	0.0277773659384	0.666664444452	0.0141843961571	0.916864608076
0.319417238235	0.0	0.666664444452	0.0	0.90973871734	0.0277773659384	0.666664444452	0.0141843961571	0.916864608076
0.708151698112	0.0	0.629629396434	0.0	0.897862232779	0.202378230619	0.629629396434	0.120567367336	0.920427553444
0.253787487745	0.0416633509542	0.349206293777	0.0263157825485	0.890736342043	0.215681984417	0.349206293777	0.156028357728	0.904988123515
0.406935989857	0.049999025014	0.769230177515	0.0263157825485	0.90973871734	0.12986856723	0.769230177515	0.0709219807857	0.920427553444
0.227375119925	0.0	0.473684085873	0.0	0.895486935867	0.201113951555	0.473684085873	0.127659565414	0.915083135392
0.593850791454	0.0833300001292	0.571428454811	0.052631565097	0.895486935867	0.294732983429	0.571428454811	0.1985815462	0.920427553444
0.450261384249	0.0816291380065	0.574073967764	0.052631565097	0.893111638955	0.317944680655	0.574073967764	0.219858140436	0.921021377672
0.369956374168	0.133330646963	0.639999872	0.0789473476454	0.907363420428	0.335074633963	0.639999872	0.226950338514	0.92458432304
0.289327770472	0.140346383643	0.477777724691	0.105263130194	0.883610451306	0.372289583839	0.477777724691	0.304964517378	0.913895486936
0.271901100874	0.0416633509542	0.540540467495	0.0263157825485	0.890736342043	0.372088474257	0.540540467495	0.283687923143	0.919833729216
0.3966152668	0.222217364678	0.412280665589	0.184210477839	0.883610451306	0.36862247819	0.412280665589	0.333333309693	0.904394299287
0.282846242189	0.11764321427	0.564102491782	0.0789473476454	0.893111638955	0.401821861148	0.564102491782	0.312056715457	0.922209026128
0.371115058661	0.0983559260506	0.49999995283	0.0789473476454	0.869358669834	0.429144863273	0.49999995283	0.375886498164	0.916270783848
0.419332742691	0.161285525634	0.543689267603	0.131578912742	0.87648456057	0.459011477141	0.543689267603	0.3971630924	0.9216152019
0.253880530596	0.158725321384	0.527272679339	0.131578912742	0.874109263658	0.462146433919	0.527272679339	0.411347488557	0.919833729216
0.34190672636	0.142852138948	0.499999961538	0.131578912742	0.857482185273	0.479699769935	0.499999961538	0.460992875107	0.916270783848
0.165006875992	0.14084005572	0.515624959717	0.131578912742	0.855106888361	0.490701294947	0.515624959717	0.468085073185	0.91864608076
0.374595463276	0.103443721957	0.463636321488	0.0789473476454	0.87648456057	0.40636954594	0.463636321488	0.361702102007	0.911520190024
0.314793199301	0.124995136905	0.526785667251	0.105263130194	0.866983372922	0.466398190932	0.526785667251	0.418439686635	0.919833729216
0.657823503017	0.173908044669	0.485714239456	0.157894695291	0.86460807601	0.414629219768	0.485714239456	0.361702102007	0.914489311164
0.600994884968	0.145450221613	0.64285705102	0.105263130194	0.888361045131	0.426535810113	0.64285705102	0.319148913536	0.928147268409
0.607148170471	0.22471415741	0.393442601451	0.263157825485	0.836104513064	0.444439501083	0.393442601451	0.510638261657	0.893111638955
0.418804466724	0.149994975166	0.510948867814	0.157894695291	0.838479809976	0.503592087157	0.510948867814	0.4964538655	0.918052256532
0.164984956384	0.126979299752	0.615384556213	0.105263130194	0.869358669834	0.522444051024	0.615384556213	0.453900677028	0.930522565321
0.101431190968	0.112671049615	0.468965484899	0.105263130194	0.850356294537	0.475519443302	0.468965484899	0.482269469343	0.910926365796
0.448547452688	0.212116262739	0.568807287265	0.184210477839	0.87648456057	0.495995042289	0.568807287265	0.439716280871	0.925178147268
0.599475741386	0.219173030701	0.571428528464	0.210526260388	0.86460807601	0.554739489362	0.571428528464	0.539007053971	0.927553444181
0.281816840172	0.158725321384	0.618644015369	0.131578912742	0.874109263658	0.563701559651	0.618644015369	0.517730459735	0.932897862233
0.161807402968	0.114280718583	0.637096722815	0.105263130194	0.852731591449	0.596221390714	0.637096722815	0.560283648207	0.936460807601
0.213356003165	0.141171493599	0.459770088519	0.157894695291	0.826603325416	0.50793153061	0.459770088519	0.567375846285	0.907957244656
0.345390945673	0.207787154784	0.530612208802	0.210526260388	0.855106888361	0.541661631267	0.530612208802	0.553191450128	0.9216152019
0.174148857594	0.159994958378	0.544303763019	0.157894695291	0.850356294537	0.575245813848	0.544303763019	0.609929034757	0.92458432304
0.170641288161	0.246908538433	0.459459434624	0.263157825485	0.855106888361	0.521467451776	0.459459434624	0.602836836678	0.907363420428
0.149163544178	0.231879042324	0.608695608066	0.210526260388	0.874109263658	0.602145495089	0.608695608066	0.5957446386	0.934085510689
0.402047336102	0.206891962048	0.69306923831	0.157894695291	0.890736342043	0.578507485527	0.69306923831	0.4964538655	0.939429928741
0.167626008391	0.164378525203	0.622222176132	0.157894695291	0.855106888361	0.60869061047	0.622222176132	0.5957446386	0.935866983373
