loss_weights	[0.32500000000000007, 0.6749999999999999]
lr	0.00233395404183
lstm_hidden_size	80
0.641097307205	0.121207249963	0.084745757924	0.148148093278	0.862232779097	0.0911804339329	0.084745757924	0.0986842040339	0.822446555819
0.310882747173	0.0	0.0	0.0	0.935866983373	0.0	0.0	0.0	0.90973871734
0.65421640873	0.0	0.0	0.0	0.935866983373	0.0	0.0	0.0	0.90973871734
0.387713760138	0.0	0.999997500006	0.0	0.935866983373	0.0512815450399	0.999997500006	0.0263157877424	0.912114014252
0.467922091484	0.0	0.0	0.0	0.935866983373	0.0	0.0	0.0	0.90973871734
0.385699093342	0.0	0.833331944447	0.0	0.933491686461	0.0632904005842	0.833331944447	0.032894734678	0.912114014252
0.768019735813	0.0	0.799998400003	0.0	0.935866983373	0.0509547908701	0.799998400003	0.0263157877424	0.911520190024
0.465206086636	0.0	0.78571372449	0.0	0.926365795724	0.13252856004	0.78571372449	0.0723684162916	0.914489311164
0.16144618392	0.133328474247	0.405797042638	0.111111069959	0.907363420428	0.253389347547	0.405797042638	0.184210514197	0.902019002375
0.449979573488	0.166661675493	0.446808463105	0.148148093278	0.904988123515	0.341458664881	0.446808463105	0.276315771295	0.903800475059
0.126006394625	0.0	0.916665902778	0.0	0.931116389549	0.134144968781	0.916665902778	0.0723684162916	0.91567695962
0.491438001394	0.173908119228	0.414634095776	0.148148093278	0.90973871734	0.290593713272	0.414634095776	0.22368419581	0.901425178147
0.173203542829	0.166662824157	0.559321939098	0.111111069959	0.928741092637	0.312792150273	0.559321939098	0.217105248875	0.913895486936
0.496589422226	0.0588202250932	0.666666549708	0.0370370233196	0.923990498812	0.36363236194	0.666666549708	0.249999983553	0.921021377672
0.323700249195	0.14285248314	0.579710060912	0.111111069959	0.914489311164	0.361986622765	0.579710060912	0.263157877424	0.916270783848
0.256966412067	0.0454497835522	0.561643758679	0.0370370233196	0.900237529691	0.364440028497	0.561643758679	0.269736824359	0.915083135392
0.607235968113	0.111107299508	0.729729532506	0.0740740466392	0.923990498812	0.285711106666	0.729729532506	0.177631567261	0.919833729216
0.335053175688	0.0	0.77499980625	0.0	0.919239904988	0.322913334452	0.77499980625	0.203947355003	0.922802850356
0.314576685429	0.0540500806373	0.837209107626	0.0370370233196	0.916864608076	0.369227293654	0.837209107626	0.236842089681	0.926959619952
0.377433031797	0.150938341212	0.599999936842	0.148148093278	0.893111638955	0.461533690488	0.599999936842	0.374999975329	0.921021377672
0.226911351085	0.233328305661	0.499999958333	0.259259163237	0.890736342043	0.441171507408	0.499999958333	0.394736816136	0.90973871734
0.260994642973	0.190471508047	0.753424554325	0.148148093278	0.919239904988	0.488884461866	0.753424554325	0.361842081458	0.931710213777
0.438456535339	0.225801462126	0.589285661671	0.259259163237	0.885985748219	0.499995076953	0.589285661671	0.434210497749	0.9216152019
0.168118149042	0.139530146181	0.803030181359	0.111111069959	0.912114014252	0.486234265671	0.803030181359	0.348684187587	0.933491686461
0.273076146841	0.175433548926	0.553718962503	0.185185116598	0.888361045131	0.490837519405	0.553718962503	0.440789444685	0.917458432304
0.10354051739	0.0909043080983	0.759493574748	0.0740740466392	0.904988123515	0.519475973877	0.759493574748	0.394736816136	0.934085510689
0.14345574379	0.122443981874	0.749999918478	0.111111069959	0.897862232779	0.56556902651	0.749999918478	0.453947338556	0.937054631829
0.217925190926	0.254540363735	0.699029058347	0.259259163237	0.902612826603	0.564701022725	0.699029058347	0.473684179363	0.934085510689
0.161321550608	0.196073371907	0.726315713019	0.185185116598	0.902612826603	0.558699674514	0.726315713019	0.453947338556	0.935273159145
0.259690523148	0.156857701043	0.689320321425	0.148148093278	0.897862232779	0.556857886085	0.689320321425	0.467105232427	0.932897862233
0.167204916477	0.163260291695	0.631578899881	0.148148093278	0.902612826603	0.589468665108	0.631578899881	0.55263154259	0.930522565321
0.147179141641	0.204076601536	0.656488499505	0.185185116598	0.907363420428	0.60776883621	0.656488499505	0.565789436461	0.934085510689
0.162024021149	0.115379578618	0.596491175746	0.111111069959	0.890736342043	0.511273259134	0.596491175746	0.447368391621	0.922802850356
0.136262133718	0.156857701043	0.548672517817	0.148148093278	0.897862232779	0.467919601333	0.548672517817	0.407894710007	0.916270783848
0.322430491447	0.127654631242	0.72289147917	0.111111069959	0.902612826603	0.510633685509	0.72289147917	0.394736816136	0.931710213777
0.248591199517	0.153841102233	0.711711647594	0.148148093278	0.895486935867	0.600755532142	0.711711647594	0.519736807912	0.937648456057
0.175273343921	0.159994968154	0.624999947917	0.148148093278	0.900237529691	0.551465616934	0.624999947917	0.49342102017	0.927553444181
0.369772970676	0.124995026235	0.749999921875	0.111111069959	0.900237529691	0.580640369446	0.749999921875	0.473684179363	0.938242280285
0.38447022438	0.115379578618	0.66086950775	0.111111069959	0.890736342043	0.56928344293	0.66086950775	0.499999967105	0.931710213777
0.262722551823	0.107137825488	0.766355068565	0.111111069959	0.881235154394	0.633199735283	0.766355068565	0.539473648719	0.943586698337
