loss_weights	[0.10000000000000009, 0.8999999999999999]
lr	0.000802352730468
lstm_hidden_size	80
0.702561199665	0.131576650547	0.0889877631926	0.499999833333	0.529691211401	0.152669313617	0.0889877631926	0.536912715643	0.472684085511
0.732017159462	0.0731660740597	0.13983050255	0.0999999666667	0.819477434679	0.171423817976	0.13983050255	0.221476495203	0.810570071259
0.603107154369	0.0892817763199	0.1603260826	0.166666611111	0.757719714964	0.22823573368	0.1603260826	0.395973127787	0.763064133017
0.559893488884	0.157891547847	0.172727269587	0.399999866667	0.695961995249	0.271813519048	0.172727269587	0.637583849827	0.697743467933
0.555151700974	0.1913004583	0.212937999651	0.366666544444	0.779097387173	0.303842053531	0.212937999651	0.530201306698	0.785035629454
0.680085778236	0.243474362254	0.226519330759	0.466666511111	0.793349168646	0.320935190865	0.226519330759	0.550335533535	0.793942992874
0.595747590065	0.178568473687	0.184210523286	0.499999833333	0.672209026128	0.295901718176	0.184210523286	0.751677801901	0.683491686461
0.435631096363	0.155035166238	0.205567447418	0.333333222222	0.74109263658	0.311684634098	0.205567447418	0.644295258772	0.748218527316
0.611312806606	0.172658460808	0.19797979398	0.399999866667	0.726840855107	0.304344259956	0.19797979398	0.657718076663	0.733966745843
0.434304594994	0.232554534037	0.240362806341	0.499999833333	0.764845605701	0.359318246463	0.240362806341	0.711409348228	0.775534441805
0.404648512602	0.202699443075	0.22283609166	0.499999833333	0.719714964371	0.349707593462	0.22283609166	0.812080482411	0.732779097387
0.77181237936	0.166663344972	0.237911020543	0.399999866667	0.714964370546	0.369365884881	0.237911020543	0.825503300302	0.750593824228
0.326837390661	0.211761774434	0.213036562591	0.5999998	0.681710213777	0.344469902123	0.213036562591	0.899328798703	0.697149643705
0.536460876465	0.191079686852	0.222014921231	0.499999833333	0.698337292162	0.347441841282	0.222014921231	0.79865766452	0.734560570071
0.310534626245	0.259255198964	0.303370777995	0.466666511111	0.809976247031	0.427718595472	0.303370777995	0.724832166119	0.8283847981
0.593805670738	0.17517903571	0.281720424049	0.399999866667	0.731591448931	0.426706408216	0.281720424049	0.879194571866	0.790973871734
0.450496017933	0.193544687894	0.312169303911	0.399999866667	0.762470308789	0.447813763958	0.312169303911	0.791946255574	0.827197149644
0.488725483418	0.211264243258	0.282978717383	0.499999833333	0.733966745843	0.429721694254	0.282978717383	0.892617389757	0.790380047506
0.450837641954	0.255315762832	0.272727266961	0.5999998	0.750593824228	0.414787340165	0.272727266961	0.865771753975	0.783847980998
0.574691474438	0.184393787093	0.293598227514	0.433333188889	0.726840855107	0.441856725509	0.293598227514	0.892617389757	0.800475059382
0.295366674662	0.218974649741	0.273279346695	0.499999833333	0.745843230404	0.419903113788	0.273279346695	0.906040207648	0.778503562945
0.471675604582	0.165513936807	0.278225800842	0.399999866667	0.712589073634	0.427903410642	0.278225800842	0.926174434485	0.780878859857
0.36120852828	0.181814641941	0.318289778663	0.399999866667	0.743467933492	0.470171560696	0.318289778663	0.899328798703	0.820665083135
0.264442920685	0.17885807133	0.312796201119	0.366666544444	0.760095011876	0.462342886847	0.312796201119	0.885905980812	0.817695961995
0.360692977905	0.123453757123	0.259813079256	0.333333222222	0.66270783848	0.40642932901	0.259813079256	0.93288584343	0.75890736342
0.532237648964	0.223996316219	0.342245980154	0.466666511111	0.769596199525	0.48947965433	0.342245980154	0.85906034503	0.841448931116
0.394274026155	0.209786864935	0.317865421859	0.499999833333	0.731591448931	0.47240995883	0.317865421859	0.919463025539	0.818289786223
0.234757110476	0.226410993308	0.392638024766	0.399999866667	0.805225653207	0.538943040034	0.392638024766	0.85906034503	0.869952494062
0.200457423925	0.249996033224	0.358490556375	0.466666511111	0.800475059382	0.511534353213	0.358490556375	0.892617389757	0.849168646081
0.283627688885	0.153842314361	0.388235282699	0.2999999	0.764845605701	0.53987304138	0.388235282699	0.885905980812	0.866389548694
0.325480163097	0.171871384352	0.368279559992	0.366666544444	0.748218527316	0.525907604115	0.368279559992	0.919463025539	0.853325415677
0.411006599665	0.145450552174	0.417721505768	0.266666577778	0.776722090261	0.567737556005	0.417721505768	0.885905980812	0.880641330166
0.27391654253	0.169487704767	0.411585353305	0.333333222222	0.767220902613	0.566033416256	0.411585353305	0.906040207648	0.877078384798
0.40468916297	0.137250722924	0.432343220055	0.233333255556	0.790973871734	0.579641572494	0.432343220055	0.879194571866	0.887173396675
0.191209688783	0.162959482103	0.355498712136	0.366666544444	0.731591448931	0.514810799962	0.355498712136	0.93288584343	0.844418052257
0.200777739286	0.156517855671	0.434083587329	0.2999999	0.769596199525	0.586952116384	0.434083587329	0.906040207648	0.887173396675
0.3585678339	0.153842579963	0.343980335529	0.333333222222	0.738717339667	0.503593180831	0.343980335529	0.939597252376	0.836104513064
0.324655681849	0.143881486545	0.339901469461	0.333333222222	0.717339667458	0.497293351545	0.339901469461	0.926174434485	0.83432304038
0.281087696552	0.180324130686	0.389972133984	0.366666544444	0.762470308789	0.551176935132	0.389972133984	0.939597252376	0.86460807601
0.236047148705	0.0612202293657	0.453333318222	0.0999999666667	0.781472684086	0.605786184426	0.453333318222	0.912751616594	0.894893111639
