loss_weights	[0.35, 0.65]
lr	0.00735561985085
lstm_hidden_size	40
0.729935824871	0.182645889819	0.101024888711	0.624999804688	0.574821852732	0.166262141465	0.101024888711	0.469387723171	0.589073634204
0.243701785803	0.0	0.499998750003	0.0	0.923990498812	0.0264895469585	0.499998750003	0.0136054412513	0.91270783848
0.576102137566	0.0	0.999995000025	0.0	0.916864608076	0.0268453691289	0.999995000025	0.0136054412513	0.913895486936
0.620562076569	0.0540516874613	0.529411453287	0.0312499902344	0.916864608076	0.109754225938	0.529411453287	0.061224485631	0.913301662708
0.65853613615	0.0540516874613	0.599999400001	0.0312499902344	0.916864608076	0.0764319185539	0.599999400001	0.040816323754	0.913895486936
0.353635519743	0.0540516874613	0.692307159764	0.0312499902344	0.916864608076	0.112498492988	0.692307159764	0.061224485631	0.91567695962
0.404193490744	0.0571412571819	0.714284693879	0.0312499902344	0.9216152019	0.0649341887439	0.714284693879	0.0340136031283	0.914489311164
0.555748701096	0.0999967501006	0.639999744	0.0624999804688	0.914489311164	0.186044005576	0.639999744	0.108843530011	0.916864608076
0.155265554786	0.0555535494496	0.666666349207	0.0312499902344	0.919239904988	0.166664459353	0.666666349207	0.0952380887593	0.916864608076
0.174748331308	0.0571412571819	0.888887901236	0.0312499902344	0.9216152019	0.102563002147	0.888887901236	0.0544217650053	0.916864608076
0.144135609269	0.0408117789283	0.315068449991	0.0312499902344	0.888361045131	0.209086455879	0.315068449991	0.15646257439	0.896674584323
0.237086609006	0.0	0.749998125005	0.0	0.919239904988	0.0397345783135	0.749998125005	0.020408161877	0.913895486936
0.314154803753	0.0555535494496	0.571428163266	0.0312499902344	0.919239904988	0.0993772817652	0.571428163266	0.0544217650053	0.913895486936
0.583468258381	0.0999967501006	0.604651022174	0.0624999804688	0.914489311164	0.273680679823	0.604651022174	0.176870736267	0.918052256532
0.141870841384	0.05127907972	0.7999996	0.0312499902344	0.912114014252	0.191614635183	0.7999996	0.108843530011	0.919833729216
0.318972289562	0.153843129574	0.761904399093	0.0937499707031	0.9216152019	0.190473980325	0.761904399093	0.108843530011	0.919239904988
0.400839179754	0.05127907972	0.759999696	0.0312499902344	0.912114014252	0.220927722445	0.759999696	0.129251691888	0.920427553444
0.213601231575	0.0444403164284	0.67441844781	0.0312499902344	0.897862232779	0.305259623863	0.67441844781	0.197278898144	0.9216152019
0.367036402225	0.0909050828168	0.705882214533	0.0624999804688	0.904988123515	0.363632502336	0.705882214533	0.244897942524	0.925178147268
0.512627542019	0.127655174434	0.571428489796	0.0937499707031	0.902612826603	0.368659190096	0.571428489796	0.272108825027	0.91864608076
0.24262572825	0.0526288920987	0.958332934028	0.0312499902344	0.914489311164	0.269003403461	0.958332934028	0.15646257439	0.925771971496
0.261847674847	0.142853446803	0.765957283839	0.0937499707031	0.914489311164	0.371130310909	0.765957283839	0.244897942524	0.927553444181
0.194096297026	0.146337965575	0.77499980625	0.0937499707031	0.916864608076	0.331547403734	0.77499980625	0.210884339396	0.925771971496
0.459470421076	0.136359607553	0.755555387654	0.0937499707031	0.90973871734	0.354163040943	0.755555387654	0.231292501273	0.926365795724
0.140518799424	0.117642337748	0.745762585464	0.0937499707031	0.893111638955	0.427180337017	0.745762585464	0.299319707529	0.929928741093
0.215027540922	0.264146059182	0.694117565398	0.218749931641	0.907363420428	0.508616002941	0.694117565398	0.401360516914	0.932304038005
0.629480719566	0.133329165558	0.749999882813	0.0937499707031	0.907363420428	0.454972033911	0.749999882813	0.326530590032	0.931710213777
0.250902891159	0.22641022438	0.602040754894	0.187499941406	0.902612826603	0.481627813792	0.602040754894	0.401360516914	0.92458432304
0.29370200634	0.166662152896	0.788461386834	0.124999960938	0.904988123515	0.412056399622	0.788461386834	0.278911545652	0.930522565321
0.165699124336	0.159995328132	0.803921410996	0.124999960938	0.900237529691	0.414137547734	0.803921410996	0.278911545652	0.931116389549
0.158873140812	0.0392109963279	0.754385832564	0.0312499902344	0.883610451306	0.421564559342	0.754385832564	0.292516986904	0.929928741093
0.302447021008	0.105258196598	0.639999936	0.0937499707031	0.878859857482	0.518213762604	0.639999936	0.435374120043	0.929334916865
0.282268732786	0.205877309809	0.614035033857	0.218749931641	0.871733966746	0.536393506306	0.614035033857	0.476190443797	0.928147268409
0.265229314566	0.159995328132	0.791666556713	0.124999960938	0.900237529691	0.520543484118	0.791666556713	0.387755075663	0.937648456057
0.0733912363648	0.196073679465	0.847222104552	0.156249951172	0.902612826603	0.557073161145	0.847222104552	0.414965958166	0.942399049881
0.20780646801	0.166662152896	0.808219067367	0.124999960938	0.904988123515	0.536359153342	0.808219067367	0.401360516914	0.939429928741
0.172619119287	0.185180288192	0.744444361728	0.156249951172	0.895486935867	0.565396085424	0.744444361728	0.45578228192	0.938836104513
0.244274511933	0.0869522497329	0.767123182586	0.0624999804688	0.900237529691	0.509086428551	0.767123182586	0.380952355037	0.935866983373
0.11914613843	0.22221731149	0.71717164473	0.187499941406	0.900237529691	0.577230915831	0.71717164473	0.482993164422	0.938242280285
0.472680807114	0.179099434311	0.639639582014	0.187499941406	0.869358669834	0.550382651627	0.639639582014	0.482993164422	0.931116389549
