loss_weights	[0.125, 0.875]
lr	0.00204868890357
lstm_hidden_size	20
0.612786412239	0.0243852508712	0.110344819976	0.0232558085452	0.809976247031	0.113874000802	0.110344819976	0.117647050173	0.852137767221
0.605234503746	0.0645118577197	0.208333304398	0.0465116170903	0.862232779097	0.144226228877	0.208333304398	0.110294109537	0.894299287411
0.584320902824	0.0370337794324	0.277777700617	0.0232558085452	0.87648456057	0.116275746443	0.277777700617	0.0735294063581	0.90973871734
0.578277051449	0.0799950865214	0.264150918476	0.0697674256355	0.836104513064	0.231400016497	0.264150918476	0.205882337803	0.889548693587
0.549094676971	0.0882306187569	0.316455656145	0.0697674256355	0.852731591449	0.232553469428	0.316455656145	0.183823515895	0.902019002375
0.587140023708	0.16326034792	0.264864850548	0.186046468361	0.805225653207	0.305291047719	0.264864850548	0.360294091155	0.86757719715
0.560225844383	0.142852111853	0.37226274655	0.139534851271	0.828978622328	0.373621346388	0.37226274655	0.374999972426	0.898456057007
0.501758813858	0.136358608138	0.355421665336	0.139534851271	0.819477434679	0.390723500348	0.355421665336	0.433823497513	0.890736342043
0.376960992813	0.161611215331	0.276381895659	0.186046468361	0.802850356295	0.328353366255	0.276381895659	0.40441173497	0.866389548694
0.497527986765	0.129027258834	0.320441971246	0.139534851271	0.807600950119	0.365925677105	0.320441971246	0.426470556877	0.880641330166
0.493371367455	0.104161699454	0.231092427265	0.116279042726	0.795724465558	0.294113003304	0.231092427265	0.40441173497	0.8432304038
0.533039927483	0.111106269498	0.436507901864	0.0930232341806	0.847980997625	0.419842303538	0.436507901864	0.40441173497	0.90973871734
0.450799584389	0.214871415984	0.319838043731	0.302325511087	0.774346793349	0.412528035554	0.319838043731	0.580882310229	0.866389548694
0.530025064945	0.21052131646	0.428571401952	0.232558085452	0.821852731591	0.464641468837	0.428571401952	0.507352903871	0.905581947743
0.387280881405	0.242419812981	0.306188915108	0.372092936723	0.762470308789	0.424374958386	0.306188915108	0.691176419766	0.848574821853
0.558381557465	0.206891850581	0.356557362436	0.279069702542	0.781472684086	0.457890116667	0.356557362436	0.639705835316	0.877672209026
0.36258482933	0.234478554176	0.30153845226	0.395348745268	0.736342042755	0.425158511811	0.30153845226	0.72058818231	0.842636579572
0.611812829971	0.226410229722	0.359649107033	0.279069702542	0.805225653207	0.450544745248	0.359649107033	0.602941132137	0.881235154394
0.328993797302	0.209672855197	0.346007591407	0.302325511087	0.767220902613	0.456135834618	0.346007591407	0.669117597859	0.871140142518
0.352086365223	0.273499577842	0.364444428247	0.372092936723	0.79809976247	0.454288907592	0.364444428247	0.602941132137	0.883016627078
0.465712547302	0.238406491013	0.276422756737	0.418604553813	0.726840855107	0.403956444465	0.276422756737	0.749999944853	0.821258907363
0.378356277943	0.232254025459	0.26582277808	0.418604553813	0.717339667458	0.395476400674	0.26582277808	0.77205876676	0.809382422803
0.755336880684	0.219649418353	0.208791204202	0.441860362358	0.679334916865	0.321485447573	0.208791204202	0.698529360402	0.761876484561
0.382818222046	0.255314130925	0.389473663712	0.279069702542	0.833729216152	0.453982839451	0.389473663712	0.54411760705	0.894299287411
0.527247667313	0.228065437154	0.35599998576	0.302325511087	0.790973871734	0.461135308644	0.35599998576	0.654411716587	0.87648456057
0.615228295326	0.242985801475	0.399999982979	0.302325511087	0.807600950119	0.506733873234	0.399999982979	0.691176419766	0.891330166271
0.458752155304	0.214871415984	0.363636350413	0.302325511087	0.774346793349	0.486613553121	0.363636350413	0.735294063581	0.874703087886
0.232573628426	0.191484357304	0.457446784178	0.209302276906	0.819477434679	0.530859293597	0.457446784178	0.63235289468	0.90973871734
0.30978128314	0.207542308763	0.430555535622	0.255813893997	0.800475059382	0.528404319193	0.430555535622	0.683823479131	0.901425178147
0.571791529655	0.190471664253	0.37362635994	0.279069702542	0.757719714964	0.498773042764	0.37362635994	0.749999944853	0.878266033254
0.36016663909	0.19846884224	0.348275850059	0.302325511087	0.750593824228	0.474174034953	0.348275850059	0.742647004217	0.866983372922
0.255636930466	0.160709526606	0.449541263783	0.209302276906	0.776722090261	0.553667553425	0.449541263783	0.72058818231	0.906175771971
0.218792960048	0.18897186941	0.363036291649	0.279069702542	0.755344418052	0.501134652928	0.363036291649	0.808823469939	0.869952494062
0.379752933979	0.189650474253	0.420408146106	0.255813893997	0.776722090261	0.54067779559	0.420408146106	0.757352885489	0.896080760095
0.7264996171	0.18486930313	0.432653043565	0.255813893997	0.769596199525	0.556425826258	0.432653043565	0.779411707396	0.899643705463
0.221900239587	0.23703266071	0.367549656704	0.372092936723	0.755344418052	0.506845010148	0.367549656704	0.816176410575	0.871733966746
0.349501341581	0.185180358492	0.438095217234	0.232558085452	0.790973871734	0.531787105526	0.438095217234	0.676470538495	0.903800475059
0.336094081402	0.168062583278	0.424489778592	0.232558085452	0.764845605701	0.545927139146	0.424489778592	0.764705826125	0.897268408551
0.377423852682	0.172409097926	0.406130252639	0.232558085452	0.771971496437	0.534000506608	0.406130252639	0.779411707396	0.890142517815
0.441898316145	0.179995062133	0.468181796901	0.209302276906	0.805225653207	0.578646931297	0.468181796901	0.757352885489	0.910926365796
