loss_weights	[0.25, 0.75]
lr	2.95708094149e-05
lstm_hidden_size	60
0.695717036724	0.122865268574	0.0873605939836	0.692307426036	0.389548693587	0.152967711898	0.0873605939836	0.614379044812	0.381828978622
0.715885698795	0.133331583013	0.0856553138735	0.692307426036	0.444180522565	0.147947731155	0.0856553138735	0.542483624674	0.432304038005
0.709667801857	0.138459727834	0.0849462356457	0.692307426036	0.467933491686	0.145888614427	0.0849462356457	0.516339835533	0.450712589074
0.711572825909	0.149777694141	0.0824742257413	0.653845902367	0.541567695962	0.137779807596	0.0824742257413	0.418300626255	0.524346793349
0.684484124184	0.163459335273	0.0880330111687	0.653845902367	0.586698337292	0.145451669504	0.0880330111687	0.418300626255	0.553444180523
0.655299782753	0.152044187314	0.0895270255147	0.499999807692	0.655581947743	0.142278611597	0.0895270255147	0.346405206117	0.62054631829
0.688817858696	0.16049111268	0.0880733928794	0.499999807692	0.676959619952	0.137532389762	0.0880733928794	0.313725469691	0.642517814727
0.670649528503	0.190472884913	0.0906800984715	0.461538284024	0.757719714964	0.130905070338	0.0906800984715	0.235294102268	0.716152019002
0.669557094574	0.184870503558	0.0971428543673	0.423076760355	0.769596199525	0.135184628505	0.0971428543673	0.222222207698	0.741686460808
0.665846705437	0.23157492306	0.0925925891632	0.423076760355	0.826603325416	0.11819868681	0.0925925891632	0.163398682131	0.778503562945
0.667521357536	0.249995780028	0.0883534101063	0.423076760355	0.8432304038	0.109448016218	0.0883534101063	0.143790840275	0.787410926366
0.599021494389	0.285709347525	0.0898876353996	0.346153713018	0.893111638955	0.0966717600972	0.0898876353996	0.104575156564	0.822446555819
0.672450900078	0.266661666757	0.0909090850059	0.307692189349	0.895486935867	0.0912002061118	0.0909090850059	0.0915032619933	0.83432304038
0.682058274746	0.186041644255	0.107526870158	0.153846094675	0.916864608076	0.0812961041122	0.107526870158	0.0653594728523	0.865795724466
0.606463730335	0.149995375138	0.108433721875	0.115384571006	0.919239904988	0.0762666201375	0.108433721875	0.0588235255671	0.87054631829
0.604645490646	0.162157896381	0.170212729742	0.115384571006	0.926365795724	0.0799963966613	0.170212729742	0.0522875782819	0.890736342043
0.656326830387	0.117643391112	0.179487133465	0.0769230473373	0.928741092637	0.0729134219098	0.179487133465	0.0457516309966	0.894299287411
0.607240021229	0.0624969142086	0.185185116598	0.0384615236686	0.928741092637	0.0555529994992	0.185185116598	0.0326797364262	0.899049881235
0.676854372025	0.0624969142086	0.208333246528	0.0384615236686	0.928741092637	0.0564948247001	0.208333246528	0.0326797364262	0.900831353919
0.58653908968	0.0	0.1999999	0.0	0.931116389549	0.0462407244708	0.1999999	0.0261437891409	0.902019002375
0.576357066631	0.0	0.15789465374	0.0	0.933491686461	0.0348817517325	0.15789465374	0.0196078418557	0.901425178147
0.605331480503	0.0	0.153846035503	0.0	0.935866983373	0.0240949391189	0.153846035503	0.0130718945705	0.903800475059
0.607224941254	0.0	0.153846035503	0.0	0.938242280285	0.0240949391189	0.153846035503	0.0130718945705	0.903800475059
0.624510884285	0.0	0.1999998	0.0	0.938242280285	0.0245387226245	0.1999998	0.0130718945705	0.905581947743
0.635977745056	0.0	0.222221975309	0.0	0.938242280285	0.0246903056373	0.222221975309	0.0130718945705	0.906175771971
0.496510505676	0.0	0.2499996875	0.0	0.938242280285	0.0248437730375	0.2499996875	0.0130718945705	0.9067695962
0.560945093632	0.0	0.2499996875	0.0	0.938242280285	0.0248437730375	0.2499996875	0.0130718945705	0.9067695962
0.430091381073	0.0	0.285713877552	0.0	0.938242280285	0.0249991601832	0.285713877552	0.0130718945705	0.907363420428
0.520729422569	0.0	0.199999600001	0.0	0.938242280285	0.0126576133918	0.199999600001	0.00653594728523	0.907363420428
0.630994915962	0.0	0.249999375002	0.0	0.938242280285	0.0127383553267	0.249999375002	0.00653594728523	0.907957244656
0.533216953278	0.0	0.333332222226	0.0	0.938242280285	0.0128201339678	0.333332222226	0.00653594728523	0.908551068884
0.608168959618	0.0	0.333332222226	0.0	0.938242280285	0.0128201339678	0.333332222226	0.00653594728523	0.908551068884
0.559453070164	0.0	0.333332222226	0.0	0.938242280285	0.0128201339678	0.333332222226	0.00653594728523	0.908551068884
0.473768115044	0.0	0.333332222226	0.0	0.938242280285	0.0128201339678	0.333332222226	0.00653594728523	0.908551068884
0.608933448792	0.0	0.333332222226	0.0	0.938242280285	0.0128201339678	0.333332222226	0.00653594728523	0.908551068884
0.525780677795	0.0	0.499997500012	0.0	0.938242280285	0.0129029694107	0.499997500012	0.00653594728523	0.909144893112
0.590094089508	0.0	0.499997500012	0.0	0.938242280285	0.0129029694107	0.499997500012	0.00653594728523	0.909144893112
0.502983748913	0.0	0.499997500012	0.0	0.938242280285	0.0129029694107	0.499997500012	0.00653594728523	0.909144893112
0.435912460089	0.0	0.499997500012	0.0	0.938242280285	0.0129029694107	0.499997500012	0.00653594728523	0.909144893112
0.589360654354	0.0	0.499997500012	0.0	0.938242280285	0.0129029694107	0.499997500012	0.00653594728523	0.909144893112
