loss_weights	[0.275, 0.725]
lr	0.00845986734708
lstm_hidden_size	60
0.68174469471	0.143995683968	0.0891364877678	0.230769171598	0.745843230404	0.128252471081	0.0891364877678	0.228571412245	0.741686460808
0.657948553562	0.0	0.0	0.0	0.907363420428	0.0	0.0	0.0	0.916864608076
0.496491521597	0.0	0.0	0.0	0.902612826603	0.0	0.0	0.0	0.916864608076
0.502783000469	0.0	0.999995000025	0.0	0.907363420428	0.0281687323958	0.999995000025	0.0142857132653	0.918052256532
0.45944365859	0.0	0.38888867284	0.0	0.895486935867	0.0886055648586	0.38888867284	0.0499999964286	0.914489311164
0.413130730391	0.0487795360042	0.5999996	0.0256410190664	0.907363420428	0.11612726912	0.5999996	0.0642857096939	0.91864608076
0.302160769701	0.0	0.393939274564	0.0	0.893111638955	0.150285912723	0.393939274564	0.0928571362245	0.91270783848
0.321146219969	0.0476176984462	0.639999744	0.0256410190664	0.904988123515	0.193936799299	0.639999744	0.114285706122	0.921021377672
0.348194688559	0.0499994875003	0.916665902778	0.0256410190664	0.90973871734	0.144735368781	0.916665902778	0.0785714229592	0.922802850356
0.197319120169	0.095236723371	0.681817871901	0.0512820381328	0.90973871734	0.185182815149	0.681817871901	0.10714284949	0.9216152019
0.438783109188	0.17543421371	0.523809440665	0.128205095332	0.888361045131	0.325118840115	0.523809440665	0.235714268878	0.91864608076
0.304871976376	0.126979370293	0.457142791837	0.102564076266	0.869358669834	0.304757431357	0.457142791837	0.228571412245	0.913301662708
0.320746809244	0.124996901114	0.705882145329	0.0769230571992	0.900237529691	0.275858892888	0.705882145329	0.171428559184	0.925178147268
0.27170035243	0.252868558691	0.331578929917	0.28205120973	0.845605700713	0.381813273524	0.331578929917	0.449999967857	0.878859857482
0.394454568624	0.0869539036662	0.571428435374	0.0512820381328	0.900237529691	0.263732684506	0.571428435374	0.171428559184	0.920427553444
0.237542748451	0.0465099189332	0.870967460978	0.0256410190664	0.902612826603	0.315786468342	0.870967460978	0.192857129082	0.930522565321
0.3779296875	0.133328739044	0.592105185249	0.102564076266	0.87648456057	0.416662067094	0.592105185249	0.321428548469	0.925178147268
0.293759733438	0.142852863645	0.568181753616	0.102564076266	0.885985748219	0.438591712886	0.568181753616	0.357142831633	0.923990498812
0.488875031471	0.193543657761	0.523809461451	0.153846114398	0.881235154394	0.392852420336	0.523809461451	0.314285691837	0.919239904988
0.222220361233	0.169486986616	0.487394917026	0.128205095332	0.883610451306	0.447871446217	0.487394917026	0.414285684694	0.915083135392
0.316140145063	0.115380821127	0.52427179376	0.0769230571992	0.890736342043	0.444439523839	0.52427179376	0.385714258163	0.919833729216
0.337408334017	0.124995200376	0.588235236448	0.102564076266	0.866983372922	0.495862850946	0.588235236448	0.428571397959	0.927553444181
0.280586749315	0.113203617078	0.674999915625	0.0769230571992	0.888361045131	0.490904418225	0.674999915625	0.385714258163	0.933491686461
0.366858541965	0.191775792961	0.478260834909	0.179487133465	0.859857482185	0.474815110037	0.478260834909	0.471428537755	0.913301662708
0.217749968171	0.227843044494	0.490322549011	0.230769171598	0.855106888361	0.515249215331	0.490322549011	0.542857104082	0.915083135392
0.432696551085	0.190471413571	0.553956794679	0.153846114398	0.878859857482	0.551966286707	0.553956794679	0.549999960714	0.925771971496
0.281350135803	0.137926581591	0.719101042798	0.102564076266	0.881235154394	0.558947164282	0.719101042798	0.45714282449	0.940023752969
0.340205788612	0.172409328293	0.744680771842	0.128205095332	0.885985748219	0.598285740414	0.744680771842	0.499999964286	0.944180522565
0.192094534636	0.253516104044	0.688073331369	0.230769171598	0.874109263658	0.602404667707	0.688073331369	0.535714247449	0.941211401425
0.313013970852	0.243897391536	0.554838673881	0.256410190664	0.852731591449	0.583045820899	0.554838673881	0.614285670408	0.926959619952
0.17198035121	0.219995198103	0.375527410315	0.28205120973	0.814726840855	0.472143847115	0.375527410315	0.635714240306	0.881828978622
0.575295805931	0.199995044565	0.406113519384	0.230769171598	0.828978622328	0.504060304243	0.406113519384	0.664285666837	0.891330166271
0.300323188305	0.171423587897	0.732673194785	0.153846114398	0.862232779097	0.614102963831	0.732673194785	0.528571390816	0.944774346793
0.223856464028	0.196716635421	0.704545374483	0.153846114398	0.883610451306	0.543854861537	0.704545374483	0.442857111224	0.938242280285
0.36117914319	0.171423587897	0.463087217242	0.153846114398	0.862232779097	0.477503622375	0.463087217242	0.492857107653	0.910332541568
0.462637573481	0.243238192213	0.599999955556	0.230769171598	0.866983372922	0.589085867943	0.599999955556	0.578571387245	0.932897862233
0.272257894278	0.208950296393	0.6399999488	0.179487133465	0.874109263658	0.603768555399	0.6399999488	0.571428530612	0.937648456057
0.306520551443	0.303792392327	0.532608666706	0.307692228797	0.869358669834	0.604933326514	0.532608666706	0.69999995	0.923990498812
0.139146476984	0.206892075004	0.663366270954	0.153846114398	0.890736342043	0.556011682348	0.663366270954	0.478571394388	0.936460807601
0.459939688444	0.285709269473	0.603896064682	0.256410190664	0.881235154394	0.632648029564	0.603896064682	0.664285666837	0.935866983373
