cnn_hidden_size	(40, 20)
loss_weights	[0.35, 0.65]
lr	1.18273460178e-06
0.500549077988	0.0	0.0	0.0	0.859060402685	0.0	0.0	0.0	0.879093198992
0.510111451149	0.0	0.0	0.0	0.859060402685	0.0	0.0	0.0	0.879093198992
0.552457809448	0.0	0.0	0.0	0.859060402685	0.0	0.0	0.0	0.88161209068
0.472444653511	0.0	0.0	0.0	0.859060402685	0.0	0.0	0.0	0.88161209068
0.534253716469	0.0	0.0	0.0	0.859060402685	0.0	0.0	0.0	0.882451721243
0.64503455162	0.0	0.0	0.0	0.859060402685	0.0	0.0	0.0	0.882451721243
0.47702229023	0.0	0.0	0.0	0.859060402685	0.0	0.0	0.0	0.882451721243
0.571062207222	0.0	0.0	0.0	0.859060402685	0.0	0.0	0.0	0.882451721243
0.645472824574	0.0	0.0	0.0	0.859060402685	0.0	0.0	0.0	0.882451721243
0.576892197132	0.0	0.0	0.0	0.859060402685	0.0	0.0	0.0	0.883291351805
0.49170422554	0.0	0.0	0.0	0.859060402685	0.0	0.0	0.0	0.884130982368
0.537254869938	0.0	0.0	0.0	0.859060402685	0.0	0.0	0.0	0.884130982368
0.484720915556	0.0	0.0	0.0	0.859060402685	0.0	0.0	0.0	0.884130982368
0.498105376959	0.0	0.0	0.0	0.859060402685	0.0	0.0	0.0	0.88497061293
0.566412687302	0.0	0.0	0.0	0.859060402685	0.0	0.0	0.0	0.88497061293
0.658407747746	0.0	0.0	0.0	0.859060402685	0.0	0.0	0.0	0.88497061293
0.507065355778	0.0	0.0	0.0	0.859060402685	0.0	0.0	0.0	0.88497061293
0.589732468128	0.0	0.0	0.0	0.859060402685	0.0	0.0	0.0	0.88497061293
0.488008737564	0.0	0.0	0.0	0.859060402685	0.0	0.0	0.0	0.88497061293
0.521549940109	0.0	0.0	0.0	0.859060402685	0.0	0.0	0.0	0.88497061293
