cnn_hidden_size	(80, 40)
loss_weights	[0.17500000000000004, 0.825]
lr	5.0271411525e-06
0.649628460407	0.0357100451429	0.116666647222	0.0256410190664	0.818791946309	0.0699957932518	0.116666647222	0.0499999964286	0.843828715365
0.684344112873	0.0	0.0714285204082	0.0	0.852348993289	0.0129853586173	0.0714285204082	0.00714285663265	0.872376154492
0.73701608181	0.0	0.0	0.0	0.855704697987	0.0	0.0	0.0	0.879093198992
0.704766571522	0.0	0.0	0.0	0.862416107383	0.0	0.0	0.0	0.879932829555
0.644953787327	0.0	0.0	0.0	0.862416107383	0.0	0.0	0.0	0.88161209068
0.585301458836	0.0	0.0	0.0	0.865771812081	0.0	0.0	0.0	0.882451721243
0.73671412468	0.0	0.0	0.0	0.865771812081	0.0	0.0	0.0	0.882451721243
0.664942264557	0.0	0.0	0.0	0.865771812081	0.0	0.0	0.0	0.882451721243
0.741897046566	0.0	0.0	0.0	0.865771812081	0.0	0.0	0.0	0.882451721243
0.655654430389	0.0	0.0	0.0	0.865771812081	0.0	0.0	0.0	0.882451721243
0.518485426903	0.0	0.0	0.0	0.865771812081	0.0	0.0	0.0	0.882451721243
0.654830276966	0.0	0.0	0.0	0.865771812081	0.0	0.0	0.0	0.882451721243
0.510579288006	0.0	0.0	0.0	0.865771812081	0.0	0.0	0.0	0.882451721243
0.608667016029	0.0	0.0	0.0	0.865771812081	0.0	0.0	0.0	0.882451721243
0.596655130386	0.0	0.0	0.0	0.865771812081	0.0	0.0	0.0	0.882451721243
0.73564940691	0.0	0.0	0.0	0.865771812081	0.0	0.0	0.0	0.882451721243
0.69339466095	0.0	0.0	0.0	0.865771812081	0.0	0.0	0.0	0.882451721243
0.612282395363	0.0	0.0	0.0	0.869127516779	0.0	0.0	0.0	0.882451721243
0.493600130081	0.0	0.0	0.0	0.869127516779	0.0	0.0	0.0	0.882451721243
0.664004266262	0.0	0.0	0.0	0.869127516779	0.0	0.0	0.0	0.882451721243
