cnn_hidden_size	(40, 20)
loss_weights	[0.30000000000000004, 0.7]
lr	0.000140711537615
0.638502776623	0.0	0.0	0.0	0.892617449664	0.0	0.0	0.0	0.875734676742
0.440762966871	0.0	0.0	0.0	0.892617449664	0.0	0.0	0.0	0.876574307305
0.514702677727	0.0	0.0	0.0	0.892617449664	0.0	0.0	0.0	0.876574307305
0.533403933048	0.0	0.0	0.0	0.892617449664	0.0	0.0	0.0	0.876574307305
0.36653265357	0.0	0.0	0.0	0.892617449664	0.0	0.0	0.0	0.876574307305
0.283327609301	0.0	0.0	0.0	0.892617449664	0.0	0.0	0.0	0.875734676742
0.547277510166	0.0	0.0	0.0	0.892617449664	0.0	0.0	0.0	0.875734676742
0.646973788738	0.0	0.0	0.0	0.892617449664	0.0	0.0	0.0	0.875734676742
0.580335736275	0.0	0.49999975	0.0	0.885906040268	0.119758356378	0.49999975	0.0680272062567	0.876574307305
0.508933782578	0.0	0.473683961219	0.0	0.885906040268	0.108431694768	0.473683961219	0.061224485631	0.875734676742
0.59912276268	0.0555535494496	0.521738903592	0.0312499902344	0.885906040268	0.141174114225	0.521738903592	0.081632647508	0.877413937867
0.656547188759	0.0	0.437499726563	0.0	0.889261744966	0.0858877895649	0.437499726563	0.0476190443797	0.87489504618
0.458248287439	0.0555535494496	0.555555349794	0.0312499902344	0.885906040268	0.172411151446	0.555555349794	0.102040809385	0.879093198992
0.274546265602	0.0	0.499999722222	0.0	0.889261744966	0.1090889521	0.499999722222	0.061224485631	0.876574307305
0.411922067404	0.0444403164284	0.461538372781	0.0312499902344	0.855704697987	0.241202145462	0.461538372781	0.163265295016	0.873215785055
0.681101739407	0.05127907972	0.558823365052	0.0312499902344	0.875838926174	0.209941677038	0.558823365052	0.129251691888	0.879932829555
0.329747766256	0.0526288920987	0.593749814453	0.0312499902344	0.879194630872	0.212287542876	0.593749814453	0.129251691888	0.88161209068
0.491876900196	0.0571412571819	0.548386919875	0.0312499902344	0.889261744966	0.191008338005	0.548386919875	0.115646250636	0.879093198992
0.414054512978	0.0540516874613	0.562499824219	0.0312499902344	0.88255033557	0.201114359769	0.562499824219	0.122448971262	0.879932829555
0.528921246529	0.0571412571819	0.555555349794	0.0312499902344	0.889261744966	0.172411151446	0.555555349794	0.102040809385	0.879093198992
