cnn_hidden_size	(40, 20)
loss_weights	[0.35, 0.65]
lr	0.00735561985085
0.750767886639	0.0	0.0	0.0	0.865771812081	0.0	0.0	0.0	0.883291351805
0.318580269814	0.0	0.176470536332	0.0	0.838926174497	0.0693609958332	0.176470536332	0.0431654645205	0.864819479429
0.473018676043	0.0	0.24999984375	0.0	0.852348993289	0.0516110452269	0.24999984375	0.028776976347	0.876574307305
0.642955243587	0.0851038117529	0.210526204986	0.0499999875	0.855704697987	0.050630789224	0.210526204986	0.028776976347	0.874055415617
0.524958729744	0.0416638717111	0.266666577778	0.02499999375	0.845637583893	0.0946716250327	0.266666577778	0.057553952694	0.871536523929
0.357014745474	0.0	0.249999375002	0.0	0.862416107383	0.013985468258	0.249999375002	0.00719424408675	0.88161209068
0.343670904636	0.0	0.333333148148	0.0	0.852348993289	0.0764310812329	0.333333148148	0.0431654645205	0.87825356843
0.807469010353	0.0869542155578	0.479999808	0.0499999875	0.859060402685	0.146338861586	0.479999808	0.0863309290409	0.882451721243
0.461742341518	0.0	0.478260661626	0.0	0.842281879195	0.135800016047	0.478260661626	0.0791366849542	0.882451721243
0.508047521114	0.0	0.416666319445	0.0	0.852348993289	0.066223693729	0.416666319445	0.0359712204337	0.88161209068
0.37679156661	0.0357101917923	0.418604553813	0.02499999375	0.818791946309	0.197798567268	0.418604553813	0.129496393561	0.877413937867
0.743038952351	0.0384579736994	0.466666562963	0.02499999375	0.832214765101	0.228257149752	0.466666562963	0.151079125822	0.880772460118
0.396015822887	0.0	0.749999375001	0.0	0.862416107383	0.119203819148	0.749999375001	0.0647481967807	0.888329135181
0.410445213318	0.0701712283193	0.499999932432	0.0499999875	0.822147651007	0.34741327344	0.499999932432	0.26618703121	0.883291351805
0.38420265913	0.0	0.588235121107	0.0	0.845637583893	0.231210688004	0.588235121107	0.143884881735	0.888329135181
0.437168419361	0.0	0.647058442907	0.0	0.852348993289	0.141023680992	0.647058442907	0.0791366849542	0.887489504618
0.444989383221	0.0754679674288	0.578947216067	0.0499999875	0.835570469799	0.248584170622	0.578947216067	0.158273369908	0.888329135181
0.31155192852	0.0	0.678571186225	0.0	0.852348993289	0.227542091898	0.678571186225	0.136690637648	0.891687657431
0.3489151299	0.0	0.823528927336	0.0	0.852348993289	0.179485214517	0.823528927336	0.100719417214	0.892527287993
0.19553296268	0.0399967842545	0.744680692621	0.02499999375	0.838926174497	0.376340268855	0.744680692621	0.251798543036	0.902602854744
