cnn_hidden_size	(20, 10)
loss_weights	[0.30000000000000004, 0.7]
lr	0.000152218401611
0.650355577469	0.0634871457544	0.12903224974	0.0740740466392	0.802013422819	0.13028815179	0.12903224974	0.131578938712	0.775818639798
0.577532410622	0.0	0.0	0.0	0.909395973154	0.0	0.0	0.0	0.872376154492
0.454991519451	0.0	0.0	0.0	0.909395973154	0.0	0.0	0.0	0.872376154492
0.586061239243	0.0	0.0	0.0	0.909395973154	0.0	0.0	0.0	0.872376154492
0.595305860043	0.0	0.0	0.0	0.909395973154	0.0	0.0	0.0	0.872376154492
0.530422925949	0.0	0.0	0.0	0.909395973154	0.0	0.0	0.0	0.872376154492
0.492115408182	0.0	0.0	0.0	0.909395973154	0.0	0.0	0.0	0.871536523929
0.511308848858	0.0	0.0	0.0	0.909395973154	0.0	0.0	0.0	0.871536523929
0.473406255245	0.0	0.0	0.0	0.906040268456	0.0	0.0	0.0	0.871536523929
0.383390158415	0.0	0.3999998	0.0	0.89932885906	0.0930211898771	0.3999998	0.0526315754848	0.869017632242
0.723421812057	0.0	0.571427755103	0.0	0.902684563758	0.0503136173541	0.571427755103	0.0263157877424	0.873215785055
0.428261786699	0.0	0.437499726563	0.0	0.89932885906	0.0833316000915	0.437499726563	0.0460526285492	0.870696893367
0.66365146637	0.0	0.433333188889	0.0	0.889261744966	0.14285437392	0.433333188889	0.0855263101627	0.869017632242
0.508209466934	0.0	0.499999375001	0.0	0.902684563758	0.049999043767	0.499999375001	0.0263157877424	0.872376154492
0.450947761536	0.0	0.433333188889	0.0	0.885906040268	0.14285437392	0.433333188889	0.0855263101627	0.869017632242
0.513448655605	0.0	0.49999975	0.0	0.902684563758	0.116277001117	0.49999975	0.065789469356	0.872376154492
0.539482176304	0.0952334582709	0.366197131522	0.0740740466392	0.872483221477	0.233179495345	0.366197131522	0.171052620325	0.856423173804
0.460076034069	0.0	0.519999792	0.0	0.892617449664	0.146890212941	0.519999792	0.0855263101627	0.873215785055
0.50510841608	0.0	0.517241200951	0.0	0.885906040268	0.165743147078	0.517241200951	0.0986842040339	0.873215785055
0.318373203278	0.0	0.442307607249	0.0	0.875838926174	0.225486375496	0.442307607249	0.151315779519	0.867338371117
