cnn_hidden_size	(60, 30)
loss_weights	[0.35, 0.65]
lr	9.79318498421e-06
0.664825499058	0.111106142195	0.0909090833959	0.099999975	0.785234899329	0.0846104023636	0.0909090833959	0.0791366849542	0.800167926113
0.516165196896	0.0	0.249999375002	0.0	0.855704697987	0.013985468258	0.249999375002	0.00719424408675	0.88161209068
0.455210238695	0.0	0.0	0.0	0.865771812081	0.0	0.0	0.0	0.882451721243
0.575117647648	0.0	0.0	0.0	0.865771812081	0.0	0.0	0.0	0.883291351805
0.353017568588	0.0	0.0	0.0	0.865771812081	0.0	0.0	0.0	0.883291351805
0.449740976095	0.0	0.0	0.0	0.865771812081	0.0	0.0	0.0	0.883291351805
0.324472993612	0.0	0.0	0.0	0.865771812081	0.0	0.0	0.0	0.883291351805
0.573842585087	0.0	0.0	0.0	0.865771812081	0.0	0.0	0.0	0.883291351805
0.515242934227	0.0	0.0	0.0	0.865771812081	0.0	0.0	0.0	0.883291351805
0.350186914206	0.0	0.0	0.0	0.865771812081	0.0	0.0	0.0	0.883291351805
0.599359452724	0.0	0.0	0.0	0.865771812081	0.0	0.0	0.0	0.883291351805
0.562802553177	0.0	0.0	0.0	0.865771812081	0.0	0.0	0.0	0.883291351805
0.539496898651	0.0	0.0	0.0	0.865771812081	0.0	0.0	0.0	0.883291351805
0.307218283415	0.0	0.0	0.0	0.865771812081	0.0	0.0	0.0	0.883291351805
0.753947138786	0.0	0.0	0.0	0.865771812081	0.0	0.0	0.0	0.883291351805
0.425517737865	0.0	0.0	0.0	0.865771812081	0.0	0.0	0.0	0.883291351805
0.604099869728	0.0	0.0	0.0	0.865771812081	0.0	0.0	0.0	0.883291351805
0.651685476303	0.0	0.0	0.0	0.865771812081	0.0	0.0	0.0	0.883291351805
0.672856628895	0.0	0.0	0.0	0.865771812081	0.0	0.0	0.0	0.883291351805
0.397020846605	0.0	0.0	0.0	0.865771812081	0.0	0.0	0.0	0.883291351805
