cnn_hidden_size	(20, 10)
loss_weights	[0.4, 0.6]
lr	0.00516742581332
0.555503070354	0.0	0.0	0.0	0.869127516779	0.0	0.0	0.0	0.882451721243
0.591653764248	0.0	0.0	0.0	0.869127516779	0.0	0.0	0.0	0.882451721243
0.56259727478	0.0	0.9999900001	0.0	0.869127516779	0.0141842543132	0.9999900001	0.00714285663265	0.883291351805
0.338271707296	0.0	0.388888780864	0.0	0.845637583893	0.159087636946	0.388888780864	0.0999999928571	0.875734676742
0.440097749233	0.0	0.0	0.0	0.869127516779	0.0	0.0	0.0	0.882451721243
0.429147601128	0.0408130614816	0.451612757544	0.0256410190664	0.842281879195	0.163739702526	0.451612757544	0.0999999928571	0.879932829555
0.394473284483	0.0967694955422	0.325581357491	0.0769230571992	0.812080536913	0.247782874238	0.325581357491	0.199999985714	0.857262804366
0.406294822693	0.0	0.666665925927	0.0	0.859060402685	0.0805357668723	0.666665925927	0.0428571397959	0.88497061293
0.492796361446	0.114280747152	0.347826056711	0.102564076266	0.791946308725	0.313720513727	0.347826056711	0.285714265306	0.853064651553
0.38223913312	0.0	0.324324236669	0.0	0.842281879195	0.135589898258	0.324324236669	0.0857142795918	0.871536523929
0.375463753939	0.0	0.74999953125	0.0	0.865771812081	0.153844293249	0.74999953125	0.0857142795918	0.889168765743
0.485694229603	0.0384577740333	0.585365710886	0.0256410190664	0.832214765101	0.265189836742	0.585365710886	0.171428559184	0.888329135181
0.432100474834	0.0	0.631578781163	0.0	0.838926174497	0.269659532929	0.631578781163	0.171428559184	0.890848026868
0.38821002841	0.0	0.739130113422	0.0	0.862416107383	0.208586507612	0.739130113422	0.121428562755	0.891687657431
0.257303327322	0.0408130614816	0.731707138608	0.0256410190664	0.842281879195	0.331488171948	0.731707138608	0.21428569898	0.898404701931
0.259831607342	0.107138590728	0.773584759701	0.0769230571992	0.832214765101	0.424866438331	0.773584759701	0.292857121939	0.906801007557
0.270345389843	0.117643414181	0.632652932112	0.0769230571992	0.848993288591	0.328038452496	0.632652932112	0.221428555612	0.893366918556
0.177908882499	0.0923028641548	0.572815478367	0.0769230571992	0.802013422819	0.485591783822	0.572815478367	0.421428541327	0.895046179681
0.308516740799	0.0327822634809	0.604651092482	0.0256410190664	0.802013422819	0.460172235932	0.604651092482	0.371428544898	0.897565071369
0.375472456217	0.103443834908	0.420454497676	0.0769230571992	0.825503355705	0.324556635188	0.420454497676	0.264285695408	0.870696893367
