cnn_hidden_size	(40, 20)
loss_weights	[0.17500000000000004, 0.825]
lr	2.05404838647e-05
0.71053558588	0.111797825804	0.092224229797	0.257142783673	0.520134228188	0.146338180963	0.092224229797	0.354166642072	0.500419815281
0.628429412842	0.0937450149104	0.127819539262	0.0857142612245	0.805369127517	0.122738681536	0.127819539262	0.118055547357	0.7959697733
0.691522061825	0.0	0.122806995999	0.0	0.832214765101	0.0696476713341	0.122806995999	0.0486111077353	0.842989084803
0.581852734089	0.0	0.285714081633	0.0	0.872483221477	0.0506312899081	0.285714081633	0.0277777758488	0.874055415617
0.59291446209	0.0	0.374999531251	0.0	0.879194630872	0.0394726818108	0.374999531251	0.0208333318866	0.877413937867
0.631079316139	0.0	0.0	0.0	0.88255033557	0.0	0.0	0.0	0.87825356843
0.662584722042	0.0	0.0	0.0	0.88255033557	0.0	0.0	0.0	0.879093198992
0.647898077965	0.0	0.0	0.0	0.88255033557	0.0	0.0	0.0	0.879093198992
0.7173178792	0.0	0.0	0.0	0.88255033557	0.0	0.0	0.0	0.879093198992
0.643216252327	0.0	0.0	0.0	0.88255033557	0.0	0.0	0.0	0.879093198992
0.760772228241	0.0	0.0	0.0	0.88255033557	0.0	0.0	0.0	0.879093198992
0.626366138458	0.0	0.0	0.0	0.88255033557	0.0	0.0	0.0	0.879093198992
0.711016356945	0.0	0.0	0.0	0.879194630872	0.0	0.0	0.0	0.87825356843
0.676242649555	0.0	0.0	0.0	0.879194630872	0.0	0.0	0.0	0.87825356843
0.624446094036	0.0	0.0	0.0	0.879194630872	0.0	0.0	0.0	0.877413937867
0.659363627434	0.0	0.0	0.0	0.879194630872	0.0	0.0	0.0	0.874055415617
0.687433719635	0.0	0.0	0.0	0.879194630872	0.0	0.0	0.0	0.875734676742
0.629223942757	0.0	0.0	0.0	0.879194630872	0.0	0.0	0.0	0.87489504618
0.827864468098	0.0	0.142856938776	0.0	0.879194630872	0.0132441472445	0.142856938776	0.00694444396219	0.87489504618
0.634001791477	0.0	0.166666388889	0.0	0.879194630872	0.0133325635987	0.166666388889	0.00694444396219	0.875734676742
