cnn_hidden_size	(60, 30)
loss_weights	[0.4, 0.6]
lr	0.000102930725604
0.687466681004	0.121946216741	0.106508869437	0.131578912742	0.758389261745	0.116124065768	0.106508869437	0.127659565414	0.769941225861
0.633064329624	0.0	0.0	0.0	0.872483221477	0.0	0.0	0.0	0.88161209068
0.502210438251	0.0	0.0	0.0	0.872483221477	0.0	0.0	0.0	0.88161209068
0.492767900229	0.0	0.0	0.0	0.872483221477	0.0	0.0	0.0	0.88161209068
0.505285739899	0.0	0.0	0.0	0.872483221477	0.0	0.0	0.0	0.88161209068
0.284447729588	0.0	0.0	0.0	0.872483221477	0.0	0.0	0.0	0.88161209068
0.618739962578	0.0	0.0	0.0	0.872483221477	0.0	0.0	0.0	0.88161209068
0.715100765228	0.0	0.0	0.0	0.872483221477	0.0	0.0	0.0	0.88161209068
0.472310841084	0.0	0.0	0.0	0.872483221477	0.0	0.0	0.0	0.88161209068
0.31411871314	0.0	0.0	0.0	0.872483221477	0.0	0.0	0.0	0.88161209068
0.370944023132	0.0	0.0	0.0	0.872483221477	0.0	0.0	0.0	0.88161209068
0.200048804283	0.0	0.9999900001	0.0	0.872483221477	0.0140843652053	0.9999900001	0.00709219807857	0.882451721243
0.221140086651	0.0	0.9999900001	0.0	0.872483221477	0.0140843652053	0.9999900001	0.00709219807857	0.882451721243
0.334852904081	0.0	0.9999900001	0.0	0.872483221477	0.0140843652053	0.9999900001	0.00709219807857	0.882451721243
0.374435573816	0.0	0.9999900001	0.0	0.872483221477	0.0140843652053	0.9999900001	0.00709219807857	0.882451721243
0.37869310379	0.0	0.499997500012	0.0	0.872483221477	0.0139857362259	0.499997500012	0.00709219807857	0.88161209068
0.259072452784	0.0	0.749998125005	0.0	0.869127516779	0.0413787681389	0.749998125005	0.0212765942357	0.883291351805
0.35622766614	0.0	0.428570816327	0.0	0.865771812081	0.0405396338758	0.428570816327	0.0212765942357	0.880772460118
0.298339605331	0.0	0.599998800002	0.0	0.865771812081	0.0410952233159	0.599998800002	0.0212765942357	0.882451721243
0.274809449911	0.0930211574251	0.533332977778	0.052631565097	0.869127516779	0.102562351278	0.533332977778	0.0567375846285	0.882451721243
