cnn_hidden_size	(60, 30)
loss_weights	[0.25, 0.75]
lr	5.70014210525e-05
0.675374865532	0.134611608832	0.102564098807	0.269230665681	0.697986577181	0.131450789797	0.102564098807	0.183006523987	0.689336691856
0.679380655289	0.0	0.0	0.0	0.912751677852	0.0	0.0	0.0	0.871536523929
0.787737309933	0.0	0.0	0.0	0.912751677852	0.0	0.0	0.0	0.871536523929
0.580035805702	0.0	0.0	0.0	0.912751677852	0.0	0.0	0.0	0.871536523929
0.723009884357	0.0	0.0	0.0	0.912751677852	0.0	0.0	0.0	0.871536523929
0.477748036385	0.0	0.0	0.0	0.912751677852	0.0	0.0	0.0	0.871536523929
0.646985292435	0.0	0.0	0.0	0.912751677852	0.0	0.0	0.0	0.871536523929
0.453019618988	0.0	0.0	0.0	0.912751677852	0.0	0.0	0.0	0.871536523929
0.558714747429	0.0	0.499997500012	0.0	0.912751677852	0.0129029694107	0.499997500012	0.00653594728523	0.871536523929
0.57795894146	0.0	0.499997500012	0.0	0.912751677852	0.0129029694107	0.499997500012	0.00653594728523	0.871536523929
0.376692652702	0.071427193897	0.571428163266	0.0384615236686	0.912751677852	0.0958068356938	0.571428163266	0.0522875782819	0.873215785055
0.568937122822	0.0	0.636363057852	0.0	0.909395973154	0.0853645917783	0.636363057852	0.0457516309966	0.874055415617
0.548618376255	0.071427193897	0.571428163266	0.0384615236686	0.912751677852	0.0958068356938	0.571428163266	0.0522875782819	0.873215785055
0.383172214031	0.0689636147899	0.482758454221	0.0384615236686	0.909395973154	0.153843457962	0.482758454221	0.0915032619933	0.870696893367
0.634981632233	0.0689636147899	0.518518326475	0.0384615236686	0.909395973154	0.155552988313	0.518518326475	0.0915032619933	0.872376154492
0.50574451685	0.0689636147899	0.519999792	0.0384615236686	0.909395973154	0.14606498489	0.519999792	0.084967314708	0.872376154492
0.673202574253	0.0689636147899	0.518518326475	0.0384615236686	0.909395973154	0.155552988313	0.518518326475	0.0915032619933	0.872376154492
0.490385115147	0.0689636147899	0.518518326475	0.0384615236686	0.909395973154	0.155552988313	0.518518326475	0.0915032619933	0.872376154492
0.53889888525	0.0689636147899	0.515151359045	0.0384615236686	0.909395973154	0.182792760481	0.515151359045	0.111111103849	0.872376154492
0.502683460712	0.0689636147899	0.463414521118	0.0384615236686	0.909395973154	0.195872935012	0.463414521118	0.124182998419	0.869017632242
