cnn_hidden_size	(60, 30)
loss_weights	[0.17500000000000004, 0.825]
lr	1.5176175972e-05
0.685366332531	0.133328305965	0.0608695599244	0.128205095332	0.781879194631	0.0548970049833	0.0608695599244	0.0499999964286	0.797649034425
0.669408380985	0.0	0.0	0.0	0.862416107383	0.0	0.0	0.0	0.876574307305
0.68828356266	0.0	0.0	0.0	0.869127516779	0.0	0.0	0.0	0.882451721243
0.662187099457	0.0	0.0	0.0	0.869127516779	0.0	0.0	0.0	0.882451721243
0.604298174381	0.0	0.0	0.0	0.869127516779	0.0	0.0	0.0	0.882451721243
0.638631522655	0.0	0.0	0.0	0.869127516779	0.0	0.0	0.0	0.882451721243
0.739558935165	0.0	0.0	0.0	0.869127516779	0.0	0.0	0.0	0.882451721243
0.6833537817	0.0	0.0	0.0	0.869127516779	0.0	0.0	0.0	0.882451721243
0.587414622307	0.0	0.0	0.0	0.869127516779	0.0	0.0	0.0	0.882451721243
0.626622259617	0.0	0.0	0.0	0.869127516779	0.0	0.0	0.0	0.882451721243
0.636503219604	0.0	0.0	0.0	0.869127516779	0.0	0.0	0.0	0.882451721243
0.73207116127	0.0	0.0	0.0	0.869127516779	0.0	0.0	0.0	0.882451721243
0.703167140484	0.0	0.0	0.0	0.869127516779	0.0	0.0	0.0	0.88161209068
0.694091022015	0.0	0.0	0.0	0.869127516779	0.0	0.0	0.0	0.88161209068
0.462386906147	0.0476176984462	0.499998750003	0.0256410190664	0.865771812081	0.0277772338056	0.499998750003	0.0142857132653	0.882451721243
0.534593224525	0.0487795360042	0.499998750003	0.0256410190664	0.869127516779	0.0277772338056	0.499998750003	0.0142857132653	0.882451721243
0.587050020695	0.0476176984462	0.3999996	0.0256410190664	0.865771812081	0.0533320818058	0.3999996	0.0285714265306	0.880772460118
0.720926642418	0.0476176984462	0.333332962963	0.0256410190664	0.865771812081	0.0402673159176	0.333332962963	0.021428569898	0.879932829555
0.541531145573	0.0476176984462	0.384615088758	0.0256410190664	0.865771812081	0.0653579136591	0.384615088758	0.0357142831633	0.879932829555
0.699649870396	0.0465099189332	0.352940968858	0.0256410190664	0.862416107383	0.0764311802176	0.352940968858	0.0428571397959	0.87825356843
