cnn_hidden_size	(40, 20)
loss_weights	[0.25, 0.75]
lr	0.000145391991876
0.644368112087	0.0	0.0689654934602	0.0	0.875838926174	0.0223436512766	0.0689654934602	0.0133333324444	0.853064651553
0.819469213486	0.0	0.0	0.0	0.902684563758	0.0	0.0	0.0	0.874055415617
0.614335954189	0.0	0.0	0.0	0.902684563758	0.0	0.0	0.0	0.874055415617
0.397396624088	0.0	0.0	0.0	0.902684563758	0.0	0.0	0.0	0.874055415617
0.465069711208	0.0	0.0	0.0	0.902684563758	0.0	0.0	0.0	0.869857262804
0.683217525482	0.0588209862632	0.366666544444	0.0344827467301	0.892617449664	0.122219430927	0.366666544444	0.0733333284444	0.867338371117
0.503557324409	0.0	0.0	0.0	0.902684563758	0.0	0.0	0.0	0.874055415617
0.61625868082	0.0526279365349	0.365853569304	0.0344827467301	0.879194630872	0.157064674834	0.365853569304	0.0999999933333	0.864819479429
0.637532174587	0.0476147509499	0.352941107266	0.0344827467301	0.865771812081	0.179100672835	0.352941107266	0.119999992	0.861460957179
0.61683088541	0.0624982617608	0.433333188889	0.0344827467301	0.89932885906	0.14444165067	0.433333188889	0.0866666608889	0.870696893367
0.513064861298	0.111106097616	0.369565177221	0.10344824019	0.838926174497	0.280986999601	0.369565177221	0.226666651556	0.853904282116
0.448398053646	0.119995080198	0.371794824129	0.10344824019	0.852348993289	0.254381441292	0.371794824129	0.193333320444	0.857262804366
0.509878754616	0.135588175996	0.387096742976	0.13793098692	0.828859060403	0.350359983021	0.387096742976	0.319999978667	0.850545759866
0.541375935078	0.0937450149104	0.368421028393	0.10344824019	0.805369127517	0.370855902879	0.368421028393	0.373333308444	0.840470193115
0.407964766026	0.086951824446	0.396825333837	0.0689654934602	0.859060402685	0.23473759623	0.396825333837	0.166666655556	0.863140218304
0.605212569237	0.0784264362929	0.427184424545	0.0689654934602	0.842281879195	0.347821232081	0.427184424545	0.293333313778	0.861460957179
0.540163874626	0.115379637785	0.436781558991	0.10344824019	0.845637583893	0.3206704318	0.436781558991	0.253333316444	0.864819479429
0.408833950758	0.0465072151247	0.449275297206	0.0344827467301	0.862416107383	0.283100681036	0.449275297206	0.206666652889	0.868178001679
0.549362123013	0.123071943394	0.430555525656	0.13793098692	0.808724832215	0.421763680933	0.430555525656	0.413333305778	0.857262804366
0.314533770084	0.0	0.523809399093	0.0	0.88255033557	0.229163224877	0.523809399093	0.146666656889	0.875734676742
