cnn_hidden_size	(80, 40)
loss_weights	[0.20000000000000007, 0.7999999999999999]
lr	5.12575890794e-06
0.741397917271	0.137926391356	0.0839694624439	0.190476145125	0.664429530201	0.110271174612	0.0839694624439	0.160583929884	0.701931150294
0.732208132744	0.0588187893064	0.0779220678023	0.0476190362812	0.785234899329	0.0560701545403	0.0779220678023	0.0437956172412	0.830394626364
0.662464141846	0.0444431802784	0.049999975	0.0238095181406	0.855704697987	0.0127366290537	0.049999975	0.0072992695402	0.869857262804
0.68275141716	0.0444431802784	0.0	0.0238095181406	0.855704697987	0.0	0.0	0.0	0.875734676742
0.619520783424	0.0	0.0	0.0	0.859060402685	0.0	0.0	0.0	0.879093198992
0.635934352875	0.0	0.0	0.0	0.859060402685	0.0	0.0	0.0	0.882451721243
0.569056034088	0.0	0.0	0.0	0.859060402685	0.0	0.0	0.0	0.883291351805
0.717613339424	0.0	0.0	0.0	0.859060402685	0.0	0.0	0.0	0.884130982368
0.649132609367	0.0	0.0	0.0	0.859060402685	0.0	0.0	0.0	0.884130982368
0.650805354118	0.0	0.0	0.0	0.859060402685	0.0	0.0	0.0	0.884130982368
0.657184898853	0.0	0.0	0.0	0.859060402685	0.0	0.0	0.0	0.884130982368
0.673811376095	0.0	0.0	0.0	0.859060402685	0.0	0.0	0.0	0.884130982368
0.54311054945	0.0	0.0	0.0	0.859060402685	0.0	0.0	0.0	0.884130982368
0.709467470646	0.0	0.0	0.0	0.859060402685	0.0	0.0	0.0	0.884130982368
0.604411780834	0.0	0.0	0.0	0.859060402685	0.0	0.0	0.0	0.88497061293
0.547477781773	0.0	0.0	0.0	0.859060402685	0.0	0.0	0.0	0.88497061293
0.704553544521	0.0	0.0	0.0	0.859060402685	0.0	0.0	0.0	0.88497061293
0.65576249361	0.0	0.0	0.0	0.859060402685	0.0	0.0	0.0	0.88497061293
0.616274237633	0.0	0.0	0.0	0.859060402685	0.0	0.0	0.0	0.88497061293
0.753058373928	0.0	0.0	0.0	0.859060402685	0.0	0.0	0.0	0.88497061293
