cnn_hidden_size	(20, 10)
loss_weights	[0.050000000000000044, 0.95]
lr	1.89428449058e-06
0.681963980198	0.151077489019	0.121832357487	0.839999664	0.208053691275	0.211862133693	0.121832357487	0.811688258981	0.219143576826
0.615573346615	0.148934543803	0.124521071604	0.839999664	0.194630872483	0.217026136572	0.124521071604	0.844155789341	0.212426532326
0.656224906445	0.147885707962	0.124053029128	0.839999664	0.187919463087	0.216526700576	0.124053029128	0.850649295412	0.2040302267
0.644275665283	0.146339862829	0.126286247649	0.839999664	0.177852348993	0.220766396929	0.126286247649	0.8766233197	0.199832073887
0.648613989353	0.144328316404	0.126276693349	0.839999664	0.164429530201	0.220956377677	0.126276693349	0.883116825772	0.194794290512
0.678202569485	0.143343139249	0.125228518051	0.839999664	0.157718120805	0.219549115144	0.125228518051	0.889610331843	0.182199832074
0.64895761013	0.148647092099	0.126696831433	0.879999648	0.154362416107	0.222396578492	0.126696831433	0.909090850059	0.178001679261
0.6436804533	0.151813657499	0.12668463498	0.919999632	0.137583892617	0.222570868144	0.12668463498	0.915584356131	0.172963895886
0.708196103573	0.150818157284	0.126885535698	0.919999632	0.130872483221	0.223260956935	0.126885535698	0.928571368275	0.16456759026
0.646640777588	0.149835627766	0.127865960072	0.919999632	0.124161073826	0.225153170639	0.127865960072	0.941558380418	0.162048698573
0.690692603588	0.148865817088	0.127957930517	0.919999632	0.11744966443	0.225480526475	0.127957930517	0.94805188649	0.15785054576
0.708422482014	0.148385604385	0.129257640793	0.919999632	0.114093959732	0.227865497005	0.129257640793	0.961038898634	0.15785054576
0.606842041016	0.147434413846	0.130095402167	0.919999632	0.107382550336	0.229531199955	0.130095402167	0.974025910778	0.15449202351
0.670625686646	0.146963377001	0.129310343713	0.919999632	0.104026845638	0.228308429553	0.129310343713	0.974025910778	0.148614609572
0.561240971088	0.146495340393	0.12994836377	0.919999632	0.10067114094	0.22948121266	0.12994836377	0.980519416849	0.148614609572
0.642601430416	0.145568153956	0.129725084796	0.919999632	0.0939597315436	0.229132985827	0.129725084796	0.980519416849	0.146935348447
0.727827072144	0.145568153956	0.129613732793	0.919999632	0.0939597315436	0.228959268424	0.129613732793	0.980519416849	0.146095717884
0.633206188679	0.150468765454	0.129170229862	0.959999616	0.0906040268456	0.228267024926	0.129170229862	0.980519416849	0.142737195634
0.620649218559	0.150468765454	0.129059827957	0.959999616	0.0906040268456	0.228094617606	0.129059827957	0.980519416849	0.141897565071
0.568948805332	0.150468765454	0.128949614612	0.959999616	0.0906040268456	0.227922470523	0.128949614612	0.980519416849	0.141057934509
