cnn_hidden_size	(80, 40)
loss_weights	[0.4, 0.6]
lr	0.00547590606278
0.646959900856	0.0	0.0	0.0	0.885906040268	0.0	0.0	0.0	0.87825356843
0.542889535427	0.0	0.363636033058	0.0	0.879194630872	0.0512807339247	0.363636033058	0.0275862049941	0.875734676742
0.531414449215	0.0	0.0	0.0	0.88255033557	0.0	0.0	0.0	0.876574307305
0.509225964546	0.0	0.0	0.0	0.885906040268	0.0	0.0	0.0	0.87825356843
0.322712600231	0.0	0.571427755103	0.0	0.879194630872	0.0526306934	0.571427755103	0.0275862049941	0.879093198992
0.604049861431	0.0392112269546	0.320987614693	0.0294117560554	0.835570469799	0.230083876276	0.320987614693	0.179310332461	0.853904282116
0.506898343563	0.0	0.666664444452	0.0	0.88255033557	0.0270266261916	0.666664444452	0.013793102497	0.879093198992
0.434673756361	0.0465082966104	0.518518326475	0.0294117560554	0.862416107383	0.162788032087	0.518518326475	0.0965517174792	0.879093198992
0.304347932339	0.0999974000626	0.605262998615	0.0588235121107	0.879194630872	0.251362802157	0.605262998615	0.158620678716	0.88497061293
0.285815805197	0.0	0.99999888889	0.0	0.875838926174	0.11688200119	0.99999888889	0.0620689612366	0.885810243493
0.364046961069	0.146338560433	0.53061213661	0.0882352681661	0.88255033557	0.268037433893	0.53061213661	0.179310332461	0.880772460118
0.514168024063	0.0512797897067	0.49999975	0.0294117560554	0.875838926174	0.121209976162	0.49999975	0.0689655124851	0.87825356843
0.358655631542	0.156858239264	0.537036937586	0.117647024221	0.855704697987	0.291453302748	0.537036937586	0.199999986207	0.88161209068
0.260694295168	0.0	0.687499570313	0.0	0.885906040268	0.136644155727	0.687499570313	0.0758620637337	0.883291351805
0.217695444822	0.035709503188	0.445945885683	0.0294117560554	0.818791946309	0.301365361089	0.445945885683	0.227586191201	0.871536523929
0.355596274137	0.0	0.764705432526	0.0	0.865771812081	0.160491928843	0.764705432526	0.0896551662307	0.885810243493
0.330693870783	0.0	0.65217362949	0.0	0.862416107383	0.178569044107	0.65217362949	0.103448268728	0.884130982368
0.554623425007	0.0	0.547618917234	0.0	0.865771812081	0.245985795468	0.547618917234	0.158620678716	0.88161209068
0.350751578808	0.135588290897	0.425925886488	0.117647024221	0.828859060403	0.363631441894	0.425925886488	0.317241357432	0.864819479429
0.481097400188	0.04444073117	0.560605975666	0.0294117560554	0.855704697987	0.350706568189	0.560605975666	0.255172396195	0.88497061293
