cnn_hidden_size	(20, 10)
loss_weights	[0.17500000000000004, 0.825]
lr	1.53476036331e-05
0.677228331566	0.164553636502	0.106060603765	0.393939274564	0.557046979866	0.161180555939	0.106060603765	0.335616415369	0.571788413098
0.693568468094	0.0533283915664	0.0921985750214	0.0606060422406	0.761744966443	0.0905873299751	0.0921985750214	0.0890410897917	0.780856423174
0.633984267712	0.041662352873	0.0444444345679	0.0303030211203	0.845637583893	0.0209388049282	0.0444444345679	0.0136986291987	0.842989084803
0.711322307587	0.0	0.0	0.0	0.862416107383	0.0	0.0	0.0	0.858942065491
0.660863637924	0.0	0.0	0.0	0.869127516779	0.0	0.0	0.0	0.863979848866
0.668480038643	0.0	0.0	0.0	0.875838926174	0.0	0.0	0.0	0.868178001679
0.759787917137	0.0	0.0	0.0	0.88255033557	0.0	0.0	0.0	0.869017632242
0.659747183323	0.0	0.0	0.0	0.889261744966	0.0	0.0	0.0	0.874055415617
0.712957620621	0.0	0.0	0.0	0.889261744966	0.0	0.0	0.0	0.874055415617
0.6320297122	0.0	0.0	0.0	0.889261744966	0.0	0.0	0.0	0.87489504618
0.647555172443	0.0	0.0	0.0	0.889261744966	0.0	0.0	0.0	0.87489504618
0.693740606308	0.0	0.0	0.0	0.889261744966	0.0	0.0	0.0	0.876574307305
0.582016587257	0.0	0.0	0.0	0.889261744966	0.0	0.0	0.0	0.876574307305
0.70248156786	0.0	0.0	0.0	0.889261744966	0.0	0.0	0.0	0.876574307305
0.763431370258	0.0	0.0	0.0	0.889261744966	0.0	0.0	0.0	0.877413937867
0.67042183876	0.0	0.0	0.0	0.889261744966	0.0	0.0	0.0	0.876574307305
0.669620811939	0.0	0.0	0.0	0.889261744966	0.0	0.0	0.0	0.877413937867
0.653997302055	0.0	0.0	0.0	0.889261744966	0.0	0.0	0.0	0.877413937867
0.648590028286	0.0	0.0	0.0	0.889261744966	0.0	0.0	0.0	0.877413937867
0.611565828323	0.0	0.0	0.0	0.889261744966	0.0	0.0	0.0	0.877413937867
