cnn_hidden_size	(80, 40)
loss_weights	[0.4, 0.6]
lr	1.25101888502e-06
0.774196505547	0.168917305073	0.129834252948	0.961538091716	0.174496644295	0.227600737161	0.129834252948	0.921568567218	0.196473551637
0.713745176792	0.155553803586	0.130434781258	0.807691997042	0.234899328859	0.225198707699	0.130434781258	0.823529357939	0.272040302267
0.726702392101	0.132778147098	0.134090907567	0.615384378698	0.298657718121	0.228458265908	0.134090907567	0.771241779657	0.330814441646
0.680792868137	0.106277986462	0.139813580029	0.423076760355	0.379194630872	0.232298067791	0.139813580029	0.686274464949	0.417296389589
0.712547779083	0.0773455975869	0.135451502752	0.269230665681	0.439597315436	0.21570913333	0.135451502752	0.529411730104	0.505457598657
0.681270480156	0.0709189679858	0.129930391417	0.192307618343	0.560402684564	0.191776948438	0.129930391417	0.366013047973	0.603694374475
0.707231462002	0.0404001595382	0.113712370779	0.0769230473373	0.681208053691	0.150437993026	0.113712370779	0.222222207698	0.67758186398
0.611873626709	0.0499956003847	0.0985915446671	0.0769230473373	0.744966442953	0.114749226669	0.0985915446671	0.13725489299	0.727959697733
0.649289131165	0.071423571775	0.0869565154379	0.0769230473373	0.825503355705	0.0824692347224	0.0869565154379	0.0784313674228	0.775818639798
0.64272081852	0.0754666717443	0.0919540124191	0.0769230473373	0.835570469799	0.0666620395565	0.0919540124191	0.0522875782819	0.811922753988
0.643070340157	0.0816276387879	0.116666647222	0.0769230473373	0.848993288591	0.0657236467918	0.116666647222	0.0457516309966	0.832913518052
0.632855653763	0.0454496905967	0.11111108642	0.0384615236686	0.859060402685	0.0505015332508	0.11111108642	0.0326797364262	0.84214945424
0.59509652853	0.0	0.0857142612245	0.0	0.865771812081	0.0319118602918	0.0857142612245	0.0196078418557	0.847187237615
0.593904495239	0.0	0.0370370233196	0.0	0.872483221477	0.0111085604611	0.0370370233196	0.00653594728523	0.850545759866
0.570421874523	0.0	0.0526315512466	0.0	0.879194630872	0.0116259407046	0.0526315512466	0.00653594728523	0.857262804366
0.55954349041	0.0	0.0999999000001	0.0	0.889261744966	0.0122687855338	0.0999999000001	0.00653594728523	0.864819479429
0.613572895527	0.0	0.0	0.0	0.89932885906	0.0	0.0	0.0	0.865659109992
0.510119318962	0.0	0.0	0.0	0.909395973154	0.0	0.0	0.0	0.868178001679
0.494186580181	0.0	0.0	0.0	0.909395973154	0.0	0.0	0.0	0.870696893367
0.560738921165	0.0	0.0	0.0	0.912751677852	0.0	0.0	0.0	0.870696893367
