cnn_hidden_size	(80, 40)
loss_weights	[0.17500000000000004, 0.825]
lr	3.15101491238e-05
0.631108403206	0.0	0.0	0.0	0.89932885906	0.0	0.0	0.0	0.87489504618
0.685159027576	0.0	0.0	0.0	0.89932885906	0.0	0.0	0.0	0.87489504618
0.608286380768	0.0	0.499999166668	0.0	0.89932885906	0.038708928213	0.499999166668	0.0201342268366	0.87489504618
0.694566488266	0.0	0.357142602041	0.0	0.892617449664	0.0613481155123	0.357142602041	0.0335570447277	0.871536523929
0.627490699291	0.0571403756123	0.409090723141	0.0333333222222	0.889261744966	0.105260903573	0.409090723141	0.0604026805099	0.871536523929
0.560977756977	0.0571403756123	0.344827467301	0.0333333222222	0.889261744966	0.112356810443	0.344827467301	0.0671140894554	0.867338371117
0.564947962761	0.051278474932	0.307692228797	0.0333333222222	0.875838926174	0.127656272719	0.307692228797	0.0805369073465	0.862300587741
0.539728224277	0.0869519473063	0.285714240363	0.0666666444445	0.859060402685	0.169807127639	0.285714240363	0.12080536102	0.852225020991
0.661248207092	0.0454501863639	0.314814756516	0.0333333222222	0.859060402685	0.167483763346	0.314814756516	0.114093952074	0.858102434929
0.419764488935	0.08888440516	0.31746026707	0.0666666444445	0.862416107383	0.188675050377	0.31746026707	0.134228178911	0.855583543241
0.608024477959	0.117642168596	0.317647021453	0.0999999666667	0.848993288591	0.230764585161	0.317647021453	0.18120804153	0.848866498741
0.561681568623	0.113202591883	0.349397548265	0.0999999666667	0.842281879195	0.249995383185	0.349397548265	0.194630859421	0.853904282116
0.603942155838	0.111106131907	0.340659303224	0.0999999666667	0.838926174497	0.258328603905	0.340659303224	0.208053677312	0.850545759866
0.515935003757	0.111106131907	0.357142814626	0.0999999666667	0.838926174497	0.257506096713	0.357142814626	0.201342268366	0.854743912678
0.600215017796	0.107137844619	0.342857110204	0.0999999666667	0.832214765101	0.283459694732	0.342857110204	0.24161072204	0.847187237615
0.47419244051	0.163929373977	0.321167859769	0.166666611111	0.828859060403	0.307687295059	0.321167859769	0.295301993604	0.833753148615
0.55955851078	0.14285211752	0.358695613185	0.133333288889	0.838926174497	0.273854178212	0.358695613185	0.221476495203	0.853064651553
0.651805758476	0.140345841975	0.358974328293	0.133333288889	0.835570469799	0.315784522379	0.358974328293	0.281879175713	0.847187237615
0.59427267313	0.123071914994	0.342281856223	0.133333288889	0.808724832215	0.342276856296	0.342281856223	0.342281856223	0.83543240974
0.661527276039	0.131142499519	0.351724113674	0.133333288889	0.822147651007	0.346933752906	0.351724113674	0.342281856223	0.83879093199
