cnn_hidden_size	(80, 40)
loss_weights	[0.25, 0.75]
lr	1.91546839072e-06
0.728875041008	0.163263143718	0.129171150386	0.666666444445	0.312080536913	0.222632121955	0.129171150386	0.805369073465	0.296389588581
0.713484942913	0.152378488928	0.127499998406	0.533333155556	0.402684563758	0.214960467454	0.127499998406	0.684563712445	0.374475230898
0.676223516464	0.144575334652	0.113144756853	0.399999866667	0.523489932886	0.181330144589	0.113144756853	0.456375808297	0.484466834593
0.718721032143	0.13234948322	0.0977443584525	0.2999999	0.604026845638	0.142331801951	0.0977443584525	0.261744948876	0.6053736356
0.673088490963	0.0776657594801	0.0919540194654	0.133333288889	0.681208053691	0.117068538315	0.0919540194654	0.161073814693	0.696053736356
0.631571948528	0.101261086583	0.0745341568612	0.133333288889	0.761744966443	0.077414357658	0.0745341568612	0.0805369073465	0.75986565911
0.694951117039	0.0416619623326	0.0810810701242	0.0333333222222	0.845637583893	0.0538072202973	0.0810810701242	0.0402684536733	0.822837951301
0.67357134819	0.0571403756123	0.0344827467301	0.0333333222222	0.889261744966	0.0112332268955	0.0344827467301	0.00671140894554	0.852225020991
0.653682589531	0.0	0.0666666222223	0.0	0.892617449664	0.0121934587325	0.0666666222223	0.00671140894554	0.863979848866
0.655284821987	0.0	0.0	0.0	0.892617449664	0.0	0.0	0.0	0.867338371117
0.62363165617	0.0	0.0	0.0	0.895973154362	0.0	0.0	0.0	0.868178001679
0.560148477554	0.0	0.0	0.0	0.895973154362	0.0	0.0	0.0	0.870696893367
0.601976573467	0.0	0.0	0.0	0.895973154362	0.0	0.0	0.0	0.871536523929
0.65280765295	0.0	0.0	0.0	0.89932885906	0.0	0.0	0.0	0.871536523929
0.541664659977	0.0	0.0	0.0	0.89932885906	0.0	0.0	0.0	0.872376154492
0.64445233345	0.0	0.0	0.0	0.89932885906	0.0	0.0	0.0	0.874055415617
0.659811377525	0.0	0.0	0.0	0.89932885906	0.0	0.0	0.0	0.874055415617
0.498328775167	0.0	0.0	0.0	0.89932885906	0.0	0.0	0.0	0.874055415617
0.567775607109	0.0	0.0	0.0	0.89932885906	0.0	0.0	0.0	0.87489504618
0.64017111063	0.0	0.0	0.0	0.89932885906	0.0	0.0	0.0	0.87489504618
