cnn_hidden_size	(40, 20)
loss_weights	[0.35, 0.65]
lr	8.75900984221e-05
0.790313780308	0.161614553179	0.127450979256	0.923076568047	0.164429530201	0.224311609991	0.127450979256	0.934640461788	0.169605373636
0.447219073772	0.0	0.0	0.0	0.912751677852	0.0	0.0	0.0	0.871536523929
0.657144963741	0.0	0.0	0.0	0.912751677852	0.0	0.0	0.0	0.871536523929
0.551572799683	0.0	0.0	0.0	0.912751677852	0.0	0.0	0.0	0.871536523929
0.435277342796	0.0	0.0	0.0	0.912751677852	0.0	0.0	0.0	0.871536523929
0.374272227287	0.0	0.0	0.0	0.912751677852	0.0	0.0	0.0	0.871536523929
0.522637844086	0.0	0.0	0.0	0.912751677852	0.0	0.0	0.0	0.871536523929
0.50551623106	0.0	0.0	0.0	0.912751677852	0.0	0.0	0.0	0.871536523929
0.238639235497	0.0	0.0	0.0	0.912751677852	0.0	0.0	0.0	0.871536523929
0.737377166748	0.0	0.0	0.0	0.912751677852	0.0	0.0	0.0	0.871536523929
0.375971257687	0.0	0.0	0.0	0.912751677852	0.0	0.0	0.0	0.871536523929
0.45288079977	0.0	0.0	0.0	0.912751677852	0.0	0.0	0.0	0.871536523929
0.334534525871	0.0	0.0	0.0	0.912751677852	0.0	0.0	0.0	0.871536523929
0.518999457359	0.0	0.0	0.0	0.912751677852	0.0	0.0	0.0	0.871536523929
0.423455566168	0.0	0.0	0.0	0.912751677852	0.0	0.0	0.0	0.871536523929
0.463836252689	0.0	0.0	0.0	0.912751677852	0.0	0.0	0.0	0.870696893367
0.496151059866	0.0666643111877	0.499999500001	0.0384615236686	0.906040268456	0.0613485340265	0.499999500001	0.0326797364262	0.871536523929
0.394675135612	0.0	0.499997500012	0.0	0.912751677852	0.0129029694107	0.499997500012	0.00653594728523	0.871536523929
0.472519129515	0.0	0.9999900001	0.0	0.912751677852	0.0129868822736	0.9999900001	0.00653594728523	0.872376154492
0.582304596901	0.0666643111877	0.428571122449	0.0384615236686	0.906040268456	0.0718547427621	0.428571122449	0.0392156837114	0.869857262804
