cnn_hidden_size	(60, 30)
loss_weights	[0.30000000000000004, 0.7]
lr	9.33406401999e-05
0.737581431866	0.151108409726	0.132515335797	0.472222091049	0.359060402685	0.225467184163	0.132515335797	0.75524470243	0.376994122586
0.475444585085	0.0	0.0	0.0	0.879194630872	0.0	0.0	0.0	0.879932829555
0.412630259991	0.0	0.0	0.0	0.879194630872	0.0	0.0	0.0	0.879932829555
0.506143987179	0.0	0.0	0.0	0.879194630872	0.0	0.0	0.0	0.879932829555
0.533694088459	0.0	0.0	0.0	0.879194630872	0.0	0.0	0.0	0.879932829555
0.506538391113	0.0	0.0	0.0	0.879194630872	0.0	0.0	0.0	0.879932829555
0.519662797451	0.0	0.0	0.0	0.879194630872	0.0	0.0	0.0	0.879932829555
0.426948517561	0.0	0.0	0.0	0.879194630872	0.0	0.0	0.0	0.879932829555
0.412857443094	0.0	0.9999900001	0.0	0.879194630872	0.0138887490355	0.9999900001	0.00699300650399	0.880772460118
0.485617488623	0.0512806049009	0.999995000025	0.0277777700617	0.875838926174	0.0275859310359	0.999995000025	0.013986013008	0.88161209068
0.419448375702	0.0	0.333332222226	0.0	0.872483221477	0.0136982257565	0.333332222226	0.00699300650399	0.879093198992
0.445015370846	0.0512806049009	0.499999583334	0.0277777700617	0.875838926174	0.0774179163626	0.499999583334	0.0419580390239	0.879932829555
0.332316756248	0.0512806049009	0.999996666678	0.0277777700617	0.875838926174	0.0410954822695	0.999996666678	0.020979019512	0.882451721243
0.390865415335	0.0952356009676	0.479999808	0.0555555401235	0.872483221477	0.14285459259	0.479999808	0.0839160780478	0.879093198992
0.36864939332	0.166662847306	0.383333269444	0.111111080247	0.865771812081	0.226596798834	0.383333269444	0.160839149592	0.868178001679
0.384307831526	0.0975587864809	0.519999792	0.0555555401235	0.875838926174	0.154759353074	0.519999792	0.0909090845518	0.880772460118
0.426497280598	0.136360599237	0.468749853516	0.0833333101852	0.872483221477	0.17142556348	0.468749853516	0.10489509756	0.87825356843
0.377507686615	0.0952356009676	0.608695387524	0.0555555401235	0.872483221477	0.168672291367	0.608695387524	0.0979020910558	0.884130982368
0.350528746843	0.139532093074	0.566666477778	0.0833333101852	0.875838926174	0.196528902444	0.566666477778	0.118881110568	0.883291351805
0.520628392696	0.150938981969	0.402777721836	0.111111080247	0.848993288591	0.269762962107	0.402777721836	0.202797188616	0.868178001679
