cnn_hidden_size	(60, 30)
loss_weights	[0.4, 0.6]
lr	0.000374242300199
0.675503075123	0.0	0.0540540394449	0.0	0.855704697987	0.0218546954502	0.0540540394449	0.0136986291987	0.849706129303
0.496757566929	0.0	0.0	0.0	0.889261744966	0.0	0.0	0.0	0.877413937867
0.355817943811	0.0	0.0	0.0	0.889261744966	0.0	0.0	0.0	0.877413937867
0.65243512392	0.0	0.666664444452	0.0	0.889261744966	0.0268452394082	0.666664444452	0.0136986291987	0.87825356843
0.387053400278	0.0	0.0	0.0	0.889261744966	0.0	0.0	0.0	0.876574307305
0.374667257071	0.0	0.0	0.0	0.889261744966	0.0	0.0	0.0	0.877413937867
0.454732328653	0.0	0.0	0.0	0.889261744966	0.0	0.0	0.0	0.877413937867
0.392557710409	0.0	0.599998800002	0.0	0.889261744966	0.0397344537612	0.599998800002	0.0205479437981	0.87825356843
0.43752515316	0.0571417469546	0.727272066116	0.0303030211203	0.889261744966	0.101909511963	0.727272066116	0.0547945167949	0.88161209068
0.558366060257	0.0	0.749998125005	0.0	0.889261744966	0.0399994755611	0.749998125005	0.0205479437981	0.879093198992
0.278143763542	0.0	0.999997500006	0.0	0.889261744966	0.053332807115	0.999997500006	0.0273972583974	0.880772460118
0.408412992954	0.159995448126	0.614285626531	0.121212084481	0.859060402685	0.398143730329	0.614285626531	0.294520527773	0.890848026868
0.185648933053	0.0476156578329	0.659090759298	0.0303030211203	0.865771812081	0.3052595668	0.659090759298	0.198630123381	0.889168765743
0.206859618425	0.0	0.7209300649	0.0	0.869127516779	0.328038778347	0.7209300649	0.21232875258	0.893366918556
0.293720185757	0.111109521622	0.759999696	0.0606060422406	0.892617449664	0.222219699764	0.759999696	0.130136977388	0.888329135181
0.376286327839	0.159995448126	0.674157227623	0.121212084481	0.859060402685	0.510633548617	0.674157227623	0.410958875962	0.903442485306
0.153054744005	0.0476156578329	0.739130274102	0.0303030211203	0.865771812081	0.354162986148	0.739130274102	0.232876696378	0.895885810243
0.249439373612	0.173908913137	0.740259644122	0.121212084481	0.872483221477	0.511206195218	0.740259644122	0.390410932164	0.908480268682
0.19802749157	0.111109521622	0.923076568047	0.0606060422406	0.892617449664	0.279067168763	0.923076568047	0.164383550385	0.895885810243
0.245686978102	0.158725119834	0.640624949951	0.151515105601	0.822147651007	0.598535123916	0.640624949951	0.561643797148	0.907640638119
