cnn_hidden_size	(80, 40)
loss_weights	[0.35, 0.65]
lr	1.59615155064e-06
0.791808545589	0.15107737205	0.1357649429	0.777777489712	0.208053691275	0.23529180071	0.1357649429	0.88157888937	0.268681780017
0.7537291646	0.168065201281	0.138211380509	0.740740466392	0.335570469799	0.234943150522	0.138211380509	0.782894685336	0.349286314022
0.727418005466	0.172725103745	0.135501353177	0.703703443073	0.389261744966	0.22471626374	0.135501353177	0.65789469356	0.420654911839
0.670785605907	0.168536733406	0.144557820671	0.555555349794	0.503355704698	0.229726459287	0.144557820671	0.559210489526	0.521410579345
0.664097905159	0.129493254047	0.143171803014	0.333333209877	0.593959731544	0.214517686894	0.143171803014	0.427631550814	0.600335852225
0.671749889851	0.160710597978	0.159883716282	0.333333209877	0.684563758389	0.221769933907	0.159883716282	0.361842081458	0.675902602855
0.667750179768	0.159996026097	0.16853931953	0.296296186557	0.718120805369	0.214792502535	0.16853931953	0.296052612102	0.72376154492
0.667566478252	0.142852746732	0.180904513522	0.222222139918	0.758389261745	0.205123283208	0.180904513522	0.236842089681	0.765743073048
0.655756771564	0.14705399237	0.178082179583	0.185185116598	0.805369127517	0.174491634754	0.178082179583	0.171052620325	0.793450881612
0.637500882149	0.0727222482774	0.159090891012	0.0740740466392	0.828859060403	0.116662012685	0.159090891012	0.0921052570983	0.821998320739
0.619419515133	0.0499955878844	0.211538420858	0.0370370233196	0.872483221477	0.107839328277	0.211538420858	0.0723684162916	0.847187237615
0.590951621532	0.0	0.0952380498866	0.0	0.895973154362	0.0231192517581	0.0952380498866	0.0131578938712	0.858102434929
0.540150403976	0.0	0.12499984375	0.0	0.902684563758	0.0124990485087	0.12499984375	0.0065789469356	0.867338371117
0.612991631031	0.0	0.0	0.0	0.909395973154	0.0	0.0	0.0	0.869017632242
0.581371366978	0.0	0.0	0.0	0.909395973154	0.0	0.0	0.0	0.869857262804
0.554655969143	0.0	0.0	0.0	0.909395973154	0.0	0.0	0.0	0.870696893367
0.515435278416	0.0	0.0	0.0	0.909395973154	0.0	0.0	0.0	0.870696893367
0.558633565903	0.0	0.0	0.0	0.909395973154	0.0	0.0	0.0	0.871536523929
0.604505598545	0.0	0.0	0.0	0.909395973154	0.0	0.0	0.0	0.872376154492
0.546219944954	0.0	0.0	0.0	0.909395973154	0.0	0.0	0.0	0.872376154492
