cnn_hidden_size	(40, 20)
loss_weights	[0.25, 0.75]
lr	9.25685584199e-05
0.676847994328	0.0408114791223	0.111111097394	0.0344827467301	0.842281879195	0.077917517554	0.111111097394	0.059999996	0.821158690176
0.53907096386	0.0	0.0	0.0	0.902684563758	0.0	0.0	0.0	0.874055415617
0.395211517811	0.0	0.0	0.0	0.902684563758	0.0	0.0	0.0	0.874055415617
0.591330885887	0.0	0.0	0.0	0.902684563758	0.0	0.0	0.0	0.874055415617
0.498369008303	0.0	0.0	0.0	0.902684563758	0.0	0.0	0.0	0.874055415617
0.501157045364	0.0	0.0	0.0	0.902684563758	0.0	0.0	0.0	0.874055415617
0.587401151657	0.0	0.166666388889	0.0	0.89932885906	0.0128197715735	0.166666388889	0.00666666622222	0.870696893367
0.581481814384	0.0	0.285713877552	0.0	0.89932885906	0.0254768518267	0.285713877552	0.0133333324444	0.871536523929
0.472234576941	0.0	0.411764463668	0.0	0.89932885906	0.0838304966507	0.411764463668	0.0466666635556	0.871536523929
0.453393250704	0.0	0.399999733334	0.0	0.89932885906	0.072725611056	0.399999733334	0.0399999973333	0.871536523929
0.528867840767	0.121209917389	0.421052409972	0.0689654934602	0.902684563758	0.0946725493218	0.421052409972	0.0533333297778	0.871536523929
0.477389544249	0.117644481019	0.363636198347	0.0689654934602	0.89932885906	0.0930210141145	0.363636198347	0.0533333297778	0.869017632242
0.632360219955	0.0624982617608	0.363636198347	0.0344827467301	0.89932885906	0.0930210141145	0.363636198347	0.0533333297778	0.869017632242
0.658073842525	0.171425632698	0.399999866667	0.10344824019	0.902684563758	0.133330540798	0.399999866667	0.0799999946667	0.869017632242
0.510779798031	0.171425632698	0.407407256516	0.10344824019	0.902684563758	0.124291185856	0.407407256516	0.0733333284444	0.869857262804
0.665726542473	0.114282808231	0.407407256516	0.0689654934602	0.895973154362	0.124291185856	0.407407256516	0.0733333284444	0.869857262804
0.593956708908	0.162158685241	0.399999885714	0.10344824019	0.895973154362	0.151348267118	0.399999885714	0.0933333271111	0.868178001679
0.729193627834	0.146337251752	0.444444320988	0.10344824019	0.88255033557	0.172039870562	0.444444320988	0.106666659556	0.870696893367
0.531266212463	0.157891038863	0.419354703434	0.10344824019	0.892617449664	0.143643554282	0.419354703434	0.0866666608889	0.869857262804
0.437358528376	0.127654794199	0.403846076183	0.10344824019	0.862416107383	0.207916948408	0.403846076183	0.139999990667	0.865659109992
