cnn_hidden_size	(80, 40)
loss_weights	[0.375, 0.625]
lr	0.000200399535936
0.63432431221	0.049999025014	0.0714285204082	0.0263157825485	0.872483221477	0.0129015810617	0.0714285204082	0.00709219807857	0.871536523929
0.376145631075	0.0	0.0	0.0	0.872483221477	0.0	0.0	0.0	0.88161209068
0.35296061635	0.0	0.0	0.0	0.872483221477	0.0	0.0	0.0	0.88161209068
0.407651722431	0.0	0.0	0.0	0.872483221477	0.0	0.0	0.0	0.88161209068
0.449965059757	0.0465095511968	0.624999609375	0.0263157825485	0.862416107383	0.127386688329	0.624999609375	0.0709219807857	0.88497061293
0.508144080639	0.0	0.666664444452	0.0	0.869127516779	0.0277773659384	0.666664444452	0.0141843961571	0.882451721243
0.604441225529	0.0	0.999998000004	0.0	0.859060402685	0.0684924798326	0.999998000004	0.0354609903928	0.885810243493
0.366880238056	0.0	0.666664444452	0.0	0.865771812081	0.0277773659384	0.666664444452	0.0141843961571	0.882451721243
0.348997801542	0.0	0.999996666678	0.0	0.869127516779	0.0416662528962	0.999996666678	0.0212765942357	0.884130982368
0.288749575615	0.0	0.999999000001	0.0	0.862416107383	0.132449076805	0.999999000001	0.0709219807857	0.890008396306
0.418634593487	0.0476173016466	0.944443919753	0.0263157825485	0.865771812081	0.213834443276	0.944443919753	0.120567367336	0.895046179681
0.295974731445	0.0	0.999998750002	0.0	0.869127516779	0.10738151976	0.999998750002	0.0567375846285	0.888329135181
0.137567877769	0.0	0.999998333336	0.0	0.869127516779	0.081631858954	0.999998333336	0.0425531884714	0.886649874055
0.503679335117	0.166663298675	0.702127510186	0.105263130194	0.865771812081	0.35106004248	0.702127510186	0.234042536593	0.897565071369
0.476964324713	0.0434753688081	0.799999771429	0.0263157825485	0.852348993289	0.318178595718	0.799999771429	0.1985815462	0.899244332494
0.334975391626	0.0851032504506	0.852940925606	0.052631565097	0.855704697987	0.331425402805	0.852940925606	0.205673744278	0.901763224181
0.214236110449	0.0	0.999999375	0.0	0.855704697987	0.203819799602	0.999999375	0.113475169257	0.895046179681
0.354441106319	0.179099514503	0.564102515889	0.157894695291	0.815436241611	0.51162291063	0.564102515889	0.468085073185	0.894206549118
0.295214563608	0.044441797684	0.84615352071	0.0263157825485	0.855704697987	0.263470393371	0.84615352071	0.156028357728	0.896725440806
0.299568355083	0.044441797684	0.866666377778	0.0263157825485	0.855704697987	0.304090638514	0.866666377778	0.184397150043	0.900083963056
