cnn_hidden_size	(40, 20)
loss_weights	[0.375, 0.625]
lr	1.23904689282e-06
0.79391014576	0.170066075731	0.12023460293	0.781249755859	0.181208053691	0.210254209578	0.12023460293	0.836734636957	0.224181360202
0.816264212132	0.163699037777	0.116988808576	0.718749775391	0.211409395973	0.203537556122	0.116988808576	0.782312871952	0.244332493703
0.762908220291	0.1623595289	0.117894735601	0.687499785156	0.238255033557	0.204190929727	0.117894735601	0.761904710075	0.267002518892
0.713093757629	0.163421931625	0.114827200504	0.656249794922	0.278523489933	0.197315584339	0.114827200504	0.700680224444	0.296389588581
0.721180200577	0.157022485519	0.10965434911	0.593749814453	0.315436241611	0.18661003511	0.10965434911	0.625850297561	0.326616288833
0.712090432644	0.152463895955	0.115584414083	0.531249833984	0.365771812081	0.194108535932	0.115584414083	0.605442135684	0.379513014274
0.753826916218	0.146338814562	0.113997112352	0.468749853516	0.412751677852	0.188092346161	0.113997112352	0.537414929428	0.427371956339
0.683979809284	0.150534769391	0.121019106353	0.437499863281	0.469798657718	0.196125953247	0.121019106353	0.517006767551	0.47691015953
0.685693264008	0.14034781854	0.120996439128	0.374999882813	0.506711409396	0.191816171744	0.120996439128	0.462585002545	0.518891687657
0.7314453125	0.156859416533	0.11599999768	0.374999882813	0.56711409396	0.179285509171	0.11599999768	0.394557796289	0.554156171285
0.70582228899	0.139531131642	0.119617222019	0.281249912109	0.627516778523	0.176987294562	0.119617222019	0.340136031283	0.609571788413
0.678337156773	0.142853035831	0.118598379553	0.249999921875	0.677852348993	0.169880098411	0.118598379553	0.299319707529	0.638958858102
0.683462679386	0.137250569147	0.11671923922	0.218749931641	0.704697986577	0.159478423033	0.11671923922	0.25170066315	0.672544080605
0.625930428505	0.153841560333	0.117424237976	0.218749931641	0.741610738255	0.150846979497	0.117424237976	0.210884339396	0.706968933669
0.689393162727	0.153841275629	0.111111105967	0.187499941406	0.778523489933	0.132226578506	0.111111105967	0.163265295016	0.735516372796
0.666073679924	0.161285275909	0.114285707755	0.156249951172	0.825503355705	0.124218632774	0.114285707755	0.136054412513	0.76322418136
0.670978486538	0.0727223804908	0.109489043103	0.0624999804688	0.828859060403	0.105628801813	0.109489043103	0.102040809385	0.786733837112
0.609248995781	0.0816280885477	0.114035077716	0.0624999804688	0.848993288591	0.0996119307783	0.114035077716	0.0884353681336	0.8026868178
0.608638942242	0.0909050828168	0.127659560887	0.0624999804688	0.865771812081	0.0995802960211	0.127659560887	0.081632647508	0.817800167926
0.627376794815	0.097557501606	0.146666647111	0.0624999804688	0.875838926174	0.0990946163045	0.146666647111	0.0748299268823	0.83207388749
