cnn_hidden_size	(60, 30)
loss_weights	[0.2250000000000001, 0.7749999999999999]
lr	1.0588337464e-05
0.705101191998	0.180788200111	0.132013199142	0.551723947681	0.513422818792	0.211637025187	0.132013199142	0.533333297778	0.499580184719
0.637929260731	0.0512782119852	0.0	0.0344827467301	0.875838926174	0.0	0.0	0.0	0.849706129303
0.659622013569	0.0	0.0	0.0	0.895973154362	0.0	0.0	0.0	0.870696893367
0.692670166492	0.0	0.0	0.0	0.902684563758	0.0	0.0	0.0	0.871536523929
0.65641272068	0.0	0.0	0.0	0.902684563758	0.0	0.0	0.0	0.872376154492
0.555439889431	0.0	0.0	0.0	0.902684563758	0.0	0.0	0.0	0.874055415617
0.559368729591	0.0	0.0	0.0	0.902684563758	0.0	0.0	0.0	0.874055415617
0.64527618885	0.0	0.0	0.0	0.902684563758	0.0	0.0	0.0	0.874055415617
0.654348790646	0.0	0.0	0.0	0.902684563758	0.0	0.0	0.0	0.874055415617
0.547654926777	0.0	0.0	0.0	0.902684563758	0.0	0.0	0.0	0.874055415617
0.724107265472	0.0	0.0	0.0	0.902684563758	0.0	0.0	0.0	0.874055415617
0.538519799709	0.0	0.0	0.0	0.902684563758	0.0	0.0	0.0	0.874055415617
0.580556094646	0.0	0.0	0.0	0.902684563758	0.0	0.0	0.0	0.874055415617
0.451398938894	0.0	0.0	0.0	0.902684563758	0.0	0.0	0.0	0.874055415617
0.590026855469	0.0	0.0	0.0	0.902684563758	0.0	0.0	0.0	0.874055415617
0.622393608093	0.0	0.0	0.0	0.902684563758	0.0	0.0	0.0	0.874055415617
0.47657763958	0.0	0.0	0.0	0.902684563758	0.0	0.0	0.0	0.874055415617
0.514902532101	0.0	0.0	0.0	0.902684563758	0.0	0.0	0.0	0.874055415617
0.700031816959	0.0	0.0	0.0	0.902684563758	0.0	0.0	0.0	0.874055415617
0.518694221973	0.0	0.0	0.0	0.902684563758	0.0	0.0	0.0	0.874055415617
