cnn_hidden_size	(40, 20)
loss_weights	[0.375, 0.625]
lr	0.000347036059554
0.688478887081	0.0888865383293	0.086956483932	0.0512820381328	0.862416107383	0.0245374506509	0.086956483932	0.0142857132653	0.866498740554
0.484179347754	0.0	0.0	0.0	0.869127516779	0.0	0.0	0.0	0.882451721243
0.307532936335	0.0	0.0	0.0	0.869127516779	0.0	0.0	0.0	0.882451721243
0.290438532829	0.0	0.0	0.0	0.869127516779	0.0	0.0	0.0	0.882451721243
0.388789057732	0.0869539036662	0.615384142012	0.0512820381328	0.859060402685	0.104573594793	0.615384142012	0.0571428530612	0.88497061293
0.334282875061	0.0	0.0	0.0	0.865771812081	0.0	0.0	0.0	0.882451721243
0.327459514141	0.124996901114	0.647058442907	0.0769230571992	0.859060402685	0.140125439597	0.647058442907	0.0785714229592	0.886649874055
0.434514582157	0.163929760946	0.454545402893	0.128205095332	0.828859060403	0.350872422348	0.454545402893	0.285714265306	0.875734676742
0.702755868435	0.0	0.636363057852	0.0	0.855704697987	0.0927138687087	0.636363057852	0.0499999964286	0.88497061293
0.453883856535	0.113203617078	0.461538372781	0.0769230571992	0.842281879195	0.249996024368	0.461538372781	0.171428559184	0.879093198992
0.384544223547	0.0	0.833331944447	0.0	0.865771812081	0.0684923531699	0.833331944447	0.0357142831633	0.885810243493
0.437138020992	0.156859085049	0.499999891304	0.102564076266	0.855704697987	0.247308078446	0.499999891304	0.164285702551	0.882451721243
0.396584808826	0.0851035220476	0.719999712	0.0512820381328	0.855704697987	0.218179220599	0.719999712	0.128571419388	0.891687657431
0.549205482006	0.0816293712232	0.642856913265	0.0512820381328	0.848993288591	0.214282911033	0.642856913265	0.128571419388	0.889168765743
0.262719541788	0.172409328293	0.548387037808	0.128205095332	0.838926174497	0.437763406267	0.548387037808	0.364285688265	0.890008396306
0.402982831001	0.0816293712232	0.687499785156	0.0512820381328	0.848993288591	0.255810895114	0.687499785156	0.157142845918	0.892527287993
0.199695289135	0.119996520097	0.659999868	0.0769230571992	0.852348993289	0.347364506414	0.659999868	0.235714268878	0.895885810243
0.456123799086	0.117643414181	0.692307559172	0.0769230571992	0.848993288591	0.374996011326	0.692307559172	0.257142838776	0.899244332494
0.314881145954	0.0416636026517	0.77142835102	0.0256410190664	0.845637583893	0.308568193339	0.77142835102	0.192857129082	0.898404701931
0.350440919399	0.181813990176	0.666666590038	0.128205095332	0.848993288591	0.511008443444	0.666666590038	0.414285684694	0.906801007557
