cnn_hidden_size	(40, 20)
loss_weights	[0.4, 0.6]
lr	0.00276451196062
0.714870214462	0.0	0.0	0.0	0.875838926174	0.0	0.0	0.0	0.880772460118
0.350674927235	0.0	0.9999900001	0.0	0.875838926174	0.0139858731479	0.9999900001	0.00704225302519	0.88161209068
0.372808068991	0.0476169275273	0.307692071006	0.0270270197224	0.865771812081	0.0516113598784	0.307692071006	0.0281690121008	0.876574307305
0.25081461668	0.0833297657736	0.499999821429	0.0540540394449	0.852348993289	0.164703111464	0.499999821429	0.0985915423527	0.880772460118
0.380878508091	0.13698126496	0.301886773466	0.135135098612	0.788590604027	0.318931871912	0.301886773466	0.338028145209	0.827875734677
0.347389608622	0.1568587006	0.442307607249	0.10810807889	0.855704697987	0.237109453779	0.442307607249	0.161971819579	0.875734676742
0.272922933102	0.044441501425	0.631578781163	0.0270270197224	0.855704697987	0.266663306214	0.631578781163	0.169014072605	0.889168765743
0.542722702026	0.127656170299	0.666666518519	0.0810810591673	0.862416107383	0.320851926033	0.666666518519	0.211267590756	0.893366918556
0.43410885334	0.0499985875349	0.566666477778	0.0270270197224	0.872483221477	0.197671515726	0.566666477778	0.119718301428	0.884130982368
0.200675070286	0.117643029738	0.442622878259	0.0810810591673	0.848993288591	0.266005622139	0.442622878259	0.19014083168	0.87489504618
0.379438072443	0.117643029738	0.524999934375	0.0810810591673	0.848993288591	0.378373734331	0.524999934375	0.295774627058	0.884130982368
0.371301919222	0.153841989754	0.635294042907	0.10810807889	0.852348993289	0.475766198497	0.635294042907	0.38028166336	0.900083963056
0.453012883663	0.187495063603	0.547826039319	0.162162118335	0.825503355705	0.490267390624	0.547826039319	0.443661940587	0.890008396306
0.178234428167	0.0727228432414	0.573170661808	0.0540540394449	0.828859060403	0.419638178463	0.573170661808	0.330985892184	0.890848026868
0.364539325237	0.142852608559	0.67441852623	0.10810807889	0.838926174497	0.50876718687	0.67441852623	0.408450675461	0.905961376994
0.340401113033	0.0425498237118	0.718309757985	0.0270270197224	0.848993288591	0.478868750069	0.718309757985	0.359154904285	0.906801007557
0.200432941318	0.0392116882161	0.683544217273	0.0270270197224	0.835570469799	0.488683144942	0.683544217273	0.38028166336	0.905121746432
0.179351553321	0.0784273589097	0.733333235556	0.0540540394449	0.842281879195	0.506907872367	0.733333235556	0.387323916386	0.910159529807
0.218982696533	0.113203289583	0.666666577778	0.0810810591673	0.842281879195	0.46082492731	0.666666577778	0.35211265126	0.901763224181
0.198663324118	0.117643029738	0.73684200831	0.0810810591673	0.848993288591	0.513756879091	0.73684200831	0.394366169411	0.910999160369
