cnn_hidden_size	(80, 40)
loss_weights	[0.20000000000000007, 0.7999999999999999]
lr	1.10497030242e-06
0.707894325256	0.191232644591	0.124168513036	0.685714089796	0.318791946309	0.214146761211	0.124168513036	0.777777723765	0.309823677582
0.70114916563	0.18666402295	0.123893803743	0.599999828571	0.385906040268	0.209623058169	0.123893803743	0.680555508295	0.379513014274
0.689028859138	0.145830336975	0.129411762803	0.399999885714	0.44966442953	0.213589343521	0.129411762803	0.611111068673	0.455919395466
0.686877548695	0.166663348279	0.12568305782	0.399999885714	0.530201342282	0.199130901149	0.12568305782	0.479166633391	0.534005037783
0.684805631638	0.150681265804	0.123543120663	0.31428562449	0.58389261745	0.184987504561	0.123543120663	0.368055529996	0.607892527288
0.677933573723	0.147536867891	0.109792281609	0.257142783673	0.651006711409	0.153841952561	0.109792281609	0.256944426601	0.658270361041
0.700679123402	0.150938944594	0.101123591718	0.228571363265	0.697986577181	0.131382302891	0.101123591718	0.187499986979	0.700251889169
0.688363909721	0.150532907997	0.0981308365359	0.199999942857	0.734899328859	0.117313620558	0.0981308365359	0.145833323206	0.734676742233
0.688973605633	0.0999950533672	0.0887573911978	0.114285681633	0.758389261745	0.0958416713984	0.0887573911978	0.104166659433	0.762384550798
0.694763958454	0.0882302727742	0.0962962891632	0.0857142612245	0.791946308725	0.093184962948	0.0962962891632	0.0902777715085	0.787573467674
0.691352248192	0.0634871054483	0.106796106136	0.0571428408163	0.802013422819	0.0890639567308	0.106796106136	0.0763888835841	0.811083123426
0.687332451344	0.068960707823	0.113924036212	0.0571428408163	0.818791946309	0.0807129066117	0.113924036212	0.0624999956597	0.827875734677
0.670284509659	0.0714238587258	0.0666666555556	0.0571428408163	0.825503355705	0.0392115306201	0.0666666555556	0.0277777758488	0.83543240974
0.679117023945	0.0377313497673	0.068181802686	0.0285714204082	0.828859060403	0.0319113052915	0.068181802686	0.0208333318866	0.847187237615
0.675612807274	0.0425493710948	0.0833333101852	0.0285714204082	0.848993288591	0.0333301299364	0.0833333101852	0.0208333318866	0.853904282116
0.624446988106	0.0444409681687	0.0689654934602	0.0285714204082	0.855704697987	0.0231185943421	0.0689654934602	0.0138888879244	0.858102434929
0.661158978939	0.0454512708925	0.0909090495868	0.0285714204082	0.859060402685	0.02409408354	0.0909090495868	0.0138888879244	0.863979848866
0.579389512539	0.0	0.0588234948097	0.0	0.855704697987	0.0124204701757	0.0588234948097	0.00694444396219	0.866498740554
0.696201741695	0.0	0.0909090082645	0.0	0.869127516779	0.0129019056489	0.0909090082645	0.00694444396219	0.871536523929
0.637480556965	0.0	0.111110987654	0.0	0.869127516779	0.0130707865424	0.111110987654	0.00694444396219	0.873215785055
