cnn_hidden_size	(80, 40)
loss_weights	[0.17500000000000004, 0.825]
lr	4.32326421037e-05
0.652753770351	0.0	0.219512141582	0.0	0.815436241611	0.102269142041	0.219512141582	0.0666666617284	0.867338371117
0.708166897297	0.0	0.0	0.0	0.852348993289	0.0	0.0	0.0	0.886649874055
0.664907574654	0.0	0.0	0.0	0.852348993289	0.0	0.0	0.0	0.886649874055
0.567487061024	0.0	0.9999900001	0.0	0.852348993289	0.0147057342128	0.9999900001	0.00740740685871	0.887489504618
0.653806507587	0.0444439901237	0.111110987654	0.022727267562	0.855704697987	0.0138877151827	0.111110987654	0.00740740685871	0.880772460118
0.597572267056	0.0384589202927	0.391304177694	0.022727267562	0.832214765101	0.113921548684	0.391304177694	0.0666666617284	0.882451721243
0.546825647354	0.0377330155169	0.359999856	0.022727267562	0.828859060403	0.11249734928	0.359999856	0.0666666617284	0.880772460118
0.570328831673	0.12499566421	0.276595685831	0.0909090702479	0.812080536913	0.142853296202	0.276595685831	0.0962962891632	0.869017632242
0.693681836128	0.166661867419	0.317073132064	0.136363605372	0.798657718121	0.239626612677	0.317073132064	0.192592578326	0.861460957179
0.546428024769	0.129028095865	0.34090901343	0.0909090702479	0.818791946309	0.167594038969	0.34090901343	0.111111102881	0.87489504618
0.565466821194	0.164378727856	0.348314567605	0.136363605372	0.795302013423	0.276780900513	0.348314567605	0.22962961262	0.863979848866
0.639167785645	0.166661867419	0.321428533163	0.136363605372	0.798657718121	0.246570591196	0.321428533163	0.199999985185	0.861460957179
0.574360311031	0.181813236765	0.318965489744	0.159090872934	0.788590604027	0.294815722374	0.318965489744	0.274074053772	0.851385390428
0.465026855469	0.169009323678	0.352112626463	0.136363605372	0.802013422819	0.24271390573	0.352112626463	0.185185171468	0.869017632242
0.602566838264	0.162157297441	0.339999966	0.136363605372	0.791946308725	0.289356788494	0.339999966	0.251851833196	0.859781696054
0.460406005383	0.164700849978	0.333333310658	0.159090872934	0.761744966443	0.347512714975	0.333333310658	0.362962936077	0.84550797649
0.457669258118	0.17072669259	0.335714261735	0.159090872934	0.771812080537	0.341813158685	0.335714261735	0.348148122359	0.848026868178
0.499811351299	0.159995107702	0.379629594479	0.136363605372	0.788590604027	0.337443593698	0.379629594479	0.303703681207	0.864819479429
0.663710236549	0.153841196738	0.36799997056	0.136363605372	0.778523489933	0.353841134094	0.36799997056	0.340740715501	0.858942065491
0.565643846989	0.19276605616	0.382352913062	0.181818140496	0.775167785235	0.38375880945	0.382352913062	0.385185156653	0.859781696054
