cnn_hidden_size	(80, 40)
loss_weights	[0.375, 0.625]
lr	0.000334622010305
0.619057238102	0.0	0.0	0.0	0.872483221477	0.0	0.0	0.0	0.88161209068
0.313554704189	0.0	0.0	0.0	0.872483221477	0.0	0.0	0.0	0.88161209068
0.405474036932	0.0	0.0	0.0	0.872483221477	0.0	0.0	0.0	0.88161209068
0.366532683372	0.0	0.0	0.0	0.872483221477	0.0	0.0	0.0	0.88161209068
0.309066146612	0.0	0.0	0.0	0.872483221477	0.0	0.0	0.0	0.88161209068
0.308966428041	0.0	0.9999900001	0.0	0.872483221477	0.0140843652053	0.9999900001	0.00709219807857	0.882451721243
0.292123913765	0.0	0.999995000025	0.0	0.872483221477	0.0279717482531	0.999995000025	0.0141843961571	0.883291351805
0.474025934935	0.172409215338	0.506493440715	0.131578912742	0.838926174497	0.357793563311	0.506493440715	0.276595725064	0.882451721243
0.238561272621	0.0	0.727272066116	0.0	0.865771812081	0.105261801436	0.727272066116	0.0567375846285	0.885810243493
0.315580964088	0.0909066942735	0.649999675	0.052631565097	0.865771812081	0.161488487355	0.649999675	0.0921985750214	0.886649874055
0.511272311211	0.150939280991	0.592592482853	0.105263130194	0.848993288591	0.328201089858	0.592592482853	0.226950338514	0.890008396306
0.394723951817	0.0487791077082	0.823528927336	0.0263157825485	0.869127516779	0.177213247096	0.823528927336	0.0992907730999	0.890848026868
0.34061640501	0.0487791077082	0.857142244898	0.0263157825485	0.869127516779	0.154837046427	0.857142244898	0.0851063769428	0.890008396306
0.239067733288	0.196074556013	0.714285568513	0.131578912742	0.862416107383	0.368417186189	0.714285568513	0.24822693275	0.899244332494
0.414387732744	0.0476173016466	0.842104819945	0.0263157825485	0.865771812081	0.199997882052	0.842104819945	0.113475169257	0.892527287993
0.287107050419	0.150939280991	0.708333234954	0.105263130194	0.848993288591	0.478868719211	0.708333234954	0.361702102007	0.906801007557
0.244749292731	0.0425500771816	0.793103311534	0.0263157825485	0.848993288591	0.462307381163	0.793103311534	0.326241111614	0.910159529807
0.120202995837	0.0454521695411	0.857142612245	0.0263157825485	0.859060402685	0.340905865861	0.857142612245	0.212765942357	0.902602854744
0.351102560759	0.130431852613	0.853658328376	0.0789473476454	0.865771812081	0.384611851861	0.853658328376	0.24822693275	0.905961376994
0.215778633952	0.166661966796	0.769999923	0.131578912742	0.832214765101	0.638999241097	0.769999923	0.54609925205	0.926952141058
