cnn_hidden_size	(20, 10)
loss_weights	[0.07500000000000007, 0.9249999999999999]
lr	1.92204551604e-06
0.666914701462	0.193937630869	0.123529410727	0.9999996875	0.107382550336	0.219893327503	0.123529410727	0.999999931973	0.124265323258
0.640606939793	0.193937630869	0.123529410727	0.9999996875	0.107382550336	0.219893327503	0.123529410727	0.999999931973	0.124265323258
0.697620689869	0.193937630869	0.123529410727	0.9999996875	0.107382550336	0.219893327503	0.123529410727	0.999999931973	0.124265323258
0.592459201813	0.193937630869	0.123529410727	0.9999996875	0.107382550336	0.219893327503	0.123529410727	0.999999931973	0.124265323258
0.674379765987	0.193937630869	0.123529410727	0.9999996875	0.107382550336	0.219893327503	0.123529410727	0.999999931973	0.124265323258
0.628400862217	0.193937630869	0.123529410727	0.9999996875	0.107382550336	0.219893327503	0.123529410727	0.999999931973	0.124265323258
0.645183801651	0.193937630869	0.123529410727	0.9999996875	0.107382550336	0.219893327503	0.123529410727	0.999999931973	0.124265323258
0.588185727596	0.193937630869	0.123529410727	0.9999996875	0.107382550336	0.219893327503	0.123529410727	0.999999931973	0.124265323258
0.821280539036	0.193937630869	0.123529410727	0.9999996875	0.107382550336	0.219893327503	0.123529410727	0.999999931973	0.124265323258
0.738270223141	0.193937630869	0.123633304259	0.9999996875	0.107382550336	0.220057918496	0.123633304259	0.999999931973	0.12510495382
0.705588817596	0.193937630869	0.123633304259	0.9999996875	0.107382550336	0.220057918496	0.123633304259	0.999999931973	0.12510495382
0.767399191856	0.193937630869	0.123633304259	0.9999996875	0.107382550336	0.220057918496	0.123633304259	0.999999931973	0.12510495382
0.700847148895	0.193937630869	0.123633304259	0.9999996875	0.107382550336	0.220057918496	0.123633304259	0.999999931973	0.12510495382
0.653428852558	0.193937630869	0.123633304259	0.9999996875	0.107382550336	0.220057918496	0.123633304259	0.999999931973	0.12510495382
0.628326952457	0.193937630869	0.123633304259	0.9999996875	0.107382550336	0.220057918496	0.123633304259	0.999999931973	0.12510495382
0.713666319847	0.193937630869	0.123633304259	0.9999996875	0.107382550336	0.220057918496	0.123633304259	0.999999931973	0.12510495382
0.76773172617	0.193937630869	0.123633304259	0.9999996875	0.107382550336	0.220057918496	0.123633304259	0.999999931973	0.12510495382
0.667370855808	0.193937630869	0.123633304259	0.9999996875	0.107382550336	0.220057918496	0.123633304259	0.999999931973	0.12510495382
0.623697578907	0.193937630869	0.123633304259	0.9999996875	0.107382550336	0.220057918496	0.123633304259	0.999999931973	0.12510495382
0.699662446976	0.193937630869	0.123633304259	0.9999996875	0.107382550336	0.220057918496	0.123633304259	0.999999931973	0.12510495382
