cnn_hidden_size	(20, 10)
loss_weights	[0.07500000000000007, 0.9249999999999999]
lr	1.18114020959e-06
0.633061587811	0.196848059423	0.123348016263	0.735293901384	0.315436241611	0.212723167245	0.123348016263	0.772413739834	0.303946263644
0.649874866009	0.195310181301	0.124864276603	0.735293901384	0.308724832215	0.215757495476	0.124864276603	0.793103393579	0.298068849706
0.632507383823	0.194550218198	0.124458873112	0.735293901384	0.305369127517	0.215152001013	0.124458873112	0.793103393579	0.295549958018
0.644856512547	0.193796146292	0.12378901912	0.735293901384	0.302013422819	0.214150360588	0.12378901912	0.793103393579	0.291351805206
0.666493177414	0.193796146292	0.123258305217	0.735293901384	0.302013422819	0.213355738251	0.123258305217	0.793103393579	0.287993282955
0.698625385761	0.193796146292	0.122863246551	0.735293901384	0.302013422819	0.212763630679	0.122863246551	0.793103393579	0.285474391268
0.686476051807	0.193047897345	0.12273212249	0.735293901384	0.298657718121	0.212566991135	0.12273212249	0.793103393579	0.284634760705
0.649913728237	0.192305404168	0.124468083782	0.735293901384	0.295302013423	0.215665883199	0.124468083782	0.806896496076	0.285474391268
0.701537191868	0.198471008708	0.124335811644	0.76470565744	0.295302013423	0.215467295505	0.124335811644	0.806896496076	0.284634760705
0.721575975418	0.1962241635	0.123417720217	0.76470565744	0.285234899329	0.214087356328	0.123417720217	0.806896496076	0.278757346767
0.744545340538	0.1962241635	0.122770198082	0.76470565744	0.285234899329	0.213112457863	0.122770198082	0.806896496076	0.274559193955
0.668729901314	0.194754317241	0.122129435051	0.76470565744	0.278523489933	0.212146398021	0.122129435051	0.806896496076	0.270361041142
0.682269990444	0.193306327466	0.122788760429	0.76470565744	0.271812080537	0.213379273018	0.122788760429	0.813793047325	0.269521410579
0.679727494717	0.192590376979	0.122661121386	0.76470565744	0.268456375839	0.213186518174	0.122661121386	0.813793047325	0.268681780017
0.681663155556	0.191879710268	0.123061012171	0.76470565744	0.265100671141	0.2140265053	0.123061012171	0.820689598573	0.266162888329
0.623287081718	0.191879710268	0.122933883028	0.76470565744	0.265100671141	0.213834208048	0.122933883028	0.820689598573	0.265323257767
0.666067659855	0.191879710268	0.122680411106	0.76470565744	0.265100671141	0.21345064833	0.122680411106	0.820689598573	0.263643996641
0.637800037861	0.191879710268	0.122302157016	0.76470565744	0.265100671141	0.212877881831	0.122302157016	0.820689598573	0.261125104954
0.646758973598	0.191174269056	0.122302157016	0.76470565744	0.261744966443	0.212877881831	0.122302157016	0.820689598573	0.261125104954
0.714840114117	0.191174269056	0.12242798228	0.76470565744	0.261744966443	0.213068462149	0.12242798228	0.820689598573	0.261964735516
