cnn_hidden_size	(40, 20)
loss_weights	[0.050000000000000044, 0.95]
lr	2.72011412203e-05
0.590443015099	0.168536430424	0.122743680095	0.483870811655	0.503355704698	0.193728860699	0.122743680095	0.459459428415	0.524769101595
0.632260262966	0.187498238492	0.12542662009	0.967741623309	0.127516778523	0.222725278369	0.12542662009	0.993243176132	0.138539042821
0.613533258438	0.189600718623	0.124789206368	0.999999677419	0.110738255034	0.221887079446	0.124789206368	0.999999932432	0.128463476071
0.55805683136	0.189600718623	0.124789206368	0.999999677419	0.110738255034	0.221887079446	0.124789206368	0.999999932432	0.128463476071
0.66297775507	0.190182316437	0.124684076456	0.999999677419	0.114093959732	0.221720871714	0.124684076456	0.999999932432	0.127623845508
0.617011427879	0.190767493317	0.124684076456	0.999999677419	0.11744966443	0.221720871714	0.124684076456	0.999999932432	0.127623845508
0.611274778843	0.190767493317	0.124684076456	0.999999677419	0.11744966443	0.221720871714	0.124684076456	0.999999932432	0.127623845508
0.576867938042	0.190767493317	0.124684076456	0.999999677419	0.11744966443	0.221720871714	0.124684076456	0.999999932432	0.127623845508
0.601332843304	0.191356282404	0.12510566251	0.999999677419	0.120805369128	0.222387201136	0.12510566251	0.999999932432	0.130982367758
0.5079818964	0.191356282404	0.125530109198	0.999999677419	0.120805369128	0.223057547619	0.125530109198	0.999999932432	0.134340890008
0.803455293179	0.193748238101	0.126064734872	0.999999677419	0.134228187919	0.223901185266	0.126064734872	0.999999932432	0.138539042821
0.562419950962	0.193748238101	0.126387701739	0.999999677419	0.134228187919	0.224410437957	0.126387701739	0.999999932432	0.141057934509
0.781054079533	0.196823609791	0.127806561936	0.999999677419	0.151006711409	0.226644235013	0.127806561936	0.999999932432	0.151973131822
0.659648835659	0.194355599901	0.127366608198	0.999999677419	0.137583892617	0.225952190776	0.127366608198	0.999999932432	0.148614609572
0.555439352989	0.194966781591	0.127476312425	0.999999677419	0.140939597315	0.226124805323	0.127476312425	0.999999932432	0.149454240134
0.573560535908	0.197450437153	0.128919859504	0.999999677419	0.154362416107	0.228393035093	0.128919859504	0.999999932432	0.160369437448
0.659775257111	0.197450437153	0.12937062824	0.999999677419	0.154362416107	0.229100135071	0.12937062824	0.999999932432	0.163727959698
0.600174427032	0.193546574626	0.132024976521	0.967741623309	0.161073825503	0.233252466962	0.132024976521	0.999999932432	0.183039462636
0.521072924137	0.188309865719	0.131907307202	0.935483569199	0.161073825503	0.233068803391	0.131907307202	0.999999932432	0.182199832074
0.477778613567	0.189540650408	0.131956910844	0.935483569199	0.167785234899	0.232961475828	0.131956910844	0.993243176132	0.187237615449
