cnn_hidden_size	(20, 10)
loss_weights	[0.375, 0.625]
lr	1.85220060032e-05
0.700529396534	0.207647364846	0.142372878943	0.593749814453	0.513422818792	0.227947953702	0.142372878943	0.571428532556	0.522250209908
0.655508220196	0.133329165558	0.209677385536	0.0937499707031	0.869127516779	0.12439772913	0.209677385536	0.0884353681336	0.846347607053
0.543691396713	0.0	0.0	0.0	0.889261744966	0.0	0.0	0.0	0.87489504618
0.465158700943	0.0	0.0	0.0	0.892617449664	0.0	0.0	0.0	0.875734676742
0.49057585001	0.0	0.0	0.0	0.892617449664	0.0	0.0	0.0	0.876574307305
0.491970658302	0.0	0.0	0.0	0.892617449664	0.0	0.0	0.0	0.876574307305
0.567115724087	0.0	0.0	0.0	0.892617449664	0.0	0.0	0.0	0.876574307305
0.908655107021	0.0	0.0	0.0	0.892617449664	0.0	0.0	0.0	0.876574307305
0.66854673624	0.0	0.0	0.0	0.892617449664	0.0	0.0	0.0	0.876574307305
0.463231980801	0.0	0.0	0.0	0.892617449664	0.0	0.0	0.0	0.876574307305
0.406826019287	0.0	0.0	0.0	0.892617449664	0.0	0.0	0.0	0.876574307305
0.558999180794	0.0	0.0	0.0	0.892617449664	0.0	0.0	0.0	0.876574307305
0.614103853703	0.0	0.0	0.0	0.892617449664	0.0	0.0	0.0	0.876574307305
0.315800309181	0.0	0.0	0.0	0.892617449664	0.0	0.0	0.0	0.876574307305
0.52887994051	0.0	0.0	0.0	0.892617449664	0.0	0.0	0.0	0.876574307305
0.445870190859	0.0	0.0	0.0	0.892617449664	0.0	0.0	0.0	0.876574307305
0.381544202566	0.0	0.0	0.0	0.892617449664	0.0	0.0	0.0	0.876574307305
0.477154374123	0.0	0.0	0.0	0.892617449664	0.0	0.0	0.0	0.876574307305
0.552279949188	0.0	0.0	0.0	0.892617449664	0.0	0.0	0.0	0.876574307305
0.53747355938	0.0	0.0	0.0	0.892617449664	0.0	0.0	0.0	0.876574307305
