cnn_hidden_size	(60, 30)
loss_weights	[0.30000000000000004, 0.7]
lr	0.00528480907867
0.686644732952	0.0	0.0	0.0	0.912751677852	0.0	0.0	0.0	0.871536523929
0.480836600065	0.206891534006	0.226666651556	0.230769142012	0.845637583893	0.224417428032	0.226666651556	0.222222207698	0.8026868178
0.426717758179	0.0454496905967	0.26829261749	0.0384615236686	0.859060402685	0.113398716752	0.26829261749	0.0718954201376	0.855583543241
0.493429750204	0.0	0.9999900001	0.0	0.909395973154	0.0129868822736	0.9999900001	0.00653594728523	0.872376154492
0.596915900707	0.0	0.499998750003	0.0	0.902684563758	0.0254772071975	0.499998750003	0.0130718945705	0.871536523929
0.396684706211	0.0	0.333332222226	0.0	0.902684563758	0.0128201339678	0.333332222226	0.00653594728523	0.870696893367
0.584506452084	0.0	0.499997500012	0.0	0.912751677852	0.0129029694107	0.499997500012	0.00653594728523	0.871536523929
0.481728345156	0.0	0.9999900001	0.0	0.912751677852	0.0129868822736	0.9999900001	0.00653594728523	0.872376154492
0.617842912674	0.0588198964123	0.322580541103	0.0384615236686	0.892617449664	0.108692838564	0.322580541103	0.0653594728523	0.862300587741
0.512653231621	0.0	0.399999200002	0.0	0.912751677852	0.0253158396228	0.399999200002	0.0130718945705	0.870696893367
0.455405652523	0.0666643111877	0.727272066116	0.0384615236686	0.906040268456	0.09755971224	0.727272066116	0.0522875782819	0.875734676742
0.64541631937	0.0	0.9999900001	0.0	0.909395973154	0.0129868822736	0.9999900001	0.00653594728523	0.872376154492
0.486559957266	0.0571390043357	0.384615236686	0.0384615236686	0.889261744966	0.111729348077	0.384615236686	0.0653594728523	0.866498740554
0.614871680737	0.0555515126344	0.354838595213	0.0384615236686	0.885906040268	0.119562402594	0.354838595213	0.0718954201376	0.863979848866
0.642973124981	0.0	0.999996666678	0.0	0.909395973154	0.0384611563142	0.999996666678	0.0196078418557	0.874055415617
0.624857127666	0.0	0.999998000004	0.0	0.909395973154	0.0632905183512	0.999998000004	0.0326797364262	0.875734676742
0.63334184885	0.0	0.999998000004	0.0	0.909395973154	0.0632905183512	0.999998000004	0.0326797364262	0.875734676742
0.564211428165	0.0	0.411764463668	0.0	0.895973154362	0.0823511315265	0.411764463668	0.0457516309966	0.869017632242
0.396915853024	0.0	0.999996666678	0.0	0.895973154362	0.0384611563142	0.999996666678	0.0196078418557	0.874055415617
0.451532691717	0.0	0.999995000025	0.0	0.909395973154	0.0258061935497	0.999995000025	0.0130718945705	0.873215785055
