cnn_hidden_size	(20, 10)
loss_weights	[0.10000000000000009, 0.8999999999999999]
lr	3.02453483761e-06
0.709245681763	0.209384112939	0.120603013863	0.852940925606	0.265100671141	0.210524091821	0.120603013863	0.827586149822	0.244332493703
0.717832267284	0.20863093165	0.120845920233	0.852940925606	0.261744966443	0.210894082	0.120845920233	0.827586149822	0.246011754828
0.716251790524	0.207883149519	0.122098888778	0.852940925606	0.258389261745	0.213025938314	0.122098888778	0.83448270107	0.249370277078
0.699179172516	0.205671623682	0.122613064094	0.852940925606	0.248322147651	0.214032863689	0.122613064094	0.841379252319	0.247691015953
0.666901290417	0.202163896854	0.12142857019	0.82352916955	0.258389261745	0.211553306287	0.12142857019	0.820689598573	0.255247691016
0.675368845463	0.201436687565	0.123329906235	0.82352916955	0.255033557047	0.214666790565	0.123329906235	0.827586149822	0.262804366079
0.722594082355	0.20863093165	0.124999998698	0.852940925606	0.261744966443	0.217192286177	0.124999998698	0.827586149822	0.273719563392
0.687659502029	0.20863093165	0.125131439273	0.852940925606	0.261744966443	0.21715098481	0.125131439273	0.820689598573	0.27959697733
0.706302821636	0.210906908584	0.125659977554	0.852940925606	0.271812080537	0.217946410935	0.125659977554	0.820689598573	0.28295549958
0.697725951672	0.214283565327	0.127100839001	0.882352681661	0.261744966443	0.220599342691	0.127100839001	0.83448270107	0.282115869018
0.692410111427	0.214283565327	0.125925924593	0.882352681661	0.261744966443	0.218346313247	0.125925924593	0.820689598573	0.284634760705
0.681068837643	0.215825175736	0.12698412564	0.882352681661	0.268456375839	0.220181175599	0.12698412564	0.827586149822	0.28631402183
0.699521243572	0.205126009496	0.127819547499	0.82352916955	0.271812080537	0.22118725502	0.127819547499	0.820689598573	0.296389588581
0.725149691105	0.21014275207	0.13174945862	0.852940925606	0.268456375839	0.227822117734	0.13174945862	0.841379252319	0.305625524769
0.685927689075	0.205126009496	0.131236441093	0.82352916955	0.271812080537	0.226801770933	0.131236441093	0.83448270107	0.307304785894
0.696070373058	0.213233090961	0.131236441093	0.852940925606	0.281879194631	0.226801770933	0.131236441093	0.83448270107	0.307304785894
0.680426239967	0.208952992895	0.131808277431	0.82352916955	0.288590604027	0.227655212654	0.131808277431	0.83448270107	0.310663308144
0.6920992136	0.212925489188	0.132158588853	0.82352916955	0.305369127517	0.227917848816	0.132158588853	0.827586149822	0.317380352645
0.674630582333	0.212596089677	0.135650222695	0.794117413495	0.328859060403	0.233363067363	0.135650222695	0.83448270107	0.332493702771
0.680588006973	0.212596089677	0.138513511954	0.794117413495	0.328859060403	0.238138918034	0.138513511954	0.848275803567	0.339210747271
