cnn_hidden_size	(40, 20)
loss_weights	[0.050000000000000044, 0.95]
lr	2.32914358977e-06
0.71990698576	0.127268365437	0.121739126906	0.199999942857	0.677852348993	0.171774978961	0.121739126906	0.291666646412	0.659949622166
0.710934698582	0.151511231734	0.126696829713	0.285714204082	0.624161073826	0.191122566438	0.126696829713	0.388888861883	0.60201511335
0.703750967979	0.159996400969	0.131059243608	0.342857044898	0.577181208054	0.208270624083	0.131059243608	0.50694440924	0.534005037783
0.722494244576	0.210523035514	0.124006357329	0.514285567347	0.546979865772	0.201808088624	0.124006357329	0.541666629051	0.481947942905
0.666438043118	0.202017271238	0.127094970292	0.571428408163	0.469798657718	0.21162511399	0.127094970292	0.631944400559	0.430730478589
0.693127691746	0.207204532539	0.123115576343	0.657142669388	0.409395973154	0.208508039417	0.123115576343	0.680555508295	0.375314861461
0.68390750885	0.201610462763	0.126891733098	0.714285510204	0.335570469799	0.217345492682	0.126891733098	0.756944391879	0.340890008396
0.704462349415	0.210524014666	0.123142249224	0.799999771429	0.295302013423	0.213625688428	0.123142249224	0.805555499614	0.28295549958
0.668704330921	0.218307682772	0.123629111429	0.885714032653	0.255033557047	0.216214016801	0.123629111429	0.861111051312	0.245172124265
0.672785401344	0.212326642683	0.126679461356	0.885714032653	0.228187919463	0.222594827362	0.126679461356	0.916666603009	0.225860621327
0.658154308796	0.207117718937	0.125231909784	0.914285453061	0.177852348993	0.220947180837	0.125231909784	0.937499934896	0.20067170445
0.674110472202	0.205126200093	0.122522521419	0.914285453061	0.167785234899	0.216903864755	0.122522521419	0.944444378858	0.175482787573
0.718310415745	0.213834505575	0.125110131056	0.971428293878	0.161073825503	0.222046473679	0.125110131056	0.986111042631	0.16456759026
0.62153917551	0.213164177256	0.123801219496	0.971428293878	0.157718120805	0.219982522744	0.123801219496	0.986111042631	0.15449202351
0.657725453377	0.217389353244	0.122625214831	0.999999714286	0.154362416107	0.21812398939	0.122625214831	0.986111042631	0.145256087322
0.625340521336	0.216716320503	0.122308353813	0.999999714286	0.151006711409	0.217622554378	0.122308353813	0.986111042631	0.142737195634
0.603948831558	0.216716320503	0.122641508382	0.999999714286	0.151006711409	0.218318650562	0.122641508382	0.993055486593	0.140218303946
0.625209629536	0.216716320503	0.122326773975	0.999999714286	0.151006711409	0.217819825989	0.122326773975	0.993055486593	0.137699412259
0.640280246735	0.216047442289	0.12211784695	0.999999714286	0.147651006711	0.217488540722	0.12211784695	0.993055486593	0.136020151134
0.625415682793	0.214721996516	0.12286689315	0.999999714286	0.140939597315	0.21884303251	0.12286689315	0.999999930556	0.136859781696
