cnn_hidden_size	(20, 10)
loss_weights	[0.2250000000000001, 0.7749999999999999]
lr	5.19147583573e-06
0.739962220192	0.210142862338	0.117818888824	0.906249716797	0.268456375839	0.206130684864	0.117818888824	0.823129195705	0.217464315701
0.807389914989	0.190111916634	0.116842104033	0.781249755859	0.285234899329	0.202367775704	0.116842104033	0.755101989449	0.265323257767
0.677838265896	0.182570295995	0.116333723662	0.687499785156	0.338926174497	0.198394277665	0.116333723662	0.673469341941	0.328295549958
0.707860648632	0.166664005232	0.119635889211	0.531249833984	0.429530201342	0.200870663567	0.119635889211	0.625850297561	0.385390428212
0.699010968208	0.162159283615	0.126843655946	0.468749853516	0.479865771812	0.208481914811	0.126843655946	0.585033973807	0.451721242653
0.690750002861	0.152862977066	0.130281687847	0.374999882813	0.553691275168	0.206989734748	0.130281687847	0.503401326299	0.523929471033
0.681592822075	0.116784723856	0.119999997333	0.249999921875	0.593959731544	0.180900804601	0.119999997333	0.367346913786	0.589420654912
0.654038667679	0.0884914999118	0.115384611686	0.156249951172	0.654362416107	0.156858384503	0.115384611686	0.244897942524	0.675062972292
0.669725418091	0.0235247123551	0.130653259766	0.0312499902344	0.721476510067	0.150284121747	0.130653259766	0.176870736267	0.75314861461
0.641235291958	0.0298457482165	0.129032247659	0.0312499902344	0.781879194631	0.118076208321	0.129032247659	0.108843530011	0.79932829555
0.707446336746	0.0	0.104651150622	0.0	0.815436241611	0.0772485552366	0.104651150622	0.061224485631	0.819479429051
0.636974811554	0.0	0.122806995999	0.0	0.845637583893	0.0686234176717	0.122806995999	0.0476190443797	0.840470193115
0.718424856663	0.0	0.205882292388	0.0	0.859060402685	0.0773450066826	0.205882292388	0.0476190443797	0.859781696054
0.678378820419	0.0	0.13636357438	0.0	0.869127516779	0.0355006898956	0.13636357438	0.020408161877	0.863140218304
0.689903318882	0.0	0.0833332638889	0.0	0.88255033557	0.0125772194095	0.0833332638889	0.00680272062567	0.868178001679
0.646448850632	0.0	0.0	0.0	0.88255033557	0.0	0.0	0.0	0.868178001679
0.669032871723	0.0	0.0	0.0	0.885906040268	0.0	0.0	0.0	0.870696893367
0.598846137524	0.0	0.0	0.0	0.889261744966	0.0	0.0	0.0	0.870696893367
0.634846568108	0.0	0.0	0.0	0.889261744966	0.0	0.0	0.0	0.872376154492
0.705731391907	0.0	0.0	0.0	0.889261744966	0.0	0.0	0.0	0.873215785055
