cnn_hidden_size	(80, 40)
loss_weights	[0.35, 0.65]
lr	2.54616281613e-06
0.796455025673	0.198140617485	0.125649912256	0.9999996875	0.130872483221	0.222903449466	0.125649912256	0.986394490721	0.151133501259
0.733692884445	0.211602135395	0.118118116936	0.968749697266	0.224832214765	0.205931442434	0.118118116936	0.802721033829	0.235936188077
0.708141863346	0.213950934805	0.119894596576	0.718749775391	0.43288590604	0.200880279289	0.119894596576	0.619047576936	0.392107472712
0.723019242287	0.19999644496	0.103752757092	0.437499863281	0.624161073826	0.156662962032	0.103752757092	0.319727869406	0.575146935348
0.676858663559	0.146336668804	0.07650272806	0.187499941406	0.765100671141	0.0848435394979	0.07650272806	0.0952380887593	0.746431570109
0.653998672962	0.0384567905232	0.0886075837206	0.0312499902344	0.832214765101	0.0619423501653	0.0886075837206	0.0476190443797	0.821998320739
0.645368814468	0.0	0.0	0.0	0.865771812081	0.0	0.0	0.0	0.849706129303
0.615679979324	0.0	0.0	0.0	0.872483221477	0.0	0.0	0.0	0.861460957179
0.594267725945	0.0	0.0	0.0	0.88255033557	0.0	0.0	0.0	0.865659109992
0.555213391781	0.0	0.0	0.0	0.885906040268	0.0	0.0	0.0	0.869017632242
0.59667634964	0.0	0.0	0.0	0.889261744966	0.0	0.0	0.0	0.869857262804
0.568499982357	0.0	0.0	0.0	0.889261744966	0.0	0.0	0.0	0.872376154492
0.552862882614	0.0	0.0	0.0	0.889261744966	0.0	0.0	0.0	0.874055415617
0.53295058012	0.0	0.0	0.0	0.892617449664	0.0	0.0	0.0	0.875734676742
0.639792144299	0.0	0.0	0.0	0.892617449664	0.0	0.0	0.0	0.875734676742
0.527141928673	0.0	0.0	0.0	0.892617449664	0.0	0.0	0.0	0.875734676742
0.447972297668	0.0	0.0	0.0	0.892617449664	0.0	0.0	0.0	0.875734676742
0.652993142605	0.0	0.0	0.0	0.892617449664	0.0	0.0	0.0	0.875734676742
0.510867238045	0.0	0.0	0.0	0.892617449664	0.0	0.0	0.0	0.875734676742
0.559580564499	0.0	0.0	0.0	0.892617449664	0.0	0.0	0.0	0.875734676742
