cnn_hidden_size	(60, 30)
loss_weights	[0.32500000000000007, 0.6749999999999999]
lr	0.00323510256579
0.676816940308	0.0	0.0	0.0	0.862416107383	0.0	0.0	0.0	0.884130982368
0.692000687122	0.0	0.178571364796	0.0	0.852348993289	0.0602381522566	0.178571364796	0.0362318814325	0.869017632242
0.934965252876	0.0	0.0	0.0	0.862416107383	0.0	0.0	0.0	0.884130982368
0.485987901688	0.0	0.0	0.0	0.862416107383	0.0	0.0	0.0	0.884130982368
0.735810160637	0.0799970161073	0.459999908	0.0487804759072	0.845637583893	0.244676920614	0.459999908	0.166666654589	0.880772460118
0.432025432587	0.0392125185142	0.315789418283	0.0243902379536	0.835570469799	0.184611228495	0.315789418283	0.130434773157	0.866498740554
0.428488194942	0.0	0.518518326475	0.0	0.848993288591	0.169694211981	0.518518326475	0.101449268011	0.88497061293
0.384140580893	0.0	0.490195982315	0.0	0.845637583893	0.264546296075	0.490195982315	0.181159407162	0.883291351805
0.391229629517	0.0384581881578	0.511110997531	0.0243902379536	0.832214765101	0.251362384121	0.511110997531	0.166666654589	0.88497061293
0.662301599979	0.0	0.549019500192	0.0	0.842281879195	0.296292324455	0.549019500192	0.202898536022	0.888329135181
0.336121022701	0.0563331327376	0.34722219811	0.0487804759072	0.775167785235	0.354604906262	0.34722219811	0.362318814325	0.847187237615
0.481889516115	0.103444096479	0.637362567323	0.0731707138608	0.825503355705	0.506545384763	0.637362567323	0.420289824617	0.905121746432
0.480126142502	0.0967696828293	0.555555499439	0.0731707138608	0.812080536913	0.464130117375	0.555555499439	0.398550695757	0.893366918556
0.466929644346	0.111107414385	0.597938082687	0.0731707138608	0.838926174497	0.49361213151	0.597938082687	0.420289824617	0.900083963056
0.287272572517	0.0689613498322	0.578313183336	0.0487804759072	0.818791946309	0.434384410689	0.578313183336	0.347826061752	0.895046179681
0.464830338955	0.211759662402	0.445595831834	0.219512141582	0.775167785235	0.519632568934	0.445595831834	0.623188360639	0.866498740554
0.34175953269	0.0333289950058	0.622448916077	0.0243902379536	0.805369127517	0.516944252416	0.622448916077	0.442028953476	0.904282115869
0.359453886747	0.155550560652	0.508196693541	0.170731665675	0.744966442953	0.579434314538	0.508196693541	0.673912994644	0.886649874055
0.213571995497	0.101690640797	0.599999945455	0.0731707138608	0.822147651007	0.532253085374	0.599999945455	0.478260834909	0.902602854744
0.240924268961	0.135588934346	0.731958687427	0.0975609518144	0.828859060403	0.604250419957	0.731958687427	0.514492716341	0.921914357683
