cnn_hidden_size	(80, 40)
loss_weights	[0.32500000000000007, 0.6749999999999999]
lr	0.000431295102362
0.687203705311	0.0	0.0952380498866	0.0	0.865771812081	0.024094172796	0.0952380498866	0.013793102497	0.863979848866
0.719743430614	0.0	0.0	0.0	0.885906040268	0.0	0.0	0.0	0.87825356843
0.351498246193	0.0	0.333332222226	0.0	0.88255033557	0.0135131145101	0.333332222226	0.00689655124851	0.877413937867
0.3908444345	0.0540525347342	0.428570816327	0.0294117560554	0.88255033557	0.0394728003994	0.428570816327	0.0206896537455	0.877413937867
0.368788689375	0.102561814642	0.444444197531	0.0588235121107	0.88255033557	0.0981575325012	0.444444197531	0.0551724099881	0.876574307305
0.276130139828	0.0	0.777776913581	0.0	0.879194630872	0.0909079785922	0.777776913581	0.0482758587396	0.882451721243
0.442833542824	0.0	0.535714094388	0.0	0.872483221477	0.173407671531	0.535714094388	0.103448268728	0.879932829555
0.423665434122	0.0540525347342	0.583332847223	0.0294117560554	0.88255033557	0.0891705513623	0.583332847223	0.0482758587396	0.879932829555
0.578245222569	0.0930199027663	0.507246303298	0.0588235121107	0.869127516779	0.327098403849	0.507246303298	0.241379293698	0.879093198992
0.374398082495	0.0499974251276	0.733333088889	0.0294117560554	0.872483221477	0.251425701909	0.733333088889	0.151724127467	0.890008396306
0.329205721617	0.124995816108	0.552631506233	0.0882352681661	0.859060402685	0.380085950792	0.552631506233	0.289655152438	0.88497061293
0.400004446507	0.0	0.473684127424	0.0	0.842281879195	0.267322655193	0.473684127424	0.18620688371	0.875734676742
0.217361971736	0.0454510126667	0.661016837116	0.0294117560554	0.859060402685	0.382348792335	0.661016837116	0.268965498692	0.894206549118
0.36680150032	0.0869526277693	0.666666587302	0.0588235121107	0.859060402685	0.489078281541	0.666666587302	0.386206869917	0.901763224181
0.398863106966	0.111106406231	0.495867727614	0.0882352681661	0.838926174497	0.451122826387	0.495867727614	0.413793074911	0.877413937867
0.270977377892	0.0499974251276	0.771929689135	0.0294117560554	0.872483221477	0.435639470187	0.771929689135	0.303448254935	0.904282115869
0.264565527439	0.0869526277693	0.697368329294	0.0588235121107	0.859060402685	0.479633453084	0.697368329294	0.365517216171	0.903442485306
0.437259614468	0.184610338596	0.569767408734	0.176470536332	0.822147651007	0.618291527272	0.569767408734	0.675862022354	0.898404701931
0.29299518466	0.0869526277693	0.725274645574	0.0588235121107	0.859060402685	0.559317248316	0.725274645574	0.455172382402	0.912678421495
0.423565208912	0.226410409492	0.702290022726	0.176470536332	0.862416107383	0.66666163126	0.702290022726	0.634482714863	0.922753988245
