cnn_hidden_size	(20, 10)
loss_weights	[0.275, 0.725]
lr	3.79110547354e-05
0.741709053516	0.222927843136	0.120598590488	0.945945690285	0.181208053691	0.214395517442	0.120598590488	0.964788664452	0.157010915197
0.69032651186	0.133328298854	0.0992907730999	0.135135098612	0.781879194631	0.0989349226515	0.0992907730999	0.0985915423527	0.785894206549
0.604955732822	0.0	0.0	0.0	0.875838926174	0.0	0.0	0.0	0.880772460118
0.655639410019	0.0	0.0	0.0	0.875838926174	0.0	0.0	0.0	0.880772460118
0.577589035034	0.0	0.0	0.0	0.875838926174	0.0	0.0	0.0	0.880772460118
0.640583515167	0.0	0.0	0.0	0.875838926174	0.0	0.0	0.0	0.880772460118
0.728697240353	0.0	0.0	0.0	0.875838926174	0.0	0.0	0.0	0.880772460118
0.379214286804	0.0	0.0	0.0	0.875838926174	0.0	0.0	0.0	0.880772460118
0.644970536232	0.0	0.0	0.0	0.875838926174	0.0	0.0	0.0	0.880772460118
0.595058858395	0.0	0.0	0.0	0.875838926174	0.0	0.0	0.0	0.880772460118
0.407111138105	0.0	0.0	0.0	0.875838926174	0.0	0.0	0.0	0.880772460118
0.687876820564	0.0	0.0	0.0	0.875838926174	0.0	0.0	0.0	0.880772460118
0.56241863966	0.0	0.0	0.0	0.875838926174	0.0	0.0	0.0	0.880772460118
0.802716553211	0.0	0.0	0.0	0.875838926174	0.0	0.0	0.0	0.880772460118
0.644638240337	0.0	0.0	0.0	0.875838926174	0.0	0.0	0.0	0.880772460118
0.556586027145	0.0	0.0	0.0	0.875838926174	0.0	0.0	0.0	0.880772460118
0.498401165009	0.0	0.0	0.0	0.875838926174	0.0	0.0	0.0	0.880772460118
0.412033617496	0.0	0.0	0.0	0.875838926174	0.0	0.0	0.0	0.880772460118
0.518748104572	0.0	0.0	0.0	0.875838926174	0.0	0.0	0.0	0.880772460118
0.57950758934	0.0	0.0	0.0	0.875838926174	0.0	0.0	0.0	0.879932829555
