cnn_hidden_size	(80, 40)
loss_weights	[0.4, 0.6]
lr	0.00168786985588
0.614975214005	0.0	0.0	0.0	0.872483221477	0.0	0.0	0.0	0.88161209068
0.446507304907	0.109086598514	0.258064474506	0.0789473476454	0.835570469799	0.157631209801	0.258064474506	0.113475169257	0.856423173804
0.336237967014	0.0784275434356	0.413793032105	0.052631565097	0.842281879195	0.241201875781	0.413793032105	0.170212753886	0.873215785055
0.327903747559	0.0	0.9999900001	0.0	0.872483221477	0.0140843652053	0.9999900001	0.00709219807857	0.882451721243
0.326835155487	0.0	0.9999900001	0.0	0.869127516779	0.0140843652053	0.9999900001	0.00709219807857	0.882451721243
0.40362983942	0.210521260507	0.365384591963	0.210526260388	0.798657718121	0.383833370809	0.365384591963	0.404255290478	0.846347607053
0.494540601969	0.0	0.874998906251	0.0	0.869127516779	0.0939587027711	0.874998906251	0.04964538655	0.886649874055
0.407831847668	0.222217364678	0.514851434173	0.184210477839	0.835570469799	0.429747167257	0.514851434173	0.368794300086	0.884130982368
0.297193199396	0.0869536106791	0.735293901384	0.052631565097	0.859060402685	0.28571112232	0.735293901384	0.177304951964	0.895046179681
0.356446057558	0.133330646963	0.78260852552	0.0789473476454	0.869127516779	0.385022987253	0.78260852552	0.255319130828	0.903442485306
0.33272883296	0.115380636228	0.67532458762	0.0789473476454	0.845637583893	0.4770596074	0.67532458762	0.368794300086	0.904282115869
0.309434056282	0.124996649391	0.725490053825	0.0789473476454	0.859060402685	0.385412725191	0.725490053825	0.262411328907	0.900923593619
0.31204071641	0.192303683512	0.749999901316	0.131578912742	0.859060402685	0.525341022359	0.749999901316	0.404255290478	0.913518052057
0.256755203009	0.193543579721	0.631578880886	0.157894695291	0.832214765101	0.508469723185	0.631578880886	0.425531884714	0.902602854744
0.235300779343	0.140346383643	0.794520439107	0.105263130194	0.835570469799	0.542051528992	0.794520439107	0.411347488557	0.91771620487
0.402706623077	0.123072028594	0.689075572347	0.105263130194	0.808724832215	0.630764218086	0.689075572347	0.581560242443	0.919395465995
0.141388207674	0.127656423795	0.958333133681	0.0789473476454	0.862416107383	0.486768645924	0.958333133681	0.326241111614	0.918555835432
0.0793374553323	0.136981272466	0.740457958744	0.131578912742	0.788590604027	0.713230248467	0.740457958744	0.687943213621	0.934508816121
0.290008306503	0.121207199462	0.840425442508	0.105263130194	0.805369127517	0.672335568346	0.840425442508	0.560283648207	0.935348446683
0.12300466001	0.184610471134	0.833333251634	0.157894695291	0.822147651007	0.699583548612	0.833333251634	0.602836836678	0.938706968934
