cnn_hidden_size	(20, 10)
loss_weights	[0.4, 0.6]
lr	0.00382025993639
0.618479073048	0.0	0.0	0.0	0.879194630872	0.0	0.0	0.0	0.879932829555
0.454026937485	0.0	0.0	0.0	0.879194630872	0.0	0.0	0.0	0.879932829555
0.444976121187	0.0754673124618	0.260869536862	0.0555555401235	0.835570469799	0.204250537368	0.260869536862	0.167832156096	0.842989084803
0.452297985554	0.0	0.0	0.0	0.879194630872	0.0	0.0	0.0	0.879932829555
0.327707529068	0.0	0.571427755103	0.0	0.865771812081	0.0533324364582	0.571427755103	0.0279720260159	0.880772460118
0.402633994818	0.0	0.0	0.0	0.879194630872	0.0	0.0	0.0	0.879932829555
0.436752140522	0.166662847306	0.414634045211	0.111111080247	0.865771812081	0.184779125183	0.414634045211	0.118881110568	0.874055415617
0.581453084946	0.0	0.666666388889	0.0	0.852348993289	0.191614282365	0.666666388889	0.111888104064	0.886649874055
0.445477813482	0.0	0.692307426036	0.0	0.872483221477	0.213015122751	0.692307426036	0.125874117072	0.888329135181
0.601388812065	0.0851027615804	0.456140270853	0.0555555401235	0.855704697987	0.259995898564	0.456140270853	0.181818169104	0.875734676742
0.341871291399	0.0487783225184	0.637930924495	0.0277777700617	0.869127516779	0.368155061554	0.637930924495	0.258741240647	0.893366918556
0.349370390177	0.0851027615804	0.528571353061	0.0555555401235	0.855704697987	0.347413395105	0.528571353061	0.258741240647	0.883291351805
0.475013822317	0.105262105268	0.795454364669	0.0555555401235	0.885906040268	0.374327912185	0.795454364669	0.244755227639	0.901763224181
0.314122021198	0.199995133448	0.484374962158	0.16666662037	0.838926174497	0.45755955725	0.484374962158	0.433566403247	0.876574307305
0.315227717161	0.173909565283	0.645833198785	0.111111080247	0.872483221477	0.324603532841	0.645833198785	0.216783201624	0.891687657431
0.20408475399	0.153841834437	0.583333272569	0.111111080247	0.852348993289	0.468614401058	0.583333272569	0.391608364223	0.893366918556
0.256899595261	0.0487783225184	0.918918670563	0.0277777700617	0.869127516779	0.377774469781	0.918918670563	0.237762221136	0.905961376994
0.32771474123	0.137926278401	0.613636293905	0.111111080247	0.832214765101	0.467527710548	0.613636293905	0.377622351215	0.896725440806
0.394342690706	0.119995920135	0.560975541344	0.0833333101852	0.852348993289	0.408884220102	0.560975541344	0.321678299183	0.888329135181
0.136377111077	0.230764881735	0.560606018136	0.16666662037	0.865771812081	0.538176787088	0.560606018136	0.517482481295	0.893366918556
