cnn_hidden_size	(40, 20)
loss_weights	[0.15000000000000002, 0.85]
lr	1.2765717874e-06
0.705790638924	0.237620939156	0.137557957688	0.705882145329	0.48322147651	0.224744477867	0.137557957688	0.613793061118	0.484466834593
0.681793034077	0.2222192481	0.136439265617	0.617646877163	0.506711409396	0.219836004436	0.136439265617	0.565517202378	0.511335012594
0.696431577206	0.206518703966	0.136283183429	0.558823365052	0.510067114094	0.216898152042	0.136283183429	0.531034446136	0.533165407221
0.680482506752	0.205711131476	0.131428568925	0.529411608997	0.53355704698	0.205966751537	0.131428568925	0.475862036147	0.553316540722
0.690609574318	0.193936098494	0.12605041752	0.470588096886	0.553691275168	0.193233129324	0.12605041752	0.413793074911	0.579345088161
0.657201349735	0.167738489143	0.130641327063	0.38235282872	0.56711409396	0.194342471887	0.130641327063	0.379310318668	0.617128463476
0.676207661629	0.158269663147	0.138020829739	0.323529316609	0.607382550336	0.200374084934	0.138020829739	0.365517216171	0.64483627204
0.704388916492	0.138457654545	0.14613180097	0.264705804498	0.624161073826	0.206473577178	0.14613180097	0.351724113674	0.670864819479
0.691569149494	0.135589095211	0.14687499541	0.235294048443	0.657718120805	0.202146237205	0.14687499541	0.32413790868	0.688497061293
0.679054021835	0.12388957646	0.147157185714	0.205882292388	0.667785234899	0.198193790882	0.147157185714	0.303448254935	0.701091519731
0.693922936916	0.0934535909075	0.149999994643	0.147058780277	0.674496644295	0.197642554123	0.149999994643	0.289655152438	0.71368597817
0.697060585022	0.103088209362	0.161943313282	0.147058780277	0.708053691275	0.204076960878	0.161943313282	0.275862049941	0.738035264484
0.672494351864	0.0645114768046	0.149999993182	0.0882352681661	0.708053691275	0.180817119136	0.149999993182	0.227586191201	0.748950461797
0.670073032379	0.0689607401886	0.146341456276	0.0882352681661	0.728187919463	0.171423708709	0.146341456276	0.206896537455	0.75650713686
0.684289097786	0.0697626450003	0.133333325926	0.0882352681661	0.731543624161	0.147687356757	0.133333325926	0.165517229964	0.767422334173
0.646277606487	0.075944445117	0.121019100572	0.0882352681661	0.755033557047	0.125822814329	0.121019100572	0.131034473722	0.778337531486
0.679241001606	0.0540490727719	0.133333323457	0.0588235121107	0.765100671141	0.128566425959	0.133333323457	0.124137922473	0.795130142737
0.668686687946	0.0571378453347	0.115702469777	0.0588235121107	0.778523489933	0.105258190917	0.115702469777	0.0965517174792	0.800167926113
0.672539055347	0.0606010472437	0.123893794346	0.0588235121107	0.791946308725	0.108522200512	0.123893794346	0.0965517174792	0.806884970613
0.67342376709	0.0615334536589	0.129629617627	0.0588235121107	0.795302013423	0.110667035165	0.129629617627	0.0965517174792	0.811083123426
