cnn_hidden_size	(60, 30)
loss_weights	[0.25, 0.75]
lr	0.000684926528592
0.672688245773	0.0	0.0	0.0	0.879194630872	0.0	0.0	0.0	0.879932829555
0.485967636108	0.0	0.749998125005	0.0	0.879194630872	0.040815791574	0.749998125005	0.020979019512	0.88161209068
0.325904905796	0.0	0.0	0.0	0.879194630872	0.0	0.0	0.0	0.879932829555
0.596319437027	0.0465088806336	0.428571306122	0.0277777700617	0.862416107383	0.168536147641	0.428571306122	0.10489509756	0.875734676742
0.414830058813	0.233761194237	0.314285691837	0.249999930556	0.802013422819	0.310949042271	0.314285691837	0.307692286175	0.836272040302
0.348609507084	0.0487783225184	0.619047324263	0.0277777700617	0.869127516779	0.158534333017	0.619047324263	0.0909090845518	0.884130982368
0.543233454227	0.207787175022	0.368421031086	0.222222160494	0.795302013423	0.401268899611	0.368421031086	0.440559409751	0.84214945424
0.470229685307	0.16666162052	0.406666639556	0.16666662037	0.798657718121	0.416377227052	0.406666639556	0.426573396743	0.856423173804
0.399166107178	0.199995155671	0.371980658358	0.249999930556	0.758389261745	0.439995142094	0.371980658358	0.538461500807	0.83543240974
0.415754050016	0.179482163188	0.44886361086	0.194444390432	0.785234899329	0.495292828147	0.44886361086	0.552447513815	0.864819479429
0.484233915806	0.153841164656	0.578947307479	0.138888850309	0.815436241611	0.462180038536	0.578947307479	0.384615357719	0.892527287993
0.394598245621	0.179099452132	0.574626822789	0.16666662037	0.815436241611	0.555951643882	0.574626822789	0.538461500807	0.896725440806
0.435521274805	0.115380310808	0.681818078512	0.0833333101852	0.845637583893	0.430617647075	0.681818078512	0.314685292679	0.900083963056
0.260248094797	0.193543454857	0.695238029025	0.16666662037	0.832214765101	0.588704747374	0.695238029025	0.510489474791	0.91435768262
0.251264482737	0.123071943394	0.63302746486	0.111111080247	0.808724832215	0.547614095219	0.63302746486	0.482517448775	0.904282115869
0.307787179947	0.237033090874	0.354545443802	0.444444320988	0.654362416107	0.494710348359	0.354545443802	0.818181760966	0.79932829555
0.34859508276	0.197178044166	0.661764657223	0.194444390432	0.808724832215	0.645156247261	0.661764657223	0.629370585359	0.916876574307
0.273274183273	0.169009038037	0.644295258772	0.16666662037	0.802013422819	0.657529203688	0.644295258772	0.671328624383	0.916036943745
0.322500944138	0.21977538955	0.50438594279	0.277777700617	0.761744966443	0.619941320718	0.50438594279	0.804195747958	0.88161209068
0.369232535362	0.197178044166	0.699999953333	0.194444390432	0.808724832215	0.716718503454	0.699999953333	0.734265682918	0.930310663308
