cnn_hidden_size	(60, 30)
loss_weights	[0.375, 0.625]
lr	4.47167990123e-05
0.742205798626	0.229627193989	0.109529023992	0.815789259003	0.302013422819	0.18975099951	0.109529023992	0.709219807857	0.28295549958
0.482205033302	0.0	0.0	0.0	0.872483221477	0.0	0.0	0.0	0.88161209068
0.422467172146	0.0	0.0	0.0	0.872483221477	0.0	0.0	0.0	0.88161209068
0.501143932343	0.0	0.0	0.0	0.872483221477	0.0	0.0	0.0	0.88161209068
0.553915143013	0.0	0.0	0.0	0.872483221477	0.0	0.0	0.0	0.88161209068
0.514364957809	0.0	0.0	0.0	0.872483221477	0.0	0.0	0.0	0.88161209068
0.512280881405	0.0	0.0	0.0	0.872483221477	0.0	0.0	0.0	0.88161209068
0.625804662704	0.0	0.0	0.0	0.872483221477	0.0	0.0	0.0	0.88161209068
0.33078083396	0.0	0.0	0.0	0.872483221477	0.0	0.0	0.0	0.88161209068
0.482489109039	0.0	0.0	0.0	0.872483221477	0.0	0.0	0.0	0.88161209068
0.426495015621	0.0	0.0	0.0	0.872483221477	0.0	0.0	0.0	0.88161209068
0.422162920237	0.0	0.0	0.0	0.872483221477	0.0	0.0	0.0	0.88161209068
0.444034039974	0.0	0.0	0.0	0.872483221477	0.0	0.0	0.0	0.88161209068
0.371840298176	0.0	0.0	0.0	0.872483221477	0.0	0.0	0.0	0.88161209068
0.637974619865	0.0	0.0	0.0	0.872483221477	0.0	0.0	0.0	0.88161209068
0.298492819071	0.0	0.0	0.0	0.872483221477	0.0	0.0	0.0	0.88161209068
0.398039549589	0.0	0.0	0.0	0.872483221477	0.0	0.0	0.0	0.88161209068
0.573165476322	0.0	0.0	0.0	0.872483221477	0.0	0.0	0.0	0.88161209068
0.223874032497	0.0	0.0	0.0	0.872483221477	0.0	0.0	0.0	0.88161209068
0.349617451429	0.0	0.0	0.0	0.872483221477	0.0	0.0	0.0	0.88161209068
