cnn_hidden_size	(80, 40)
loss_weights	[0.125, 0.875]
lr	0.00418217852676
0.724051117897	0.199998187895	0.122792261373	0.99999969697	0.114093959732	0.218724640441	0.122792261373	0.999999931507	0.124265323258
0.650646865368	0.0	0.1999998	0.0	0.885906040268	0.0256398225404	0.1999998	0.0136986291987	0.872376154492
0.691320598125	0.0	0.0	0.0	0.889261744966	0.0	0.0	0.0	0.877413937867
0.637380123138	0.0	0.166666597222	0.0	0.872483221477	0.0470563932039	0.166666597222	0.0273972583974	0.863979848866
0.664385378361	0.210521347068	0.18713449198	0.242424168962	0.798657718121	0.201887762962	0.18713449198	0.21917806718	0.787573467674
0.699172258377	0.235290069978	0.17096773642	0.424242295684	0.694630872483	0.232451776974	0.17096773642	0.363013673766	0.706129303107
0.66044318676	0.138609434509	0.16226414482	0.212121147842	0.708053691275	0.209241151171	0.16226414482	0.294520527773	0.72712006717
0.663078904152	0.0727224465976	0.219780195629	0.0606060422406	0.828859060403	0.168771626474	0.219780195629	0.136986291987	0.834592779177
0.701522052288	0.0338933646926	0.185566991179	0.0303030211203	0.808724832215	0.148143339416	0.185566991179	0.123287662789	0.826196473552
0.657397329807	0.128436121677	0.159420284079	0.212121147842	0.681208053691	0.208526270398	0.159420284079	0.301369842372	0.719563392107
0.685288369656	0.0	0.0588234948097	0.0	0.869127516779	0.0122680690857	0.0588234948097	0.00684931459936	0.864819479429
0.698666632175	0.0	0.086956483932	0.0	0.865771812081	0.0236662850269	0.086956483932	0.0136986291987	0.861460957179
0.624059319496	0.152376613274	0.163120561591	0.242424168962	0.701342281879	0.214948765925	0.163120561591	0.315068471571	0.717884130982
0.670071363449	0.0	0.111111049383	0.0	0.875838926174	0.0243882868899	0.111111049383	0.0136986291987	0.865659109992
0.647858321667	0.0392111039533	0.191780795646	0.0303030211203	0.835570469799	0.127849425312	0.191780795646	0.0958904043911	0.839630562552
0.653510272503	0.152538318118	0.162857138204	0.272727190083	0.664429530201	0.229834546283	0.162857138204	0.390410932164	0.679261125105
0.618334472179	0.170726856173	0.18378377385	0.212121147842	0.771812080537	0.205433123584	0.18378377385	0.232876696378	0.779177162049
0.690396428108	0.0392111039533	0.112903207596	0.0303030211203	0.835570469799	0.0673035015544	0.112903207596	0.0479452021955	0.837111670865
0.691187918186	0.121207084687	0.178571412628	0.121212084481	0.805369127517	0.155033834661	0.178571412628	0.136986291987	0.816960537364
0.682488679886	0.18017596958	0.155172408442	0.303030211203	0.694630872483	0.206417554384	0.155172408442	0.308219156971	0.709487825357
