cnn_hidden_size	(60, 30)
loss_weights	[0.32500000000000007, 0.6749999999999999]
lr	1.34097011459e-05
0.742329835892	0.239745461114	0.120768525885	0.974358724523	0.191275167785	0.214109905649	0.120768525885	0.94285707551	0.186397984887
0.649478316307	0.0	0.106382956089	0.0	0.828859060403	0.0534721670408	0.106382956089	0.0357142831633	0.851385390428
0.576830744743	0.0	0.0	0.0	0.865771812081	0.0	0.0	0.0	0.879932829555
0.545841217041	0.0	0.0	0.0	0.869127516779	0.0	0.0	0.0	0.882451721243
0.486024677753	0.0	0.0	0.0	0.869127516779	0.0	0.0	0.0	0.882451721243
0.497943907976	0.0	0.0	0.0	0.869127516779	0.0	0.0	0.0	0.882451721243
0.420906931162	0.0	0.0	0.0	0.869127516779	0.0	0.0	0.0	0.882451721243
0.373205572367	0.0	0.0	0.0	0.869127516779	0.0	0.0	0.0	0.882451721243
0.525522172451	0.0	0.0	0.0	0.869127516779	0.0	0.0	0.0	0.882451721243
0.551745831966	0.0	0.0	0.0	0.869127516779	0.0	0.0	0.0	0.882451721243
0.503363370895	0.0	0.0	0.0	0.869127516779	0.0	0.0	0.0	0.882451721243
0.53285497427	0.0	0.0	0.0	0.869127516779	0.0	0.0	0.0	0.882451721243
0.553077042103	0.0	0.0	0.0	0.869127516779	0.0	0.0	0.0	0.882451721243
0.73968732357	0.0	0.0	0.0	0.869127516779	0.0	0.0	0.0	0.882451721243
0.550490736961	0.0	0.0	0.0	0.869127516779	0.0	0.0	0.0	0.882451721243
0.501580357552	0.0	0.0	0.0	0.869127516779	0.0	0.0	0.0	0.882451721243
0.624332010746	0.0	0.0	0.0	0.869127516779	0.0	0.0	0.0	0.882451721243
0.513587772846	0.0	0.0	0.0	0.869127516779	0.0	0.0	0.0	0.882451721243
0.417738884687	0.0	0.0	0.0	0.869127516779	0.0	0.0	0.0	0.882451721243
0.628104448318	0.0	0.0	0.0	0.869127516779	0.0	0.0	0.0	0.882451721243
