cnn_hidden_size	(40, 20)
loss_weights	[0.275, 0.725]
lr	3.73586263081e-05
0.727360129356	0.244065535671	0.119918697968	0.947368171745	0.251677852349	0.209775581573	0.119918697968	0.836879373271	0.253568429891
0.664426982403	0.0	0.0	0.0	0.872483221477	0.0	0.0	0.0	0.87825356843
0.596759080887	0.0	0.0	0.0	0.872483221477	0.0	0.0	0.0	0.88161209068
0.476151794195	0.0	0.0	0.0	0.872483221477	0.0	0.0	0.0	0.88161209068
0.587835371494	0.0	0.0	0.0	0.872483221477	0.0	0.0	0.0	0.88161209068
0.383580118418	0.0	0.0	0.0	0.872483221477	0.0	0.0	0.0	0.88161209068
0.48342987895	0.0	0.0	0.0	0.872483221477	0.0	0.0	0.0	0.88161209068
0.35352730751	0.0	0.0	0.0	0.872483221477	0.0	0.0	0.0	0.88161209068
0.669790923595	0.0	0.0	0.0	0.872483221477	0.0	0.0	0.0	0.88161209068
0.617883324623	0.0	0.0	0.0	0.872483221477	0.0	0.0	0.0	0.88161209068
0.605060815811	0.0	0.0	0.0	0.872483221477	0.0	0.0	0.0	0.88161209068
0.52685213089	0.0	0.0	0.0	0.872483221477	0.0	0.0	0.0	0.88161209068
0.744718015194	0.0	0.0	0.0	0.872483221477	0.0	0.0	0.0	0.88161209068
0.590459167957	0.0	0.0	0.0	0.872483221477	0.0	0.0	0.0	0.88161209068
0.423565804958	0.0	0.0	0.0	0.872483221477	0.0	0.0	0.0	0.88161209068
0.416740685701	0.0	0.0	0.0	0.872483221477	0.0	0.0	0.0	0.88161209068
0.457532793283	0.0	0.0	0.0	0.872483221477	0.0	0.0	0.0	0.88161209068
0.560913205147	0.0	0.0	0.0	0.872483221477	0.0	0.0	0.0	0.88161209068
0.640619933605	0.0	0.0	0.0	0.872483221477	0.0	0.0	0.0	0.88161209068
0.472699254751	0.0	0.0	0.0	0.872483221477	0.0	0.0	0.0	0.88161209068
