cnn_hidden_size	(80, 40)
loss_weights	[0.35, 0.65]
lr	0.000775904840167
0.64641970396	0.0	0.0	0.0	0.865771812081	0.0	0.0	0.0	0.883291351805
0.548776566982	0.0909073967212	0.454545316804	0.0499999875	0.865771812081	0.174415483424	0.454545316804	0.107913661301	0.880772460118
0.316184312105	0.0	0.0	0.0	0.865771812081	0.0	0.0	0.0	0.883291351805
0.440931379795	0.0	0.611110771605	0.0	0.862416107383	0.14012534061	0.611110771605	0.0791366849542	0.886649874055
0.408975154161	0.0	0.833331944447	0.0	0.859060402685	0.0689647143956	0.833331944447	0.0359712204337	0.886649874055
0.442971110344	0.0	0.909090082645	0.0	0.855704697987	0.133331956457	0.909090082645	0.0719424408675	0.890848026868
0.427061378956	0.0	0.999998000004	0.0	0.862416107383	0.0694437644729	0.999998000004	0.0359712204337	0.887489504618
0.278966546059	0.0444424494678	0.633333122222	0.02499999375	0.855704697987	0.224849124368	0.633333122222	0.136690637648	0.890008396306
0.325107216835	0.0399967842545	0.499999919355	0.02499999375	0.838926174497	0.308453414578	0.499999919355	0.223021566689	0.883291351805
0.31441116333	0.23528907969	0.472392609056	0.2499999375	0.781879194631	0.50992877269	0.472392609056	0.553956794679	0.875734676742
0.215753048658	0.119996752084	0.651515052801	0.07499998125	0.852348993289	0.419507788267	0.651515052801	0.30935249573	0.900083963056
0.512506425381	0.0	0.652173818526	0.0	0.808724832215	0.432687832423	0.652173818526	0.323740983904	0.900923593619
0.320044994354	0.190471494192	0.599999953846	0.1499999625	0.828859060403	0.57992061308	0.599999953846	0.561151038766	0.905121746432
0.28669205308	0.240958803994	0.532608666706	0.2499999375	0.788590604027	0.606806205026	0.532608666706	0.705035920501	0.893366918556
0.266326725483	0.212116372926	0.639999957333	0.17499995625	0.825503355705	0.664354822896	0.639999957333	0.690647432328	0.918555835432
0.26949891448	0.140346642168	0.692307633136	0.099999975	0.835570469799	0.632807487527	0.692307633136	0.582733771026	0.92107472712
0.275457859039	0.203385395095	0.778846078957	0.1499999625	0.842281879195	0.66666171556	0.778846078957	0.582733771026	0.931989924433
0.269649535418	0.178567283256	0.79279272137	0.12499996875	0.845637583893	0.703995006435	0.79279272137	0.633093479634	0.937867338371
0.323641598225	0.14285220425	0.627906940238	0.12499996875	0.798657718121	0.694528773724	0.627906940238	0.776978361368	0.920235096558
0.0506166741252	0.149248875183	0.669014037393	0.12499996875	0.808724832215	0.676151536112	0.669014037393	0.683453188241	0.923593618808
