cnn_hidden_size	(80, 40)
loss_weights	[0.050000000000000044, 0.95]
lr	1.43000954968e-06
0.714325249195	0.10666171045	0.11199999104	0.0952380725624	0.775167785235	0.106865231571	0.11199999104	0.102189773563	0.803526448363
0.752398073673	0.124994981449	0.115606929734	0.119047590703	0.765100671141	0.129027317358	0.115606929734	0.145985390804	0.773299748111
0.78533577919	0.147363457229	0.135135129048	0.166666626984	0.728187919463	0.16712619034	0.135135129048	0.218978086206	0.748950461797
0.74838155508	0.185180397927	0.134020613951	0.238095181406	0.704697986577	0.182238629569	0.134020613951	0.284671512068	0.706129303107
0.732246994972	0.178857262325	0.127423819185	0.261904699547	0.661073825503	0.184734960087	0.127423819185	0.335766398849	0.659109991604
0.7156021595	0.236106946446	0.119815665442	0.40476180839	0.630872483221	0.182132948874	0.119815665442	0.37956201609	0.607892527288
0.727394938469	0.202377178357	0.131372546444	0.40476180839	0.55033557047	0.207106392702	0.131372546444	0.489051059193	0.569269521411
0.675496101379	0.22340076171	0.134228185667	0.499999880952	0.510067114094	0.218277991514	0.134228185667	0.583941563216	0.518891687657
0.643577635288	0.240381369311	0.133136092705	0.595237953515	0.469798657718	0.221399406301	0.133136092705	0.656934258618	0.468513853904
0.70233476162	0.243475254479	0.132625992936	0.666666507937	0.41610738255	0.22446428377	0.132625992936	0.72992695402	0.419815281276
0.667779684067	0.240961031629	0.13431013267	0.714285544218	0.365771812081	0.230123062844	0.13431013267	0.802919649422	0.382031905961
0.761246979237	0.234845791467	0.131428569927	0.738095062358	0.322147651007	0.227270381826	0.131428569927	0.839415997123	0.343408900084
0.702924728394	0.242644429634	0.128854624132	0.78571409864	0.308724832215	0.223921162451	0.128854624132	0.854014536203	0.31905961377
0.677887558937	0.25531659577	0.12617309566	0.857142653061	0.295302013423	0.2208007282	0.12617309566	0.883211614364	0.28295549958
0.676995575428	0.256754304259	0.122367100077	0.904761689342	0.261744966443	0.215165420409	0.122367100077	0.890510883904	0.252728799328
0.627151489258	0.255031118441	0.120197043151	0.904761689342	0.255033557047	0.211803456283	0.120197043151	0.890510883904	0.237615449202
0.691004574299	0.253244381452	0.117982872331	0.928571207483	0.228187919463	0.208752164836	0.117982872331	0.905109422985	0.210747271201
0.626445710659	0.251610544454	0.118421051519	0.928571207483	0.221476510067	0.209823121052	0.118421051519	0.919707962065	0.203190596138
0.588519275188	0.247616720807	0.117483810199	0.928571207483	0.204697986577	0.208536587887	0.117483810199	0.927007231605	0.190596137699
0.616259276867	0.246833122518	0.116575590924	0.928571207483	0.201342281879	0.207285473546	0.116575590924	0.934306501146	0.178001679261
