cnn_hidden_size	(20, 10)
loss_weights	[0.07500000000000007, 0.9249999999999999]
lr	1.76056975811e-05
0.742811739445	0.0	0.14285707483	0.0	0.855704697987	0.0374977149817	0.14285707483	0.0215827322602	0.870696893367
0.661635696888	0.191775815478	0.183333318056	0.17499995625	0.802013422819	0.169879183819	0.183333318056	0.158273369908	0.819479429051
0.714390456676	0.165132938435	0.148760324431	0.22499994375	0.694630872483	0.188971733568	0.148760324431	0.258992787123	0.740554156171
0.721914947033	0.15037171135	0.128654966998	0.2499999375	0.620805369128	0.182948066015	0.128654966998	0.316546739817	0.670025188917
0.693595051765	0.144732945048	0.128205125217	0.27499993125	0.563758389262	0.193658268457	0.128205125217	0.395683424771	0.615449202351
0.635946989059	0.187130897096	0.120921302861	0.3999999	0.53355704698	0.190905760159	0.120921302861	0.453237377465	0.551637279597
0.687533438206	0.201001792935	0.127218933029	0.499999875	0.46644295302	0.211040110362	0.127218933029	0.61870499146	0.460117548279
0.68339240551	0.206275064491	0.130647129052	0.57499985625	0.406040268456	0.223379560459	0.130647129052	0.769784117282	0.375314861461
0.664701581001	0.2370344955	0.12863070406	0.7999998	0.308724832215	0.224839134961	0.12863070406	0.892086266756	0.282115869018
0.645602166653	0.231576518092	0.127110227139	0.82499979375	0.265100671141	0.223383553879	0.127110227139	0.920863243103	0.252728799328
0.611928284168	0.236484133058	0.125361618849	0.87499978125	0.241610738255	0.2210863471	0.125361618849	0.935251731277	0.230898404702
0.665694415569	0.239997672911	0.126679461356	0.899999775	0.234899328859	0.22353729276	0.126679461356	0.94964021945	0.230058774139
0.672537386417	0.244222114629	0.12429378414	0.92499976875	0.231543624161	0.219814768838	0.12429378414	0.94964021945	0.213266162888
0.60815680027	0.240257464602	0.126050418991	0.92499976875	0.214765100671	0.223138458607	0.126050418991	0.971222951711	0.210747271201
0.67607665062	0.250801600913	0.127579736139	0.97499975625	0.218120805369	0.225724096422	0.127579736139	0.978417195797	0.216624685139
0.620097637177	0.249199032775	0.126159553561	0.97499975625	0.211409395973	0.223498383789	0.126159553561	0.978417195797	0.206549118388
0.687664568424	0.248405404296	0.12651162673	0.97499975625	0.208053691275	0.224050686857	0.12651162673	0.978417195797	0.209068010076
0.640910089016	0.249199032775	0.127460167503	0.97499975625	0.211409395973	0.225536928628	0.127460167503	0.978417195797	0.215785054576
0.656306862831	0.24437073316	0.127819547671	0.9499997625	0.211409395973	0.226099365514	0.127819547671	0.978417195797	0.218303946264
0.660977840424	0.245159026867	0.127699529317	0.9499997625	0.214765100671	0.225911575125	0.127699529317	0.978417195797	0.217464315701
