cnn_hidden_size	(40, 20)
loss_weights	[0.07500000000000007, 0.9249999999999999]
lr	0.000116198733149
0.680119037628	0.199997798238	0.129707111614	0.799999771429	0.248322147651	0.22545226594	0.129707111614	0.861111051312	0.284634760705
0.617116093636	0.208051604227	0.130761993125	0.885714032653	0.208053691275	0.230321009952	0.130761993125	0.965277710745	0.219983207389
0.648636996746	0.21088224191	0.131255900555	0.885714032653	0.221476510067	0.231086833034	0.131255900555	0.965277710745	0.223341729639
0.639786779881	0.213056288444	0.134559534031	0.885714032653	0.231543624161	0.236191561302	0.134559534031	0.965277710745	0.245172124265
0.631915450096	0.215611103242	0.148108106507	0.828571191837	0.291946308725	0.256311976471	0.148108106507	0.95138882282	0.332493702771
0.603552639484	0.222219812636	0.155709340765	0.799999771429	0.342281879195	0.267059866359	0.155709340765	0.937499934896	0.377833753149
0.610375165939	0.224803839036	0.15375854039	0.828571191837	0.328859060403	0.264185440833	0.15375854039	0.937499934896	0.368597816961
0.581483602524	0.236284382515	0.165394399931	0.799999771429	0.392617449664	0.279567269212	0.165394399931	0.902777715085	0.43744752309
0.596663892269	0.223878309501	0.14790996626	0.857142612245	0.302013422819	0.256265088177	0.14790996626	0.958333266782	0.327455919395
0.576157867908	0.232929292133	0.156794423266	0.828571191837	0.359060402685	0.268654256026	0.156794423266	0.937499934896	0.382871536524
0.623239934444	0.239666927489	0.164071854322	0.828571191837	0.38255033557	0.279874911175	0.164071854322	0.95138882282	0.408060453401
0.547911882401	0.225561607519	0.15267175406	0.857142612245	0.308724832215	0.263899628295	0.15267175406	0.972222154707	0.344248530647
0.625350832939	0.231288857477	0.218934906924	0.485714146939	0.620805369128	0.341010369052	0.218934906924	0.770833279803	0.639798488665
0.664395809174	0.239997351535	0.169576057736	0.77142835102	0.426174496644	0.287523840026	0.169576057736	0.944444378858	0.43408900084
0.621166706085	0.247703703842	0.177398157984	0.77142835102	0.44966442953	0.298339858905	0.177398157984	0.937499934896	0.466834592779
0.718935906887	0.257665307733	0.20695651814	0.599999828571	0.593959731544	0.331012086513	0.20695651814	0.826388831501	0.596137699412
0.584532558918	0.257422852203	0.187234039897	0.742856930612	0.496644295302	0.310951239438	0.187234039897	0.916666603009	0.508816120907
0.655142664909	0.257140054905	0.188022281504	0.77142835102	0.476510067114	0.313222267831	0.188022281504	0.937499934896	0.502938706969
0.452806085348	0.24999741642	0.171568625348	0.828571191837	0.41610738255	0.291664110612	0.171568625348	0.972222154707	0.429051217464
0.535408973694	0.24999741642	0.168689318341	0.828571191837	0.41610738255	0.287187544119	0.168689318341	0.965277710745	0.420654911839
