cnn_hidden_size	(40, 20)
loss_weights	[0.20000000000000007, 0.7999999999999999]
lr	0.00220760049132
0.734393417835	0.198754480204	0.137711861489	0.484848337925	0.56711409396	0.210352371633	0.137711861489	0.445205448959	0.590260285474
0.648812115192	0.222217528492	0.261467877914	0.303030211203	0.765100671141	0.313181991681	0.261467877914	0.390410932164	0.790092359362
0.51852619648	0.0	0.277777739198	0.0	0.838926174497	0.183481797935	0.277777739198	0.136986291987	0.850545759866
0.61019718647	0.124995651189	0.388888780864	0.0909090633609	0.859060402685	0.153842963475	0.388888780864	0.0958904043911	0.870696893367
0.596552371979	0.176465540799	0.410071912944	0.181818126722	0.812080536913	0.399994975009	0.410071912944	0.390410932164	0.856423173804
0.774351000786	0.19511709411	0.325581380206	0.242424168962	0.778523489933	0.387806795588	0.325581380206	0.479452021955	0.814441645676
0.530599653721	0.241753566083	0.359183658809	0.333333232323	0.768456375839	0.450123174805	0.359183658809	0.602739684744	0.819479429051
0.502985715866	0.184205564535	0.3519552876	0.212121147842	0.791946308725	0.387687335448	0.3519552876	0.43150681976	0.832913518052
0.443627029657	0.208950162739	0.405228731684	0.212121147842	0.822147651007	0.414710694124	0.405228731684	0.42465750516	0.853064651553
0.407876372337	0.222217732973	0.356877310153	0.333333232323	0.741610738255	0.46264601938	0.356877310153	0.657534201539	0.812762384551
0.334500640631	0.129865198363	0.475409810087	0.151515105601	0.775167785235	0.528870411073	0.475409810087	0.595890370144	0.869857262804
0.319633841515	0.129865198363	0.485029911076	0.151515105601	0.775167785235	0.517566874467	0.485029911076	0.554794482548	0.873215785055
0.432482630014	0.251964617828	0.310626694533	0.484848337925	0.681208053691	0.444440355094	0.310626694533	0.780821864327	0.760705289673
0.587636113167	0.205877296834	0.638888829733	0.212121147842	0.818791946309	0.543302155788	0.638888829733	0.472602707356	0.902602854744
0.414587110281	0.186041738898	0.579545421617	0.242424168962	0.765100671141	0.63353537676	0.579545421617	0.698630089135	0.900923593619
0.30781263113	0.19752598701	0.557894707479	0.242424168962	0.781879194631	0.630947429177	0.557894707479	0.726027347532	0.895885810243
0.226763635874	0.224485283304	0.451737434296	0.333333232323	0.744966442953	0.577773138522	0.451737434296	0.801369808125	0.856423173804
0.393576860428	0.23528969443	0.460937481995	0.363636253444	0.738255033557	0.587060021818	0.460937481995	0.808219122725	0.860621326616
0.301492184401	0.239995530081	0.522123870702	0.363636253444	0.744966442953	0.634403799319	0.522123870702	0.808219122725	0.885810243493
0.484811007977	0.22988029604	0.620689619501	0.303030211203	0.775167785235	0.67499499613	0.620689619501	0.739725976731	0.912678421495
