cnn_hidden_size	(80, 40)
loss_weights	[0.275, 0.725]
lr	0.00202222681284
0.688514173031	0.0	0.0	0.0	0.88255033557	0.0	0.0	0.0	0.879093198992
0.656396508217	0.0	0.0	0.0	0.88255033557	0.0	0.0	0.0	0.879093198992
0.479542404413	0.0	0.0	0.0	0.88255033557	0.0	0.0	0.0	0.879093198992
0.631591916084	0.123071914994	0.263636339669	0.114285681633	0.808724832215	0.228341528409	0.263636339669	0.201388874904	0.83543240974
0.468458384275	0.127655717632	0.3499999125	0.0857142612245	0.862416107383	0.152170493932	0.3499999125	0.0972222154707	0.869017632242
0.566262364388	0.215379578813	0.390243870712	0.199999942857	0.828859060403	0.359545565864	0.390243870712	0.333333310185	0.856423173804
0.841129302979	0.175433795142	0.399999961905	0.142857102041	0.842281879195	0.337344493224	0.399999961905	0.291666646412	0.861460957179
0.447581082582	0.0	0.588234948097	0.0	0.879194630872	0.124221698265	0.588234948097	0.0694444396219	0.88161209068
0.496127665043	0.0799957682199	0.431578901939	0.0571428408163	0.845637583893	0.343091415833	0.431578901939	0.28472220245	0.868178001679
0.451934635639	0.109086241518	0.430107480634	0.0857142612245	0.835570469799	0.337547945731	0.430107480634	0.277777758488	0.868178001679
0.658138751984	0.194439394419	0.409090878099	0.199999942857	0.805369127517	0.391299328986	0.409090878099	0.374999973958	0.858942065491
0.572851419449	0.0888853927257	0.759999848	0.0571428408163	0.862416107383	0.391748710846	0.759999848	0.263888870563	0.900923593619
0.348535060883	0.105258381254	0.558558508238	0.0857142612245	0.828859060403	0.486269555451	0.558558508238	0.430555525656	0.890008396306
0.241681426764	0.113203019045	0.66233757632	0.0857142612245	0.842281879195	0.461533879367	0.66233757632	0.354166642072	0.900083963056
0.478803664446	0.131573944093	0.503105558813	0.142857102041	0.778523489933	0.531142521734	0.503105558813	0.562499960938	0.879932829555
0.474023967981	0.184205509137	0.491803251814	0.199999942857	0.791946308725	0.550453753095	0.491803251814	0.624999956597	0.876574307305
0.281109273434	0.249995152468	0.419913401735	0.31428562449	0.778523489933	0.517328574905	0.419913401735	0.673611064333	0.848026868178
0.468180269003	0.236837074204	0.538011664444	0.257142783673	0.805369127517	0.584121983816	0.538011664444	0.638888844522	0.890008396306
0.359015524387	0.202526659309	0.456730747273	0.228571363265	0.788590604027	0.539767861936	0.456730747273	0.659722176408	0.863979848866
0.269108086824	0.0952331269882	0.567073136154	0.0857142612245	0.808724832215	0.603891085806	0.567073136154	0.645833288484	0.897565071369
