cnn_hidden_size	(80, 40)
loss_weights	[0.10000000000000009, 0.8999999999999999]
lr	5.19967392388e-05
0.787880480289	0.233530857524	0.117497885735	0.99999974359	0.140939597315	0.210126600239	0.117497885735	0.992857071939	0.122586062133
0.705833554268	0.234779772056	0.148571426449	0.692307514793	0.409395973154	0.247616263977	0.148571426449	0.742857089796	0.469353484467
0.666598677635	0.22950481775	0.170040482388	0.538461400395	0.526845637584	0.264980777642	0.170040482388	0.599999957143	0.608732157851
0.664190948009	0.232139960574	0.177672953181	0.666666495727	0.422818791946	0.291234148651	0.177672953181	0.80714279949	0.538203190596
0.637985169888	0.227719633902	0.193490050751	0.589743438527	0.476510067114	0.308799075763	0.193490050751	0.764285659694	0.597816960537
0.674516677856	0.255704811859	0.186708857805	0.717948533859	0.453020134228	0.305696504767	0.186708857805	0.842857082653	0.549958018472
0.613662540913	0.22726852969	0.225806444329	0.384615285996	0.657718120805	0.311106810923	0.225806444329	0.499999964286	0.739714525609
0.628793299198	0.235291189815	0.191626405932	0.666666495727	0.43288590604	0.312743375662	0.191626405932	0.849999939286	0.560873215785
0.576963305473	0.235846031989	0.200663346589	0.64102547666	0.456375838926	0.325703527723	0.200663346589	0.864285652551	0.579345088161
0.595238626003	0.210521777566	0.269961966922	0.307692228797	0.697986577181	0.352352768439	0.269961966922	0.507142820918	0.780856423174
0.59989207983	0.215381393341	0.210922783222	0.538461400395	0.486577181208	0.333826792173	0.210922783222	0.799999942857	0.624685138539
0.560833930969	0.240737759381	0.199341018133	0.666666495727	0.44966442953	0.323959462259	0.199341018133	0.864285652551	0.575986565911
0.593378543854	0.233762421211	0.243308996513	0.461538343195	0.604026845638	0.362972602897	0.243308996513	0.714285663265	0.705289672544
0.593525052071	0.254542514496	0.1999999968	0.717948533859	0.44966442953	0.326794386802	0.1999999968	0.892857079082	0.567590260285
0.512515485287	0.22702367514	0.221343869143	0.538461400395	0.520134228188	0.346745820275	0.221343869143	0.799999942857	0.645675902603
0.63799071312	0.235290554378	0.240700213551	0.512820381328	0.563758389262	0.368505610163	0.240700213551	0.785714229592	0.683459277918
0.601328134537	0.215050426112	0.220883529701	0.512820381328	0.510067114094	0.344824149757	0.220883529701	0.785714229592	0.649034424853
0.608878970146	0.245985977338	0.221579957195	0.589743438527	0.526845637584	0.349010300275	0.221579957195	0.821428512755	0.639798488665
0.637501180172	0.215823270092	0.263768108297	0.384615285996	0.634228187919	0.375253609823	0.263768108297	0.649999953571	0.745591939547
0.522645771503	0.226411363535	0.249406169848	0.461538343195	0.587248322148	0.374327791955	0.249406169848	0.749999946429	0.705289672544
