cnn_hidden_size	(40, 20)
loss_weights	[0.07500000000000007, 0.9249999999999999]
lr	0.00524888840232
0.723668158054	0.22618845665	0.118387908326	0.999999736842	0.127516778523	0.211709815542	0.118387908326	0.999999929078	0.11838790932
0.630470514297	0.244723025185	0.154248363997	0.763157693906	0.39932885906	0.260483017316	0.154248363997	0.836879373271	0.43744752309
0.573674738407	0.266052142948	0.153846151655	0.763157693906	0.463087248322	0.256224966279	0.153846151655	0.765957392485	0.47355163728
0.703437745571	0.22618845665	0.119188502796	0.999999736842	0.127516778523	0.212989030272	0.119188502796	0.999999929078	0.12510495382
0.650788724422	0.224921955285	0.120719177049	0.973683954294	0.144295302013	0.21542970166	0.120719177049	0.999999929078	0.137699412259
0.692842841148	0.222220137955	0.124113474077	0.947368171745	0.154362416107	0.220644199324	0.124113474077	0.992907730999	0.169605373636
0.644780039787	0.218747893379	0.123996430651	0.921052389197	0.161073825503	0.220283273128	0.123996430651	0.985815532921	0.173803526448
0.601574420929	0.22618845665	0.119592874304	0.999999736842	0.127516778523	0.213634452255	0.119592874304	0.999999929078	0.128463476071
0.661431133747	0.224240372837	0.121447027378	0.973683954294	0.140939597315	0.216587927098	0.121447027378	0.999999929078	0.143576826196
0.63193166256	0.221496187779	0.128942484889	0.894736606648	0.197986577181	0.228053733918	0.128942484889	0.985815532921	0.209907640638
0.611786186695	0.229297221002	0.131826740755	0.947368171745	0.187919463087	0.232749381455	0.131826740755	0.992907730999	0.225020990764
0.733578503132	0.218066434934	0.125223612476	0.921052389197	0.157718120805	0.222396736613	0.125223612476	0.992907730999	0.178001679261
0.655801296234	0.228953982041	0.131067959893	0.894736606648	0.231543624161	0.230570038401	0.131067959893	0.957446740607	0.24349286314
0.564678549767	0.223935702835	0.137970351905	0.763157693906	0.325503355705	0.23771863051	0.137970351905	0.858155967507	0.348446683459
0.609148383141	0.224921955285	0.122574954827	0.973683954294	0.144295302013	0.218037245114	0.122574954827	0.985815532921	0.162888329135
0.765661001205	0.22699179158	0.124119717217	0.973683954294	0.154362416107	0.220828102565	0.124119717217	0.999999929078	0.16456759026
0.589458286762	0.225607693727	0.123684209441	0.973683954294	0.147651006711	0.220138552707	0.123684209441	0.999999929078	0.16120906801
0.640903115273	0.225703216379	0.127949182142	0.947368171745	0.171140939597	0.226868459672	0.127949182142	0.999999929078	0.193115029387
0.853691160679	0.223019206587	0.13516483368	0.815789259003	0.275167785235	0.234060469713	0.13516483368	0.872340363664	0.324097397145
0.563947677612	0.23573895476	0.145348835519	0.815789259003	0.325503355705	0.249747824427	0.145348835519	0.886524759821	0.369437447523
