cnn_hidden_size	(20, 10)
loss_weights	[0.2250000000000001, 0.7749999999999999]
lr	0.0012754159474
0.563127100468	0.0	0.0	0.0	0.889261744966	0.0	0.0	0.0	0.876574307305
0.612217307091	0.136981309993	0.249999983108	0.151515105601	0.788590604027	0.25169566348	0.249999983108	0.253424640176	0.815281276238
0.595999777317	0.181813126859	0.307017516928	0.181818126722	0.818791946309	0.26922582435	0.307017516928	0.239726010978	0.840470193115
0.63668346405	0.142852251439	0.361445739585	0.121212084481	0.838926174497	0.262004089248	0.361445739585	0.205479437981	0.858102434929
0.594083666801	0.138883885208	0.318749980078	0.151515105601	0.791946308725	0.333328322088	0.318749980078	0.349315044567	0.828715365239
0.591202199459	0.108103137552	0.357575735905	0.121212084481	0.778523489933	0.379416216192	0.357575735905	0.404109561362	0.837951301427
0.623220264912	0.208691523709	0.294314371428	0.363636253444	0.694630872483	0.395501191313	0.294314371428	0.602739684744	0.774139378673
0.55005633831	0.222217386933	0.480769184541	0.181818126722	0.859060402685	0.399995109179	0.480769184541	0.342465729968	0.874055415617
0.49740216136	0.266662305738	0.312727261355	0.424242295684	0.741610738255	0.408546518971	0.312727261355	0.589041055545	0.790931989924
0.487479567528	0.101689951402	0.530973404339	0.0909090633609	0.822147651007	0.463315508766	0.530973404339	0.410958875962	0.883291351805
0.446976780891	0.163260806036	0.359259245953	0.242424168962	0.724832214765	0.466341575719	0.359259245953	0.664383516138	0.813602015113
0.544848918915	0.124995651189	0.578947292244	0.0909090633609	0.859060402685	0.396391857855	0.578947292244	0.301369842372	0.887489504618
0.43496209383	0.138883885208	0.467741910336	0.151515105601	0.791946308725	0.524091426596	0.467741910336	0.595890370144	0.867338371117
0.545014977455	0.109086069633	0.601941689132	0.0909090633609	0.835570469799	0.49798707703	0.601941689132	0.42465750516	0.895046179681
0.498118311167	0.164378562731	0.513966451734	0.181818126722	0.795302013423	0.566148862907	0.513966451734	0.630136943141	0.88161209068
0.44200822711	0.196716280695	0.587412546335	0.181818126722	0.835570469799	0.581309839245	0.587412546335	0.575342426346	0.898404701931
0.424356728792	0.198015363297	0.4199999832	0.303030211203	0.728187919463	0.530298348424	0.4199999832	0.719178032933	0.843828715365
0.270807862282	0.121207084687	0.607407362414	0.121212084481	0.805369127517	0.583624859404	0.607407362414	0.561643797148	0.901763224181
0.534024059772	0.213587836831	0.372023798452	0.333333232323	0.728187919463	0.518667954615	0.372023798452	0.85616432492	0.805205709488
0.417999476194	0.175433659723	0.702970227429	0.151515105601	0.842281879195	0.574893904874	0.702970227429	0.486301336555	0.911838790932
