cnn_hidden_size	(20, 10)
loss_weights	[0.125, 0.875]
lr	1.70703791531e-05
0.701629817486	0.222219098094	0.130794699821	0.578947216067	0.48322147651	0.212077462429	0.130794699821	0.560283648207	0.507136859782
0.697338104248	0.191613228219	0.149789026376	0.421052520776	0.546979865772	0.230890767401	0.149789026376	0.503546063578	0.602854743913
0.669887006283	0.193099553942	0.159793810315	0.368420955679	0.607382550336	0.23440061813	0.159793810315	0.439716280871	0.659949622166
0.690757095814	0.227637969542	0.171171166031	0.368420955679	0.681208053691	0.24050213942	0.171171166031	0.404255290478	0.697732997481
0.744195282459	0.222217293934	0.195121941701	0.263157825485	0.765100671141	0.23120903064	0.195121941701	0.283687923143	0.776658270361
0.658821642399	0.212761095627	0.201680663795	0.263157825485	0.751677852349	0.253293467272	0.201680663795	0.340425507771	0.762384550798
0.697524547577	0.229880084661	0.22335024247	0.263157825485	0.775167785235	0.260350151521	0.22335024247	0.312056715457	0.790092359362
0.683712780476	0.235289118443	0.222222210999	0.263157825485	0.781879194631	0.259582146783	0.222222210999	0.312056715457	0.789252728799
0.695696592331	0.23809022686	0.22727271436	0.263157825485	0.785234899329	0.252360975726	0.22727271436	0.283687923143	0.801007556675
0.679685354233	0.23255315316	0.228723392089	0.263157825485	0.778523489933	0.261393262534	0.228723392089	0.304964517378	0.7959697733
0.636184215546	0.252868585114	0.221649473111	0.289473608033	0.781879194631	0.256711527827	0.221649473111	0.304964517378	0.790931989924
0.6151714921	0.243897406407	0.229411751211	0.263157825485	0.791946308725	0.250798885966	0.229411751211	0.276595725064	0.804366078925
0.703376471996	0.240958833024	0.22950818418	0.263157825485	0.788590604027	0.259254327368	0.22950818418	0.2978723193	0.798488664987
0.650797069073	0.246908538433	0.225274712897	0.263157825485	0.795302013423	0.253865033979	0.225274712897	0.290780121221	0.797649034425
0.645388662815	0.233761173998	0.230303016345	0.236842042936	0.802013422819	0.248361027696	0.230303016345	0.269503526986	0.806884970613
0.665635466576	0.265055212751	0.230366480086	0.289473608033	0.795302013423	0.265055338492	0.230366480086	0.312056715457	0.795130142737
0.620588064194	0.258818524662	0.213592222641	0.289473608033	0.788590604027	0.253597466394	0.213592222641	0.312056715457	0.782535684299
0.611414909363	0.227843050903	0.219780207704	0.236842042936	0.795302013423	0.2476730839	0.219780207704	0.283687923143	0.7959697733
0.761418104172	0.23809022686	0.214634135872	0.263157825485	0.785234899329	0.254330416577	0.214634135872	0.312056715457	0.783375314861
0.629374027252	0.243897406407	0.208333322483	0.263157825485	0.791946308725	0.24023534319	0.208333322483	0.283687923143	0.787573467674
