cnn_hidden_size	(40, 20)
loss_weights	[0.30000000000000004, 0.7]
lr	1.26299890393e-06
0.741190850735	0.23170520767	0.120386642176	0.974358724523	0.154362416107	0.214395541834	0.120386642176	0.978571358673	0.157010915197
0.767549097538	0.23312671367	0.120567374818	0.974358724523	0.161073825503	0.21450907325	0.120567374818	0.971428502041	0.163727959698
0.746647238731	0.234565769147	0.121512150121	0.974358724523	0.167785234899	0.215825346967	0.121512150121	0.964285645408	0.176322418136
0.758272707462	0.236757975194	0.121818180711	0.974358724523	0.177852348993	0.216127025669	0.121818180711	0.957142788776	0.183879093199
0.724298417568	0.238991543668	0.124074072925	0.974358724523	0.187919463087	0.219670095853	0.124074072925	0.957142788776	0.20067170445
0.747048676014	0.243587540494	0.124760075578	0.974358724523	0.208053691275	0.21996406706	0.124760075578	0.928571362245	0.225860621327
0.725012779236	0.252489421991	0.126357353146	0.974358724523	0.244966442953	0.222027350881	0.126357353146	0.91428564898	0.24685138539
0.697654366493	0.251698362046	0.126530610954	0.948717705457	0.261744966443	0.221426379996	0.126530610954	0.885714222449	0.267842149454
0.734354436398	0.254414566816	0.128068301728	0.923076686391	0.291946308725	0.222838959649	0.128068301728	0.857142795918	0.297229219144
0.689037263393	0.255471992404	0.130136984816	0.897435667324	0.315436241611	0.224407068272	0.130136984816	0.814285656122	0.338371116709
0.693525314331	0.249024643548	0.132603404713	0.820512610125	0.352348993289	0.226608734905	0.132603404713	0.778571372959	0.375314861461
0.732172548771	0.248959922207	0.128104573489	0.769230571992	0.392617449664	0.216571965576	0.128104573489	0.69999995	0.40470193115
0.697496652603	0.246693167763	0.12063953313	0.717948533859	0.426174496644	0.200480277117	0.12063953313	0.59285710051	0.44416456759
0.696103215218	0.251159797547	0.125195616194	0.692307514793	0.459731543624	0.205388573985	0.125195616194	0.571428530612	0.48026868178
0.71559971571	0.249996835539	0.122203096003	0.64102547666	0.496644295302	0.196945547554	0.122203096003	0.507142820918	0.513853904282
0.703411340714	0.26373286745	0.126177022106	0.615384457594	0.55033557047	0.199698629278	0.126177022106	0.478571394388	0.549118387909
0.674714624882	0.254541813825	0.12678936346	0.538461400395	0.587248322148	0.197134847865	0.12678936346	0.442857111224	0.575986565911
0.683766543865	0.278141827165	0.121212118387	0.538461400395	0.634228187919	0.182773084912	0.121212118387	0.371428544898	0.609571788413
0.68155837059	0.27337721863	0.126344082625	0.487179362262	0.661073825503	0.183589769526	0.126344082625	0.335714261735	0.649034424853
0.674042701721	0.267712237652	0.128358205124	0.435897324129	0.687919463087	0.18104846671	0.128358205124	0.307142835204	0.673383711167
