cnn_hidden_size	(40, 20)
loss_weights	[0.17500000000000004, 0.825]
lr	1.88756763078e-05
0.722910284996	0.27730753376	0.110526314335	0.647058696655	0.422818791946	0.189186717628	0.110526314335	0.65624994873	0.395465994962
0.633858442307	0.142852122207	0.131428563918	0.137254875048	0.718120805369	0.151810291958	0.131428563918	0.179687485962	0.784214945424
0.641840994358	0.0	0.0769230473373	0.0	0.802013422819	0.0259712163593	0.0769230473373	0.0156249987793	0.874055415617
0.698470056057	0.0	0.0	0.0	0.818791946309	0.0	0.0	0.0	0.890008396306
0.719663083553	0.0	0.0	0.0	0.825503355705	0.0	0.0	0.0	0.892527287993
0.589092433453	0.0	0.0	0.0	0.825503355705	0.0	0.0	0.0	0.892527287993
0.74508202076	0.0	0.0	0.0	0.825503355705	0.0	0.0	0.0	0.892527287993
0.66563308239	0.0	0.0	0.0	0.828859060403	0.0	0.0	0.0	0.892527287993
0.578242838383	0.0	0.0	0.0	0.828859060403	0.0	0.0	0.0	0.892527287993
0.714595675468	0.0	0.0	0.0	0.828859060403	0.0	0.0	0.0	0.892527287993
0.550037384033	0.0	0.0	0.0	0.828859060403	0.0	0.0	0.0	0.892527287993
0.637575089931	0.0	0.0	0.0	0.828859060403	0.0	0.0	0.0	0.891687657431
0.601553976536	0.0	0.0	0.0	0.828859060403	0.0	0.0	0.0	0.890008396306
0.581633388996	0.0	0.0	0.0	0.828859060403	0.0	0.0	0.0	0.890008396306
0.631084918976	0.0	0.0	0.0	0.828859060403	0.0	0.0	0.0	0.890008396306
0.544408202171	0.0	0.199999600001	0.0	0.822147651007	0.0150368681437	0.199999600001	0.00781249938965	0.890008396306
0.367997914553	0.0	0.399999200002	0.0	0.822147651007	0.0300744598499	0.399999200002	0.0156249987793	0.891687657431
0.597926020622	0.0	0.555554938272	0.0	0.818791946309	0.0729914625375	0.555554938272	0.0390624969482	0.893366918556
0.690381348133	0.0	0.555554938272	0.0	0.822147651007	0.0729914625375	0.555554938272	0.0390624969482	0.893366918556
0.637813925743	0.0	0.555554938272	0.0	0.822147651007	0.0729914625375	0.555554938272	0.0390624969482	0.893366918556
