cnn_hidden_size	(60, 30)
loss_weights	[0.25, 0.75]
lr	2.31817761129e-06
0.713419675827	0.276147762148	0.116995072451	0.804877852469	0.419463087248	0.199997512585	0.116995072451	0.688405747217	0.36188077246
0.674327731133	0.258061051612	0.117647056846	0.585365710886	0.536912751678	0.190992845612	0.117647056846	0.507246340055	0.502099076406
0.655310034752	0.223772102378	0.123456787075	0.390243807258	0.627516778523	0.184158264817	0.123456787075	0.362318814325	0.628043660789
0.704389095306	0.210521365211	0.123404250068	0.243902379536	0.748322147651	0.155491308494	0.123404250068	0.210144912308	0.735516372796
0.642561495304	0.191775845501	0.119047609599	0.170731665675	0.802013422819	0.113631365577	0.119047609599	0.108695644297	0.803526448363
0.684538006783	0.156245346815	0.106666652444	0.121951189768	0.818791946309	0.075112801529	0.106666652444	0.057971010292	0.834592779177
0.622485876083	0.0392125185142	0.15384612426	0.0243902379536	0.835570469799	0.0842065420157	0.15384612426	0.057971010292	0.853904282116
0.63737642765	0.0425509462437	0.142857102041	0.0243902379536	0.848993288591	0.0578002340667	0.142857102041	0.0362318814325	0.863140218304
0.607538938522	0.0434763044315	0.079999968	0.0243902379536	0.852348993289	0.0245372775522	0.079999968	0.014492752573	0.866498740554
0.642118096352	0.0454532541644	0.0526315512466	0.0243902379536	0.859060402685	0.0127367247652	0.0526315512466	0.00724637628649	0.869857262804
0.549598813057	0.0476185600909	0.0	0.0243902379536	0.865771812081	0.0	0.0	0.0	0.879093198992
0.622674107552	0.0	0.0	0.0	0.862416107383	0.0	0.0	0.0	0.88161209068
0.623221993446	0.0	0.0	0.0	0.862416107383	0.0	0.0	0.0	0.883291351805
0.608578503132	0.0	0.0	0.0	0.862416107383	0.0	0.0	0.0	0.884130982368
0.607878983021	0.0	0.0	0.0	0.862416107383	0.0	0.0	0.0	0.884130982368
0.608427286148	0.0	0.0	0.0	0.862416107383	0.0	0.0	0.0	0.884130982368
0.560748159885	0.0	0.0	0.0	0.862416107383	0.0	0.0	0.0	0.884130982368
0.643842756748	0.0	0.0	0.0	0.862416107383	0.0	0.0	0.0	0.884130982368
0.581806361675	0.0	0.0	0.0	0.862416107383	0.0	0.0	0.0	0.884130982368
0.582390010357	0.0	0.0	0.0	0.862416107383	0.0	0.0	0.0	0.884130982368
