cnn_hidden_size	(40, 20)
loss_weights	[0.275, 0.725]
lr	9.46146905997e-06
0.71551412344	0.270267584588	0.111238530834	0.853658328376	0.365771812081	0.192076844848	0.111238530834	0.70289849979	0.314861460957
0.671256482601	0.206892467142	0.0794520526178	0.365853569304	0.614093959732	0.115304164969	0.0794520526178	0.210144912308	0.626364399664
0.648151636124	0.179099674886	0.0617283874409	0.146341427722	0.815436241611	0.045657435475	0.0617283874409	0.0362318814325	0.824517212427
0.604145586491	0.0	0.0833332638889	0.0	0.852348993289	0.0133318597171	0.0833332638889	0.00724637628649	0.875734676742
0.570607185364	0.0	0.249999375002	0.0	0.852348993289	0.0140839575681	0.249999375002	0.00724637628649	0.882451721243
0.624418497086	0.0	0.499997500012	0.0	0.862416107383	0.0142854306164	0.499997500012	0.00724637628649	0.884130982368
0.531381964684	0.0	0.9999900001	0.0	0.862416107383	0.0143883442886	0.9999900001	0.00724637628649	0.88497061293
0.669585764408	0.0	0.0	0.0	0.862416107383	0.0	0.0	0.0	0.884130982368
0.617418885231	0.0	0.0	0.0	0.862416107383	0.0	0.0	0.0	0.884130982368
0.556496739388	0.0	0.0	0.0	0.862416107383	0.0	0.0	0.0	0.884130982368
0.644525825977	0.0	0.0	0.0	0.862416107383	0.0	0.0	0.0	0.884130982368
0.724449455738	0.0	0.0	0.0	0.862416107383	0.0	0.0	0.0	0.884130982368
0.455608665943	0.0	0.0	0.0	0.862416107383	0.0	0.0	0.0	0.884130982368
0.371586412191	0.0	0.0	0.0	0.862416107383	0.0	0.0	0.0	0.884130982368
0.559930443764	0.0	0.0	0.0	0.862416107383	0.0	0.0	0.0	0.884130982368
0.74163967371	0.0	0.0	0.0	0.862416107383	0.0	0.0	0.0	0.884130982368
0.451690196991	0.0	0.0	0.0	0.862416107383	0.0	0.0	0.0	0.884130982368
0.462519705296	0.0	0.0	0.0	0.862416107383	0.0	0.0	0.0	0.884130982368
0.703899264336	0.0	0.0	0.0	0.862416107383	0.0	0.0	0.0	0.884130982368
0.365297883749	0.0	0.0	0.0	0.862416107383	0.0	0.0	0.0	0.884130982368
