cnn_hidden_size	(20, 10)
loss_weights	[0.125, 0.875]
lr	0.00204868890357
0.74045675993	0.0	0.333332222226	0.0	0.879194630872	0.0136050405029	0.333332222226	0.00694444396219	0.87825356843
0.746068775654	0.227719884851	0.175206608674	0.657142669388	0.476510067114	0.283040945344	0.175206608674	0.736111059992	0.549118387909
0.689517140388	0.234429981907	0.146079482856	0.914285453061	0.298657718121	0.253020930929	0.146079482856	0.944444378858	0.32577665827
0.655461370945	0.181813810021	0.267399257604	0.285714204082	0.697986577181	0.350115365838	0.267399257604	0.50694440924	0.772460117548
0.62256449461	0.186042528778	0.224747469072	0.342857044898	0.647651006711	0.329625706356	0.224747469072	0.618055512635	0.696053736356
0.454154521227	0.223876704232	0.22377621856	0.428571306122	0.651006711409	0.335074759323	0.22377621856	0.66666662037	0.680100755668
0.603500545025	0.209873129913	0.233208950873	0.485714146939	0.570469798658	0.367643709632	0.233208950873	0.868055495274	0.638958858102
0.502718865871	0.242034721133	0.237006232079	0.542856987755	0.60067114094	0.364796442044	0.237006232079	0.79166661169	0.666666666667
0.639613926411	0.20289473542	0.279596970287	0.399999885714	0.630872483221	0.41034727984	0.279596970287	0.770833279803	0.732157850546
0.565017879009	0.267601881622	0.250544656851	0.542856987755	0.651006711409	0.381422554152	0.250544656851	0.798611055652	0.686817800168
0.445353895426	0.210522743307	0.240083502295	0.457142726531	0.597315436242	0.369177814318	0.240083502295	0.798611055652	0.670025188917
0.651208937168	0.234479064028	0.251655623584	0.485714146939	0.627516778523	0.381905874466	0.251655623584	0.79166661169	0.690176322418
0.40179848671	0.192303189822	0.30449825936	0.285714204082	0.718120805369	0.406462054676	0.30449825936	0.611111068673	0.784214945424
0.40560990572	0.275857807734	0.308571419755	0.457142726531	0.718120805369	0.437242815361	0.308571419755	0.749999947917	0.76658270361
0.569701015949	0.168219865605	0.314371248073	0.257142783673	0.701342281879	0.439326315581	0.314371248073	0.72916661603	0.774979009236
0.609708368778	0.28318151467	0.344051435883	0.457142726531	0.728187919463	0.470325323262	0.344051435883	0.743055503954	0.797649034425
0.383582293987	0.194440737916	0.305489252852	0.399999885714	0.610738255034	0.454703103995	0.305489252852	0.88888882716	0.742233417296
0.476983338594	0.206345161327	0.351585004277	0.371428465306	0.664429530201	0.496940844647	0.351585004277	0.847222163387	0.79261125105
0.321419090033	0.220584380472	0.304347818736	0.428571306122	0.644295302013	0.451609057727	0.304347818736	0.874999939236	0.743073047859
0.344951808453	0.183903194735	0.470319613227	0.228571363265	0.761744966443	0.567488295163	0.470319613227	0.715277728106	0.868178001679
