cnn_hidden_size	(20, 10)
loss_weights	[0.25, 0.75]
lr	2.12019946995e-06
0.691690206528	0.255316645816	0.127976189207	0.87804856633	0.295302013423	0.22512876778	0.127976189207	0.934782540958	0.254408060453
0.71737909317	0.256407685087	0.126760562105	0.853658328376	0.318791946309	0.222612696146	0.126760562105	0.913043412098	0.261125104954
0.732875466347	0.251849257365	0.127329191228	0.829268090422	0.322147651007	0.222823895441	0.127329191228	0.891304283239	0.27959697733
0.727509081364	0.246151170738	0.129273502892	0.780487614515	0.342281879195	0.225323640739	0.129273502892	0.876811530666	0.301427371956
0.750969231129	0.246029001982	0.129244248311	0.756097376562	0.362416107383	0.224545763969	0.129244248311	0.855072401806	0.31570109152
0.725097894669	0.248993213043	0.126268318757	0.756097376562	0.372483221477	0.218534250971	0.126268318757	0.811594144087	0.327455919395
0.712999880314	0.252097967336	0.126744184573	0.731707138608	0.402684563758	0.218434486273	0.126744184573	0.789855015228	0.345088161209
0.695420980453	0.260866612887	0.128484846927	0.731707138608	0.429530201342	0.220142919146	0.128484846927	0.768115886368	0.369437447523
0.706704616547	0.257774774553	0.129789862425	0.707316900654	0.439597315436	0.221750409491	0.129789862425	0.760869510082	0.381192275399
0.712711811066	0.26167912092	0.133592734973	0.682926662701	0.469798657718	0.226620081963	0.133592734973	0.746376757509	0.409739714526
0.68416684866	0.260866363314	0.130968620314	0.658536424747	0.486577181208	0.220433608392	0.130968620314	0.695652123503	0.429890848027
0.716904997826	0.253655311878	0.130434780718	0.634146186794	0.486577181208	0.217388521354	0.130434780718	0.652173865785	0.455919395466
0.67576032877	0.253803784732	0.126911313044	0.60975594884	0.506711409396	0.209593076702	0.126911313044	0.601449231779	0.474391267842
0.708570539951	0.267376226987	0.129296233563	0.60975594884	0.540268456376	0.210944919	0.129296233563	0.572463726633	0.503778337531
0.686749756336	0.259883416691	0.127177698133	0.560975472933	0.560402684564	0.205053048984	0.127177698133	0.528985468914	0.524769101595
0.72232568264	0.269934851947	0.126893936991	0.536585234979	0.60067114094	0.201197909765	0.126893936991	0.485507211195	0.553316540722
0.678835868835	0.280250882442	0.124489793378	0.536585234979	0.620805369128	0.194264080652	0.124489793378	0.442028953476	0.575146935348
0.675166070461	0.277773666147	0.117913829526	0.487804759072	0.651006711409	0.17961639771	0.117913829526	0.376811566898	0.601175482788
0.688551723957	0.285710103121	0.105670100369	0.487804759072	0.664429530201	0.15588965977	0.105670100369	0.297101427746	0.627204030227
0.672236502171	0.26153410303	0.102857139918	0.414634045211	0.677852348993	0.147536921302	0.102857139918	0.260869546314	0.650713685978
