cnn_hidden_size	(20, 10)
loss_weights	[0.07500000000000007, 0.9249999999999999]
lr	1.04772265641e-06
0.71294438839	0.272723100923	0.108225105883	0.466666562963	0.624161073826	0.167781743687	0.108225105883	0.373134300512	0.583543240974
0.681210339069	0.270963586327	0.10638297646	0.466666562963	0.620805369128	0.165559455798	0.10638297646	0.373134300512	0.576826196474
0.693988740444	0.274995922715	0.104602508272	0.488888780247	0.610738255034	0.163395267276	0.104602508272	0.373134300512	0.570109151973
0.69132232666	0.274995922715	0.109053495698	0.488888780247	0.610738255034	0.170964348142	0.109053495698	0.395522358543	0.568429890848
0.663779854774	0.273287863953	0.108384455861	0.488888780247	0.607382550336	0.170141080378	0.108384455861	0.395522358543	0.56591099916
0.71781951189	0.269934620105	0.108651909283	0.488888780247	0.60067114094	0.17115354318	0.108651909283	0.402985044553	0.560873215785
0.710003137589	0.260351091407	0.108481260188	0.488888780247	0.580536912752	0.171603552041	0.108481260188	0.410447730564	0.554156171285
0.715533196926	0.267437965848	0.108949414223	0.511110997531	0.577181208054	0.172836220341	0.108949414223	0.417910416574	0.549958018472
0.697629451752	0.26436395104	0.1128107053	0.511110997531	0.570469798658	0.179601009212	0.1128107053	0.440298474605	0.547439126784
0.691698670387	0.268152630744	0.112570354361	0.533333214815	0.560402684564	0.179906828862	0.112570354361	0.447761160615	0.540722082284
0.661142528057	0.284149265777	0.111524161496	0.577777649383	0.560402684564	0.178568230464	0.111524161496	0.447761160615	0.536523929471
0.712401032448	0.279566194406	0.110497235534	0.577777649383	0.55033557047	0.177249404655	0.110497235534	0.447761160615	0.532325776658
0.699234187603	0.27659207395	0.111721609675	0.577777649383	0.543624161074	0.179408594952	0.111721609675	0.455223846625	0.531486146096
0.692627966404	0.282718881655	0.110108301262	0.599999866667	0.540268456376	0.177322439634	0.110108301262	0.455223846625	0.524769101595
0.712070643902	0.281246381881	0.113274334278	0.599999866667	0.536912751678	0.183115636819	0.113274334278	0.477611904656	0.520570948783
0.70863288641	0.27978914123	0.112084061084	0.599999866667	0.53355704698	0.18155719971	0.112084061084	0.477611904656	0.515533165407
0.696618556976	0.274108122388	0.113013696695	0.599999866667	0.520134228188	0.183840970092	0.113013696695	0.492537276676	0.507976490344
0.701106071472	0.281403507025	0.112794610896	0.622222083951	0.520134228188	0.184062925345	0.112794610896	0.499999962687	0.501259445844
0.723544895649	0.288553710098	0.112956808755	0.644444301235	0.520134228188	0.184779625373	0.112956808755	0.507462648697	0.496221662469
0.720844984055	0.282923375175	0.111292960535	0.644444301235	0.506711409396	0.182547380436	0.111292960535	0.507462648697	0.488664987406
