cnn_hidden_size	(80, 40)
loss_weights	[0.10000000000000009, 0.8999999999999999]
lr	0.000802352730468
0.654928684235	0.192305890261	0.125217390216	0.967741623309	0.154362416107	0.221877791287	0.125217390216	0.972972907232	0.151973131822
0.788818240166	0.230766672087	0.154353559969	0.774193298647	0.463087248322	0.258275406614	0.154353559969	0.790540487126	0.435768261965
0.541320621967	0.233330456207	0.188617883112	0.677419136316	0.536912751678	0.304059774702	0.188617883112	0.783783730825	0.554156171285
0.579975247383	0.163261955734	0.242494220728	0.387096649324	0.587248322148	0.361441973846	0.242494220728	0.709459411523	0.688497061293
0.4420568645	0.260462624144	0.190995904625	0.903225515089	0.46644295302	0.317817855753	0.190995904625	0.945945882031	0.495382031906
0.522451877594	0.258062043387	0.180977540542	0.903225515089	0.459731543624	0.302759688435	0.180977540542	0.92567561313	0.470193115029
0.467489123344	0.262292239272	0.226211845131	0.774193298647	0.546979865772	0.357443481224	0.226211845131	0.851351293828	0.619647355164
0.55111682415	0.235290563417	0.288220544155	0.516128865765	0.651006711409	0.420471357383	0.288220544155	0.777026974525	0.733837111671
0.443849623203	0.252628821636	0.234608981121	0.774193298647	0.523489932886	0.376498821597	0.234608981121	0.952702638331	0.607892527288
0.428398698568	0.193100059987	0.291375284583	0.451612757544	0.607382550336	0.433271734127	0.291375284583	0.844594537527	0.725440806045
0.630162000656	0.21848350547	0.355263146208	0.419354703434	0.687919463087	0.477871680673	0.355263146208	0.729729680424	0.801847187238
0.23161816597	0.227541859554	0.2845188225	0.612903028096	0.56711409396	0.43450116795	0.2845188225	0.91891885683	0.702770780856
0.526946306229	0.220855788367	0.28571427953	0.580644973985	0.573825503356	0.432783195946	0.28571427953	0.891891831629	0.709487825357
0.347598671913	0.269660014549	0.252727268132	0.774193298647	0.563758389262	0.398277449392	0.252727268132	0.93918912573	0.647355163728
0.508863806725	0.292679109044	0.397660807086	0.580644973985	0.708053691275	0.555097801948	0.397660807086	0.91891885683	0.816960537364
0.341983437538	0.242715866272	0.230524638624	0.806451352758	0.476510067114	0.373227279749	0.230524638624	0.979729663532	0.591099916037
0.377314269543	0.253964503707	0.394658741998	0.516128865765	0.684563758389	0.548449344958	0.394658741998	0.898648587929	0.816120906801
0.385604351759	0.249997069377	0.264814809911	0.709677190427	0.557046979866	0.415694285536	0.264814809911	0.966216150931	0.662468513854
0.213167890906	0.234371292782	0.37196764496	0.483870811655	0.671140939597	0.531787810145	0.37196764496	0.93243236943	0.7959697733
0.345150262117	0.233329462563	0.443365681444	0.451612757544	0.691275167785	0.599557957599	0.443365681444	0.92567561313	0.846347607053
