cnn_hidden_size	(80, 40)
loss_weights	[0.07500000000000007, 0.9249999999999999]
lr	4.92955231164e-06
0.707537829876	0.12499566421	0.0927834955893	0.0909090702479	0.812080536913	0.0775813346541	0.0927834955893	0.0666666617284	0.820319059614
0.707719027996	0.275857312803	0.115384611686	0.363636280992	0.718120805369	0.16106960238	0.115384611686	0.266666646914	0.685138539043
0.694717645645	0.282349071332	0.127619045188	0.545454421488	0.590604026846	0.203027042798	0.127619045188	0.496296259534	0.558354324097
0.660334408283	0.296293024727	0.138972807568	0.727272561984	0.489932885906	0.230862926913	0.138972807568	0.681481431001	0.485306465155
0.660268902779	0.285711315649	0.134443020046	0.795454364669	0.412751677852	0.229255123762	0.134443020046	0.777777720165	0.407220822838
0.644513309002	0.272056091614	0.129670328245	0.840908899793	0.335570469799	0.225835066326	0.129670328245	0.874074009328	0.320738874895
0.699675500393	0.267602996455	0.124607328538	0.863636167355	0.302013422819	0.218346449596	0.124607328538	0.881481416187	0.284634760705
0.660670995712	0.26712070982	0.121151935242	0.886363434917	0.281879194631	0.213658156678	0.121151935242	0.903703636763	0.246011754828
0.662425875664	0.262623720959	0.121661719865	0.886363434917	0.265100671141	0.214657603658	0.121661719865	0.911111043621	0.244332493703
0.665694832802	0.260867037753	0.119766308474	0.886363434917	0.258389261745	0.211701901439	0.119766308474	0.911111043621	0.230898404702
0.696755051613	0.264898155367	0.120038721006	0.909090702479	0.255033557047	0.212326719048	0.120038721006	0.91851845048	0.227539882452
0.722163975239	0.260583846642	0.12015137067	0.909090702479	0.238255033557	0.213085236199	0.12015137067	0.940740671056	0.212426532326
0.682936489582	0.25913369921	0.122687437949	0.886363434917	0.251677852349	0.216865412537	0.122687437949	0.933333264198	0.235936188077
0.649079799652	0.254069189086	0.119811319624	0.886363434917	0.231543624161	0.21255029355	0.119811319624	0.940740671056	0.209907640638
0.635594904423	0.258062063706	0.120754715842	0.909090702479	0.228187919463	0.214223933689	0.120754715842	0.948148077915	0.211586901763
0.683528959751	0.253244287846	0.120982985624	0.886363434917	0.228187919463	0.214583068955	0.120982985624	0.948148077915	0.213266162888
0.660030126572	0.257423243061	0.122623572979	0.886363434917	0.244966442953	0.217352656067	0.122623572979	0.955555484774	0.219983207389
0.588817358017	0.258062063706	0.121928165199	0.909090702479	0.228187919463	0.216259514861	0.121928165199	0.955555484774	0.214945424013
0.677385389805	0.260315040385	0.120448178147	0.931817970041	0.218120805369	0.213928356536	0.120448178147	0.955555484774	0.2040302267
0.628139793873	0.262818073247	0.121013132073	0.931817970041	0.228187919463	0.214818983533	0.121013132073	0.955555484774	0.208228379513
