cnn_hidden_size	(40, 20)
loss_weights	[0.4, 0.6]
lr	0.000539544281189
0.750604510307	0.146785634281	0.12021857595	0.347825935728	0.687919463087	0.168578178346	0.12021857595	0.282051263971	0.635600335852
0.421481072903	0.0	0.0	0.0	0.922818791946	0.0	0.0	0.0	0.869017632242
0.517253220081	0.0	0.0	0.0	0.922818791946	0.0	0.0	0.0	0.869017632242
0.437041044235	0.0	0.0	0.0	0.922818791946	0.0	0.0	0.0	0.869017632242
0.179869621992	0.0	0.0	0.0	0.922818791946	0.0	0.0	0.0	0.869017632242
0.363379567862	0.0	0.499999166668	0.0	0.919463087248	0.0370363191713	0.499999166668	0.019230767998	0.869017632242
0.2622217834	0.0	0.999995000025	0.0	0.922818791946	0.0253162025329	0.999995000025	0.0128205119987	0.870696893367
0.533019840717	0.0	0.9999900001	0.0	0.922818791946	0.0127387253033	0.9999900001	0.00641025599934	0.869857262804
0.35831168294	0.255314042651	0.506666599111	0.260869451796	0.88255033557	0.328999915352	0.506666599111	0.243589727975	0.869857262804
0.428042978048	0.208328255328	0.512195059488	0.21739120983	0.872483221477	0.352936630239	0.512195059488	0.269230751972	0.870696893367
0.50892072916	0.0689621880254	0.74999953125	0.043478241966	0.909395973154	0.139533180117	0.74999953125	0.0769230719921	0.875734676742
0.387766897678	0.249994987595	0.586206795482	0.21739120983	0.89932885906	0.317753028261	0.586206795482	0.217948703978	0.877413937867
0.406375676394	0.254540495961	0.5221238476	0.304347693762	0.862416107383	0.438656805239	0.5221238476	0.378205103961	0.873215785055
0.28369563818	0.199996288951	0.793103174792	0.130434725898	0.919463087248	0.248645978114	0.793103174792	0.147435887985	0.883291351805
0.301539480686	0.242419871514	0.769230571992	0.173912967864	0.91610738255	0.307689076167	0.769230571992	0.19230767998	0.886649874055
0.234628736973	0.199996288951	0.806451352758	0.130434725898	0.919463087248	0.267376884697	0.806451352758	0.160256399984	0.88497061293
0.377661079168	0.214282627588	0.904761473923	0.130434725898	0.926174496644	0.214687149945	0.904761473923	0.121794863988	0.883291351805
0.130898892879	0.193544432957	0.939393654729	0.130434725898	0.91610738255	0.328039411016	0.939393654729	0.19871793598	0.893366918556
0.281182736158	0.263152977926	0.884615214497	0.21739120983	0.906040268456	0.44230389981	0.884615214497	0.29487177597	0.902602854744
0.324586033821	0.297867216019	0.711711647594	0.304347693762	0.889261744966	0.591755397366	0.711711647594	0.506410223948	0.908480268682
