cnn_hidden_size	(60, 30)
loss_weights	[0.050000000000000044, 0.95]
lr	0.00151615910757
0.724665820599	0.189391852352	0.125412539874	0.806451352758	0.281879194631	0.215702412649	0.125412539874	0.770270218225	0.303946263644
0.585284292698	0.216415848482	0.149316507368	0.935483569199	0.295302013423	0.258414407162	0.149316507368	0.959459394631	0.31570109152
0.769163668156	0.209202745774	0.160233916255	0.806451352758	0.365771812081	0.273177937517	0.160233916255	0.92567561313	0.387909319899
0.481273233891	0.217226395676	0.161716169838	0.935483569199	0.298657718121	0.27814328185	0.161716169838	0.993243176132	0.359361880772
0.446060448885	0.223997809621	0.164212908673	0.903225515089	0.348993288591	0.281277846076	0.164212908673	0.979729663532	0.377833753149
0.488382875919	0.214283729865	0.14799999852	0.967741623309	0.261744966443	0.257837470791	0.14799999852	0.999999932432	0.284634760705
0.327955782413	0.223997809621	0.163265304271	0.903225515089	0.348993288591	0.279609184224	0.163265304271	0.972972907232	0.376994122586
0.571855723858	0.244723443913	0.183439488109	0.935483569199	0.39932885906	0.308678996127	0.183439488109	0.972972907232	0.458438287154
0.566791176796	0.241069022265	0.19210526063	0.870967460978	0.429530201342	0.321583167463	0.19210526063	0.986486419832	0.482787573468
0.401187896729	0.226560353718	0.171361500336	0.935483569199	0.335570469799	0.291997472262	0.171361500336	0.986486419832	0.405541561713
0.378113389015	0.245095437839	0.211480359343	0.806451352758	0.48322147651	0.345676017218	0.211480359343	0.945945882031	0.554995801847
0.278743267059	0.23529168447	0.197070569946	0.838709406868	0.43288590604	0.329251969669	0.197070569946	0.999999932432	0.493702770781
0.271673232317	0.308819964356	0.292626721368	0.677419136316	0.684563758389	0.436422309288	0.292626721368	0.858108050128	0.724601175483
0.599451124668	0.262496843005	0.235611506554	0.677419136316	0.604026845638	0.372155759731	0.235611506554	0.885135075329	0.628883291352
0.189180389047	0.274282767704	0.247863243626	0.774193298647	0.573825503356	0.395631145648	0.247863243626	0.979729663532	0.628043660789
0.357504218817	0.276312506097	0.265654643915	0.677419136316	0.630872483221	0.414811378859	0.265654643915	0.945945882031	0.668345927792
0.422192752361	0.293330015147	0.293522261265	0.709677190427	0.644295302013	0.45170983388	0.293522261265	0.979729663532	0.704450041982
0.229551032186	0.278142395547	0.295687878939	0.677419136316	0.634228187919	0.453539717853	0.295687878939	0.972972907232	0.708648194794
0.351732671261	0.270267451307	0.240400663766	0.806451352758	0.546979865772	0.385538980939	0.240400663766	0.972972907232	0.614609571788
0.44777867198	0.273969220344	0.29540917574	0.645161082206	0.644295302013	0.456082751777	0.29540917574	0.999999932432	0.703610411419
