cnn_hidden_size	(40, 20)
loss_weights	[0.07500000000000007, 0.9249999999999999]
lr	0.00407578837914
0.652834653854	0.0	0.0	0.0	0.875838926174	0.0	0.0	0.0	0.880772460118
0.698575913906	0.226718082278	0.146067413907	0.756756552228	0.359060402685	0.248141657177	0.146067413907	0.823943603948	0.40470193115
0.706693708897	0.208199817712	0.121929823492	0.89189165084	0.157718120805	0.216846700668	0.121929823492	0.978873170502	0.157010915197
0.609293937683	0.232755919695	0.155893534146	0.729729532506	0.402684563758	0.264229417731	0.155893534146	0.866197122099	0.424853064652
0.561264395714	0.257810007042	0.156553396158	0.89189165084	0.362416107383	0.267078232045	0.156553396158	0.90845064025	0.405541561713
0.715452075005	0.253965078284	0.163884671261	0.648648473338	0.526845637584	0.269659997631	0.163884671261	0.760563326721	0.508816120907
0.637768507004	0.248886118746	0.163319944266	0.756756552228	0.43288590604	0.274463001313	0.163319944266	0.859154869074	0.458438287154
0.63320183754	0.255636683554	0.153672314648	0.918918670563	0.335570469799	0.264846686857	0.153672314648	0.957746411426	0.366078925273
0.596487224102	0.272297573263	0.16939890479	0.78378357195	0.479865771812	0.283750132456	0.16939890479	0.873239375124	0.474391267842
0.624133706093	0.264837350377	0.173722625201	0.78378357195	0.459731543624	0.287784331209	0.173722625201	0.838028109998	0.505457598657
0.792063355446	0.27472200523	0.198437496899	0.675675493061	0.557046979866	0.324805203617	0.198437496899	0.8943661342	0.556675062972
0.53736114502	0.302322169453	0.208980998118	0.702702512783	0.597315436242	0.335641765108	0.208980998118	0.852112616048	0.597816960537
0.549489080906	0.189345670031	0.199186987821	0.432432315559	0.540268456376	0.30914477907	0.199186987821	0.690140796469	0.632241813602
0.593998134136	0.231108342551	0.167546171932	0.702702512783	0.419463087248	0.282219558297	0.167546171932	0.8943661342	0.457598656591
0.542766809464	0.257258790336	0.164122135317	0.837837611395	0.39932885906	0.278014643352	0.164122135317	0.90845064025	0.43744752309
0.729945778847	0.25906423156	0.195729533884	0.675675493061	0.520134228188	0.312496770759	0.195729533884	0.774647832771	0.593618807725
0.649941980839	0.269227818541	0.189580315636	0.756756552228	0.489932885906	0.314522974622	0.189580315636	0.9225351463	0.520570948783
0.542110204697	0.293475015985	0.209415581016	0.729729532506	0.563758389262	0.340366339373	0.209415581016	0.90845064025	0.580184718724
0.482820779085	0.263155152767	0.179818885125	0.810810591673	0.436241610738	0.303822507855	0.179818885125	0.978873170502	0.465155331654
0.505734980106	0.270964072473	0.216535428808	0.567567414171	0.620805369128	0.33845811336	0.216535428808	0.774647832771	0.638958858102
