cnn_hidden_size	(80, 40)
loss_weights	[0.050000000000000044, 0.95]
lr	0.000116623220393
0.638644576073	0.220181513358	0.119415806534	0.999999722222	0.144295302013	0.212698889582	0.119415806534	0.972027904054	0.136020151134
0.585257589817	0.215566926045	0.120067169437	0.999999722222	0.120805369128	0.214390886294	0.120067169437	0.99999993007	0.120067170445
0.510609567165	0.216214274832	0.120675104467	0.999999722222	0.124161073826	0.215359520845	0.120675104467	0.99999993007	0.12510495382
0.5479170084	0.222220233213	0.123382224992	0.999999722222	0.154362416107	0.219660099651	0.123382224992	0.99999993007	0.146935348447
0.556678056717	0.24324109023	0.133903132631	0.999999722222	0.248322147651	0.235783843866	0.133903132631	0.986013917062	0.232577665827
0.49024733901	0.234525601775	0.130275228163	0.999999722222	0.211409395973	0.230330468054	0.130275228163	0.993006923566	0.203190596138
0.741542577744	0.264460255471	0.160692210622	0.888888641975	0.402684563758	0.273106685043	0.160692210622	0.909090845518	0.418975650714
0.510023534298	0.258821084221	0.150166850387	0.916666412037	0.365771812081	0.259114709535	0.150166850387	0.944055878038	0.351805205709
0.506344914436	0.248273670411	0.138476754318	0.999999722222	0.268456375839	0.24263214001	0.138476754318	0.979020910558	0.266162888329
0.479061514139	0.254543160615	0.145093944206	0.972221952161	0.312080536913	0.252495464518	0.145093944206	0.972027904054	0.308984047019
0.495911449194	0.282048654418	0.171036202609	0.916666412037	0.436241610738	0.290251660443	0.171036202609	0.958041891046	0.43744752309
0.384500056505	0.249997741346	0.146137785531	0.972221952161	0.295302013423	0.254311994912	0.146137785531	0.979020910558	0.310663308144
0.498145699501	0.254543160615	0.147953828458	0.972221952161	0.312080536913	0.25729699638	0.147953828458	0.986013917062	0.316540722082
0.549448907375	0.268196835064	0.154355014836	0.972221952161	0.359060402685	0.266664308755	0.154355014836	0.979020910558	0.353484466835
0.618772923946	0.25953959445	0.152339497798	0.944444182099	0.348993288591	0.263651148637	0.152339497798	0.979020910558	0.343408900084
0.425951272249	0.257573382712	0.154605261463	0.944444182099	0.342281879195	0.267296229701	0.154605261463	0.986013917062	0.350965575147
0.416475594044	0.285711694112	0.168878164428	0.944444182099	0.429530201342	0.288063328211	0.168878164428	0.979020910558	0.418975650714
0.861778438091	0.276148045751	0.171358627034	0.916666412037	0.419463087248	0.291664125217	0.171358627034	0.979020910558	0.429051217464
0.408257722855	0.260220710624	0.15015974281	0.972221952161	0.332214765101	0.260626167093	0.15015974281	0.986013917062	0.328295549958
0.405810892582	0.312135396473	0.229965152788	0.749999791667	0.60067114094	0.368197633278	0.229965152788	0.923076858526	0.619647355164
