cnn_hidden_size	(40, 20)
loss_weights	[0.10000000000000009, 0.8999999999999999]
lr	0.000612278009228
0.617471456528	0.0	0.0	0.0	0.869127516779	0.0	0.0	0.0	0.882451721243
0.622944772243	0.258060162663	0.19523809059	0.410256305062	0.691275167785	0.292853382446	0.19523809059	0.585714243878	0.667506297229
0.7078820467	0.255098827091	0.176291790634	0.64102547666	0.510067114094	0.290723916587	0.176291790634	0.828571369388	0.524769101595
0.588327765465	0.243539953457	0.154292341598	0.846153629191	0.312080536913	0.265466652625	0.154292341598	0.949999932143	0.382031905961
0.517698824406	0.275128970672	0.206293702687	0.666666495727	0.540268456376	0.331457505553	0.206293702687	0.842857082653	0.600335852225
0.722514688969	0.255921132984	0.193548384124	0.692307514793	0.473154362416	0.318581149462	0.193548384124	0.899999935714	0.547439126784
0.755721032619	0.29751624349	0.281645560707	0.461538343195	0.714765100671	0.390346604963	0.281645560707	0.635714240306	0.76658270361
0.660627245903	0.295077569266	0.295238085865	0.461538343195	0.711409395973	0.408786930512	0.295238085865	0.664285666837	0.774139378673
0.696035027504	0.289152996851	0.236472941153	0.615384457594	0.604026845638	0.369323640207	0.236472941153	0.842857082653	0.661628883291
0.508282840252	0.268036373771	0.317180602767	0.333333247863	0.761744966443	0.392365831862	0.317180602767	0.514285677551	0.812762384551
0.658201515675	0.2698369527	0.287234034914	0.435897324129	0.691275167785	0.418600680886	0.287234034914	0.771428516327	0.748110831234
0.399936914444	0.283258990983	0.202985071597	0.846153629191	0.439597315436	0.335799601548	0.202985071597	0.971428502041	0.548278757347
0.405239701271	0.298503291436	0.30726256125	0.512820381328	0.684563758389	0.441763008698	0.30726256125	0.785714229592	0.76658270361
0.430388748646	0.27777435251	0.255952375874	0.64102547666	0.563758389262	0.400617702953	0.255952375874	0.921428505612	0.675902602855
0.469514816999	0.316826879789	0.378091859431	0.410256305062	0.768456375839	0.505905713031	0.378091859431	0.764285659694	0.824517212427
0.690234303474	0.251651764454	0.310262522428	0.487179362262	0.620805369128	0.465112507991	0.310262522428	0.928571362245	0.748950461797
0.255909323692	0.26177682743	0.240072197833	0.64102547666	0.526845637584	0.383282070885	0.240072197833	0.949999932143	0.640638119228
0.40774974227	0.30302609395	0.354570627297	0.512820381328	0.691275167785	0.51097399647	0.354570627297	0.91428564898	0.794290512175
0.573170125484	0.2698369527	0.361823351515	0.435897324129	0.691275167785	0.517307511283	0.361823351515	0.907142792347	0.801007556675
0.56609249115	0.233572535635	0.336708852235	0.410256305062	0.647651006711	0.497192379032	0.336708852235	0.949999932143	0.774139378673
