cnn_hidden_size	(20, 10)
loss_weights	[0.20000000000000007, 0.7999999999999999]
lr	0.00163652906007
0.669646501541	0.175178652115	0.137697513822	0.342857044898	0.620805369128	0.207832746831	0.137697513822	0.423611081694	0.609571788413
0.525555431843	0.0	0.0	0.0	0.88255033557	0.0	0.0	0.0	0.879093198992
0.655103623867	0.205877296834	0.245614013543	0.199999942857	0.818791946309	0.217049314456	0.245614013543	0.194444430941	0.830394626364
0.588077187538	0.218177439755	0.257246367491	0.342857044898	0.711409395973	0.338090715933	0.257246367491	0.493055521316	0.76658270361
0.45447063446	0.14285240449	0.416666608796	0.114285681633	0.838926174497	0.277773307684	0.416666608796	0.208333318866	0.869017632242
0.464339315891	0.176465540799	0.391752536933	0.171428522449	0.812080536913	0.315347861164	0.391752536933	0.263888870563	0.861460957179
0.618728220463	0.0784270359913	0.462962877229	0.0571428408163	0.842281879195	0.252521260138	0.462962877229	0.173611099055	0.875734676742
0.457206606865	0.262621638688	0.327510902729	0.371428465306	0.755033557047	0.402140010262	0.327510902729	0.520833297164	0.812762384551
0.664655148983	0.280369377307	0.337209289255	0.428571306122	0.741610738255	0.432831201504	0.337209289255	0.604166624711	0.808564231738
0.419249683619	0.158725170222	0.544303728569	0.142857102041	0.822147651007	0.385645614484	0.544303728569	0.298611090374	0.88497061293
0.472940653563	0.201676486209	0.311572691051	0.342857044898	0.681208053691	0.436586223475	0.311572691051	0.72916661603	0.772460117548
0.46420109272	0.252422648774	0.376984112024	0.371428465306	0.741610738255	0.479793327511	0.376984112024	0.659722176408	0.827036104114
0.257198572159	0.216862540391	0.491124231294	0.257142783673	0.781879194631	0.530346435756	0.491124231294	0.576388848862	0.876574307305
0.558706641197	0.27641864769	0.344827575397	0.485714146939	0.701342281879	0.47515768086	0.344827575397	0.763888835841	0.7959697733
0.836469054222	0.176465540799	0.499999958333	0.171428522449	0.812080536913	0.454540461487	0.499999958333	0.416666637731	0.879093198992
0.654451966286	0.339995382061	0.443514625794	0.485714146939	0.778523489933	0.553520082936	0.443514625794	0.736111059992	0.856423173804
0.409515887499	0.24690861159	0.544910147011	0.285714204082	0.795302013423	0.58520399297	0.544910147011	0.631944400559	0.891687657431
0.45179733634	0.279565138245	0.473684187862	0.371428465306	0.775167785235	0.560901653373	0.473684187862	0.687499952257	0.869857262804
0.44420927763	0.307687281473	0.586666627556	0.342857044898	0.818791946309	0.598634417183	0.586666627556	0.611111068673	0.900923593619
0.419672995806	0.206891695184	0.542682893739	0.257142783673	0.768456375839	0.57791706152	0.542682893739	0.618055512635	0.890848026868
