cnn_hidden_size	(20, 10)
loss_weights	[0.20000000000000007, 0.7999999999999999]
lr	0.00248129945239
0.678586423397	0.0	0.176470553633	0.0	0.852348993289	0.0927796202063	0.176470553633	0.0629370585359	0.852225020991
0.454707503319	0.0	0.0	0.0	0.879194630872	0.0	0.0	0.0	0.879932829555
0.602581620216	0.23403777737	0.20499998975	0.305555470679	0.758389261745	0.239062179633	0.20499998975	0.286713266663	0.780856423174
0.463945955038	0.288456956432	0.226480828346	0.416666550926	0.751677852349	0.302321128134	0.226480828346	0.454545422759	0.748110831234
0.519872605801	0.0	0.318181673554	0.0	0.862416107383	0.084846163515	0.318181673554	0.0489510455279	0.873215785055
0.364834785461	0.0975587864809	0.333333222222	0.0555555401235	0.875838926174	0.115604056337	0.333333222222	0.0699300650399	0.871536523929
0.490643471479	0.0930204868274	0.488371979448	0.0555555401235	0.869127516779	0.225802872642	0.488371979448	0.146853136584	0.879093198992
0.507037520409	0.304342996294	0.336244526802	0.388888780864	0.785234899329	0.413973739648	0.336244526802	0.538461500807	0.816960537364
0.370742678642	0.150938981969	0.499999939024	0.111111080247	0.848993288591	0.364439779614	0.499999939024	0.286713266663	0.879932829555
0.564699232578	0.343744970774	0.410071912944	0.305555470679	0.859060402685	0.404250291546	0.410071912944	0.398601370727	0.858942065491
0.33879840374	0.202893501488	0.417177888517	0.194444390432	0.815436241611	0.444439436811	0.417177888517	0.475524442271	0.857262804366
0.444277465343	0.247186138208	0.349344962911	0.305555470679	0.775167785235	0.430102771037	0.349344962911	0.559440520319	0.821998320739
0.40231025219	0.319994922745	0.431952637163	0.333333240741	0.828859060403	0.467943722727	0.431952637163	0.510489474791	0.860621326616
0.496331214905	0.358203876211	0.508196679656	0.333333240741	0.855704697987	0.467919524439	0.508196679656	0.433566403247	0.88161209068
0.504391133785	0.233005116499	0.29629628632	0.333333240741	0.734899328859	0.399995594366	0.29629628632	0.615384572351	0.778337531486
0.450063318014	0.28946862197	0.448087407208	0.305555470679	0.818791946309	0.503062529123	0.448087407208	0.573426533327	0.863979848866
0.456829786301	0.363631290336	0.492063466028	0.388888780864	0.835570469799	0.560236026135	0.492063466028	0.650349604871	0.877413937867
0.32177978754	0.235289065849	0.47027024485	0.222222160494	0.825503355705	0.530482854559	0.47027024485	0.608391565847	0.870696893367
0.328114181757	0.351847342306	0.366568904206	0.527777631173	0.765100671141	0.516524741086	0.366568904206	0.874125812998	0.803526448363
0.324889093637	0.320982636869	0.458333312114	0.361111010802	0.815436241611	0.551527209483	0.458333312114	0.692307643895	0.864819479429
