cnn_hidden_size	(80, 40)
loss_weights	[0.32500000000000007, 0.6749999999999999]
lr	0.00233395404183
0.720661759377	0.0	0.0	0.0	0.895973154362	0.0	0.0	0.0	0.875734676742
0.349114626646	0.0	0.599998800002	0.0	0.892617449664	0.0392150489219	0.599998800002	0.0202702689007	0.876574307305
0.571624100208	0.0	0.416666319445	0.0	0.892617449664	0.0624986047174	0.416666319445	0.0337837815011	0.874055415617
0.483115553856	0.0588218858532	0.461538106509	0.0322580541103	0.892617449664	0.0745326677498	0.461538106509	0.0405405378013	0.87489504618
0.450347661972	0.370365343	0.256880710378	0.322580541103	0.885906040268	0.217893930979	0.256880710378	0.189189176406	0.831234256927
0.353006571531	0.255314549649	0.372881292732	0.193548324662	0.88255033557	0.212556290306	0.372881292732	0.148648638605	0.863140218304
0.422199308872	0.157891648255	0.555555401235	0.0967741623309	0.892617449664	0.217388133315	0.555555401235	0.135135126004	0.879093198992
0.505743920803	0.0930191889238	0.414634045211	0.0645161082206	0.869127516779	0.17989076348	0.414634045211	0.114864857104	0.869857262804
0.383035093546	0.0526285458759	0.666666464647	0.0322580541103	0.879194630872	0.243090914233	0.666666464647	0.148648638605	0.88497061293
0.407384991646	0.245608987481	0.550561735892	0.225806378772	0.855704697987	0.413497384732	0.550561735892	0.331081058711	0.883291351805
0.432629346848	0.285709521108	0.654761826814	0.225806378772	0.88255033557	0.474133270705	0.654761826814	0.371621596512	0.897565071369
0.255717158318	0.184610338596	0.48799996096	0.193548324662	0.822147651007	0.446881449692	0.48799996096	0.412162134313	0.873215785055
0.30976319313	0.190471131399	0.581967165413	0.193548324662	0.828859060403	0.52592093338	0.581967165413	0.479729697316	0.892527287993
0.310621321201	0.140345866596	0.504672850031	0.129032216441	0.835570469799	0.423524507861	0.504672850031	0.364864840212	0.876574307305
0.41160261631	0.229880417584	0.452127635525	0.322580541103	0.775167785235	0.505947421746	0.452127635525	0.574324285519	0.860621326616
0.421536624432	0.188674318388	0.698630041284	0.161290270552	0.855704697987	0.461533995661	0.698630041284	0.344594571311	0.900083963056
0.315919995308	0.216211289372	0.507142820918	0.258064432882	0.805369127517	0.493050525224	0.507142820918	0.479729697316	0.877413937867
0.40269395709	0.0	0.707692198817	0.0	0.875838926174	0.431920601333	0.707692198817	0.31081078981	0.898404701931
0.381781548262	0.199995208111	0.617021210955	0.161290270552	0.865771812081	0.479334052366	0.617021210955	0.391891865413	0.894206549118
0.164162829518	0.301881822791	0.666666590038	0.258064432882	0.875838926174	0.493612316205	0.666666590038	0.391891865413	0.900083963056
