cnn_hidden_size	(20, 10)
loss_weights	[0.275, 0.725]
lr	1.91920011016e-05
0.635150015354	0.0	0.111111049383	0.0	0.912114014252	0.0245379097504	0.111111049383	0.013793102497	0.905581947743
0.601254701614	0.0	0.181818016529	0.0	0.916864608076	0.0256397116045	0.181818016529	0.013793102497	0.90973871734
0.612840890884	0.0	0.222221975309	0.0	0.916864608076	0.0259729221235	0.222221975309	0.013793102497	0.910926365796
0.415993392467	0.0	0.333332222226	0.0	0.916864608076	0.0135131145101	0.333332222226	0.00689655124851	0.913301662708
0.540644824505	0.0	0.333332222226	0.0	0.919239904988	0.0135131145101	0.333332222226	0.00689655124851	0.913301662708
0.419396400452	0.0	0.0	0.0	0.919239904988	0.0	0.0	0.0	0.913301662708
0.646271884441	0.0	0.0	0.0	0.919239904988	0.0	0.0	0.0	0.913301662708
0.495753854513	0.0	0.0	0.0	0.919239904988	0.0	0.0	0.0	0.913301662708
0.645646452904	0.0	0.0	0.0	0.919239904988	0.0	0.0	0.0	0.913301662708
0.466535866261	0.0	0.0	0.0	0.919239904988	0.0	0.0	0.0	0.913301662708
0.440702587366	0.0	0.0	0.0	0.919239904988	0.0	0.0	0.0	0.913301662708
0.492411136627	0.0	0.0	0.0	0.919239904988	0.0	0.0	0.0	0.913301662708
0.327495902777	0.0	0.0	0.0	0.919239904988	0.0	0.0	0.0	0.913301662708
0.506290376186	0.0	0.0	0.0	0.919239904988	0.0	0.0	0.0	0.913301662708
0.625657260418	0.0	0.0	0.0	0.919239904988	0.0	0.0	0.0	0.913301662708
0.501090407372	0.0	0.0	0.0	0.919239904988	0.0	0.0	0.0	0.913301662708
0.318347781897	0.0	0.0	0.0	0.919239904988	0.0	0.0	0.0	0.913301662708
0.57562983036	0.0	0.0	0.0	0.919239904988	0.0	0.0	0.0	0.913301662708
0.500369668007	0.0	0.0	0.0	0.919239904988	0.0	0.0	0.0	0.913301662708
0.503015100956	0.0	0.0	0.0	0.919239904988	0.0	0.0	0.0	0.913301662708
0.406358331442	0.0	0.0	0.0	0.919239904988	0.0	0.0	0.0	0.913301662708
0.192410945892	0.0	0.0	0.0	0.919239904988	0.0	0.0	0.0	0.913301662708
0.526756942272	0.0	0.0	0.0	0.919239904988	0.0	0.0	0.0	0.913301662708
0.534536600113	0.0	0.0	0.0	0.919239904988	0.0	0.0	0.0	0.913301662708
0.287872552872	0.0	0.0	0.0	0.919239904988	0.0	0.0	0.0	0.913301662708
0.416055321693	0.0	0.0	0.0	0.919239904988	0.0	0.0	0.0	0.913301662708
0.806419730186	0.0	0.0	0.0	0.919239904988	0.0	0.0	0.0	0.913301662708
0.39773017168	0.0	0.0	0.0	0.919239904988	0.0	0.0	0.0	0.913301662708
0.555841684341	0.0	0.0	0.0	0.919239904988	0.0	0.0	0.0	0.913895486936
0.591323494911	0.0	0.0	0.0	0.919239904988	0.0	0.0	0.0	0.913895486936
0.367800235748	0.0	0.0	0.0	0.919239904988	0.0	0.0	0.0	0.913895486936
0.604483664036	0.0	0.0	0.0	0.919239904988	0.0	0.0	0.0	0.913895486936
0.540244460106	0.0	0.0	0.0	0.919239904988	0.0	0.0	0.0	0.913895486936
0.435872882605	0.0	0.0	0.0	0.919239904988	0.0	0.0	0.0	0.913895486936
0.310317009687	0.0	0.0	0.0	0.919239904988	0.0	0.0	0.0	0.913895486936
0.330341100693	0.0	0.0	0.0	0.919239904988	0.0	0.0	0.0	0.913895486936
0.400464892387	0.0	0.0	0.0	0.919239904988	0.0	0.0	0.0	0.913895486936
0.483322262764	0.0	0.0	0.0	0.919239904988	0.0	0.0	0.0	0.913895486936
0.606602311134	0.0	0.0	0.0	0.919239904988	0.0	0.0	0.0	0.913895486936
0.404755175114	0.0	0.0	0.0	0.919239904988	0.0	0.0	0.0	0.913895486936
