cnn_hidden_size	(80, 40)
loss_weights	[0.275, 0.725]
lr	0.00858405642289
0.767695963383	0.0	0.0	0.0	0.90973871734	0.0	0.0	0.0	0.916270783848
0.358059763908	0.0	0.0	0.0	0.904988123515	0.0	0.0	0.0	0.908551068884
0.663956940174	0.0487791077082	0.0	0.0263157825485	0.907363420428	0.0	0.0	0.0	0.910926365796
0.439859032631	0.0	0.0	0.0	0.90973871734	0.0	0.0	0.0	0.916270783848
0.535489976406	0.0	0.0	0.0	0.90973871734	0.0	0.0	0.0	0.91567695962
0.443544447422	0.0	0.0	0.0	0.90973871734	0.0	0.0	0.0	0.915083135392
0.510185360909	0.0	0.0	0.0	0.90973871734	0.0	0.0	0.0	0.916270783848
0.327412217855	0.0	0.0	0.0	0.90973871734	0.0	0.0	0.0	0.916270783848
0.52079641819	0.0	0.0	0.0	0.90973871734	0.0	0.0	0.0	0.916270783848
0.607118308544	0.0	0.0	0.0	0.90973871734	0.0	0.0	0.0	0.916270783848
0.426974892616	0.0	0.0	0.0	0.90973871734	0.0	0.0	0.0	0.916270783848
0.429952770472	0.0	0.0	0.0	0.90973871734	0.0	0.0	0.0	0.916270783848
0.209313958883	0.0	0.0	0.0	0.90973871734	0.0	0.0	0.0	0.916270783848
0.329916596413	0.0	0.0	0.0	0.90973871734	0.0	0.0	0.0	0.916270783848
0.209397956729	0.0	0.0	0.0	0.90973871734	0.0	0.0	0.0	0.916270783848
0.4206571877	0.0	0.0	0.0	0.90973871734	0.0	0.0	0.0	0.916270783848
0.426925718784	0.0	0.0	0.0	0.90973871734	0.0	0.0	0.0	0.916270783848
0.426693588495	0.0	0.0	0.0	0.90973871734	0.0	0.0	0.0	0.916270783848
0.419451981783	0.0	0.0	0.0	0.90973871734	0.0	0.0	0.0	0.916270783848
0.682460069656	0.0	0.0	0.0	0.90973871734	0.0	0.0	0.0	0.916270783848
0.752089381218	0.0	0.0	0.0	0.90973871734	0.0	0.0	0.0	0.916270783848
0.516004264355	0.0	0.0	0.0	0.90973871734	0.0	0.0	0.0	0.916270783848
0.5218770504	0.0	0.0	0.0	0.90973871734	0.0	0.0	0.0	0.916270783848
0.768173217773	0.0	0.0	0.0	0.90973871734	0.0	0.0	0.0	0.916270783848
0.684167504311	0.0	0.0	0.0	0.90973871734	0.0	0.0	0.0	0.916270783848
0.215578615665	0.0	0.0	0.0	0.90973871734	0.0	0.0	0.0	0.916270783848
0.297608971596	0.0	0.0	0.0	0.90973871734	0.0	0.0	0.0	0.916270783848
0.765623092651	0.0	0.0	0.0	0.90973871734	0.0	0.0	0.0	0.916270783848
0.324842721224	0.0	0.0	0.0	0.90973871734	0.0	0.0	0.0	0.916270783848
0.521057844162	0.0	0.0	0.0	0.90973871734	0.0	0.0	0.0	0.916270783848
0.521585464478	0.0	0.0	0.0	0.90973871734	0.0	0.0	0.0	0.916270783848
0.757599651814	0.0	0.0	0.0	0.90973871734	0.0	0.0	0.0	0.916270783848
0.327328085899	0.0	0.0	0.0	0.90973871734	0.0	0.0	0.0	0.916270783848
0.202764585614	0.0	0.0	0.0	0.90973871734	0.0	0.0	0.0	0.916270783848
0.426416933537	0.0	0.0	0.0	0.90973871734	0.0	0.0	0.0	0.916270783848
0.609595239162	0.0	0.0	0.0	0.90973871734	0.0	0.0	0.0	0.916270783848
0.521430075169	0.0	0.0	0.0	0.90973871734	0.0	0.0	0.0	0.916270783848
0.521823644638	0.0	0.0	0.0	0.90973871734	0.0	0.0	0.0	0.916270783848
0.325497418642	0.0	0.0	0.0	0.90973871734	0.0	0.0	0.0	0.916270783848
0.76098972559	0.0	0.0	0.0	0.90973871734	0.0	0.0	0.0	0.916270783848
