cnn_hidden_size	(80, 40)
loss_weights	[0.4, 0.6]
lr	0.00930778273203
0.698704361916	0.0	0.0	0.0	0.919239904988	0.0	0.0	0.0	0.913895486936
0.469161659479	0.0	0.0	0.0	0.919239904988	0.0	0.0	0.0	0.913895486936
0.31411203742	0.0	0.0	0.0	0.919239904988	0.0	0.0	0.0	0.913895486936
0.447594553232	0.0	0.0	0.0	0.919239904988	0.0	0.0	0.0	0.913895486936
0.43999555707	0.0	0.0	0.0	0.919239904988	0.0	0.0	0.0	0.913895486936
0.23689301312	0.0	0.0	0.0	0.919239904988	0.0	0.0	0.0	0.913895486936
0.436129212379	0.0	0.0	0.0	0.919239904988	0.0	0.0	0.0	0.913895486936
0.41727116704	0.0	0.0	0.0	0.919239904988	0.0	0.0	0.0	0.913895486936
0.398619949818	0.0	0.0	0.0	0.919239904988	0.0	0.0	0.0	0.913895486936
0.287622183561	0.0	0.9999900001	0.0	0.919239904988	0.0136984922124	0.9999900001	0.00689655124851	0.914489311164
0.412506878376	0.0	0.9999900001	0.0	0.919239904988	0.0136984922124	0.9999900001	0.00689655124851	0.914489311164
0.260113477707	0.0555544753241	0.714284693879	0.0294117560554	0.919239904988	0.0657885864026	0.714284693879	0.0344827562426	0.91567695962
0.312686175108	0.0	0.999997500006	0.0	0.919239904988	0.0536907454658	0.999997500006	0.0275862049941	0.916270783848
0.217388361692	0.0	0.0	0.0	0.919239904988	0.0	0.0	0.0	0.913895486936
0.596810817719	0.0	0.0	0.0	0.919239904988	0.0	0.0	0.0	0.913895486936
0.295359134674	0.0	0.0	0.0	0.919239904988	0.0	0.0	0.0	0.913895486936
0.377054095268	0.0	0.0	0.0	0.919239904988	0.0	0.0	0.0	0.913895486936
0.277052074671	0.0	0.0	0.0	0.919239904988	0.0	0.0	0.0	0.913895486936
0.113887794316	0.0	0.0	0.0	0.919239904988	0.0	0.0	0.0	0.913895486936
0.384575098753	0.0	0.0	0.0	0.919239904988	0.0	0.0	0.0	0.913895486936
0.288530558348	0.0	0.0	0.0	0.919239904988	0.0	0.0	0.0	0.913895486936
0.124639496207	0.0	0.0	0.0	0.919239904988	0.0	0.0	0.0	0.913895486936
0.384725660086	0.0	0.0	0.0	0.919239904988	0.0	0.0	0.0	0.913895486936
0.693753361702	0.0	0.0	0.0	0.919239904988	0.0	0.0	0.0	0.913895486936
0.239157438278	0.0	0.0	0.0	0.919239904988	0.0	0.0	0.0	0.913895486936
0.46619361639	0.0	0.0	0.0	0.919239904988	0.0	0.0	0.0	0.913895486936
0.310383200645	0.0	0.0	0.0	0.919239904988	0.0	0.0	0.0	0.913895486936
0.28766220808	0.0	0.0	0.0	0.919239904988	0.0	0.0	0.0	0.913895486936
0.277694821358	0.0	0.0	0.0	0.919239904988	0.0	0.0	0.0	0.913895486936
0.310832202435	0.0	0.499997500012	0.0	0.916864608076	0.0136051719231	0.499997500012	0.00689655124851	0.913895486936
0.241259276867	0.0	0.999995000025	0.0	0.919239904988	0.0272106122463	0.999995000025	0.013793102497	0.915083135392
0.230199545622	0.0	0.999995000025	0.0	0.919239904988	0.0272106122463	0.999995000025	0.013793102497	0.915083135392
0.222620815039	0.0	0.799998400003	0.0	0.919239904988	0.0533326817844	0.799998400003	0.0275862049941	0.91567695962
0.393369704485	0.0	0.9999900001	0.0	0.919239904988	0.0136984922124	0.9999900001	0.00689655124851	0.914489311164
0.22219453752	0.0	0.0	0.0	0.919239904988	0.0	0.0	0.0	0.913895486936
0.478178232908	0.0	0.0	0.0	0.919239904988	0.0	0.0	0.0	0.913895486936
0.223541870713	0.0	0.0	0.0	0.919239904988	0.0	0.0	0.0	0.913895486936
0.395288050175	0.0	0.0	0.0	0.919239904988	0.0	0.0	0.0	0.913895486936
0.221975490451	0.0	0.0	0.0	0.919239904988	0.0	0.0	0.0	0.913895486936
0.396121144295	0.0	0.0	0.0	0.919239904988	0.0	0.0	0.0	0.913895486936
