cnn_hidden_size	(40, 20)
loss_weights	[0.17500000000000004, 0.825]
lr	3.48069532679e-05
0.70272487402	0.0606010472437	0.0526315758695	0.0624999804688	0.852731591449	0.0565987989414	0.0526315758695	0.061224485631	0.821852731591
0.679613530636	0.0	0.0	0.0	0.9216152019	0.0	0.0	0.0	0.91270783848
0.411687344313	0.0	0.0	0.0	0.923990498812	0.0	0.0	0.0	0.91270783848
0.551559090614	0.0	0.0	0.0	0.923990498812	0.0	0.0	0.0	0.91270783848
0.525953948498	0.0	0.0	0.0	0.923990498812	0.0	0.0	0.0	0.91270783848
0.836023032665	0.0	0.0	0.0	0.923990498812	0.0	0.0	0.0	0.91270783848
0.425004571676	0.0	0.0	0.0	0.923990498812	0.0	0.0	0.0	0.91270783848
0.752662599087	0.0	0.0	0.0	0.923990498812	0.0	0.0	0.0	0.91270783848
0.599762380123	0.0	0.0	0.0	0.923990498812	0.0	0.0	0.0	0.91270783848
0.611301422119	0.0	0.0	0.0	0.923990498812	0.0	0.0	0.0	0.91270783848
0.602301180363	0.0	0.0	0.0	0.923990498812	0.0	0.0	0.0	0.91270783848
0.583256959915	0.0	0.0	0.0	0.923990498812	0.0	0.0	0.0	0.91270783848
0.621829330921	0.0	0.0	0.0	0.923990498812	0.0	0.0	0.0	0.91270783848
0.62642377615	0.0	0.0	0.0	0.923990498812	0.0	0.0	0.0	0.91270783848
0.748433113098	0.0	0.0	0.0	0.923990498812	0.0	0.0	0.0	0.91270783848
0.633620262146	0.0	0.0	0.0	0.923990498812	0.0	0.0	0.0	0.91270783848
0.663631856441	0.0	0.0	0.0	0.923990498812	0.0	0.0	0.0	0.91270783848
0.562760591507	0.0	0.0	0.0	0.923990498812	0.0	0.0	0.0	0.91270783848
0.478791594505	0.0	0.0	0.0	0.923990498812	0.0	0.0	0.0	0.91270783848
0.668434381485	0.0	0.0	0.0	0.923990498812	0.0	0.0	0.0	0.91270783848
0.5180991292	0.0	0.0	0.0	0.923990498812	0.0	0.0	0.0	0.91270783848
0.466901659966	0.0	0.0	0.0	0.923990498812	0.0	0.0	0.0	0.91270783848
0.557017862797	0.0	0.0	0.0	0.923990498812	0.0	0.0	0.0	0.91270783848
0.313363522291	0.0	0.0	0.0	0.923990498812	0.0	0.0	0.0	0.91270783848
0.718061685562	0.0	0.0	0.0	0.923990498812	0.0	0.0	0.0	0.91270783848
0.563714683056	0.0	0.0	0.0	0.923990498812	0.0	0.0	0.0	0.91270783848
0.662745296955	0.0	0.0	0.0	0.923990498812	0.0	0.0	0.0	0.911520190024
0.438175708055	0.0	0.0	0.0	0.923990498812	0.0	0.0	0.0	0.911520190024
0.308197468519	0.0	0.0	0.0	0.923990498812	0.0	0.0	0.0	0.912114014252
0.665993869305	0.0	0.499998750003	0.0	0.923990498812	0.0264895469585	0.499998750003	0.0136054412513	0.91270783848
0.486986577511	0.0	0.2499996875	0.0	0.923990498812	0.0258054693389	0.2499996875	0.0136054412513	0.910332541568
0.590452671051	0.0	0.2499996875	0.0	0.923990498812	0.0258054693389	0.2499996875	0.0136054412513	0.910332541568
0.516786277294	0.0	0.2499996875	0.0	0.923990498812	0.0258054693389	0.2499996875	0.0136054412513	0.910332541568
0.61535179615	0.0	0.333332777779	0.0	0.923990498812	0.0261430338965	0.333332777779	0.0136054412513	0.911520190024
0.444926202297	0.0	0.285713877552	0.0	0.923990498812	0.0259731548601	0.285713877552	0.0136054412513	0.910926365796
0.571779131889	0.0	0.285713877552	0.0	0.923990498812	0.0259731548601	0.285713877552	0.0136054412513	0.910926365796
0.62218862772	0.0	0.285713877552	0.0	0.923990498812	0.0259731548601	0.285713877552	0.0136054412513	0.910926365796
0.653908848763	0.0	0.454545041323	0.0	0.9216152019	0.0632898357891	0.454545041323	0.0340136031283	0.912114014252
0.510380327702	0.0	0.3999996	0.0	0.9216152019	0.0509542148024	0.3999996	0.0272108825027	0.911520190024
0.449756115675	0.0	0.3999996	0.0	0.9216152019	0.0509542148024	0.3999996	0.0272108825027	0.911520190024
