cnn_hidden_size	(80, 40)
loss_weights	[0.375, 0.625]
lr	0.00567820197029
0.835488259792	0.0	0.0	0.0	0.935866983373	0.0	0.0	0.0	0.90973871734
0.453992933035	0.0	0.0	0.0	0.935866983373	0.0	0.0	0.0	0.90973871734
0.391923874617	0.0	0.0	0.0	0.933491686461	0.0	0.0	0.0	0.900831353919
0.287512212992	0.0	0.0	0.0	0.935866983373	0.0	0.0	0.0	0.90973871734
0.340183973312	0.0	0.9999900001	0.0	0.935866983373	0.0130717638515	0.9999900001	0.0065789469356	0.910332541568
0.591618537903	0.0689641855123	0.0	0.0370370233196	0.935866983373	0.0	0.0	0.0	0.907957244656
0.476062446833	0.0	0.111110987654	0.0	0.931116389549	0.0124213032792	0.111110987654	0.0065789469356	0.905581947743
0.377477616072	0.0	0.999995000025	0.0	0.933491686461	0.0259737662351	0.999995000025	0.0131578938712	0.910926365796
0.483582317829	0.0	0.9999900001	0.0	0.935866983373	0.0130717638515	0.9999900001	0.0065789469356	0.910332541568
0.348819822073	0.0	0.0	0.0	0.933491686461	0.0	0.0	0.0	0.909144893112
0.443304955959	0.0	0.214285561225	0.0	0.933491686461	0.0361430295324	0.214285561225	0.0197368408068	0.904988123515
0.330607771873	0.0	0.0	0.0	0.933491686461	0.0	0.0	0.0	0.90973871734
0.492076665163	0.0	0.222221975309	0.0	0.931116389549	0.0248436619396	0.222221975309	0.0131578938712	0.9067695962
0.587550520897	0.0	0.0	0.0	0.935866983373	0.0	0.0	0.0	0.90973871734
0.141981452703	0.0	0.0	0.0	0.935866983373	0.0	0.0	0.0	0.909144893112
0.31988427043	0.0	0.714284693879	0.0	0.935866983373	0.0628922321213	0.714284693879	0.032894734678	0.911520190024
0.462079584599	0.0	0.333332222226	0.0	0.935866983373	0.0129028445469	0.333332222226	0.0065789469356	0.909144893112
0.313205480576	0.0	0.666665925927	0.0	0.933491686461	0.0745330967309	0.666665925927	0.0394736816136	0.911520190024
0.308887302876	0.0	0.666665555557	0.0	0.933491686461	0.0506321743405	0.666665555557	0.0263157877424	0.910926365796
0.331216812134	0.0	0.999995000025	0.0	0.933491686461	0.0259737662351	0.999995000025	0.0131578938712	0.910926365796
0.342359155416	0.0	0.374999531251	0.0	0.935866983373	0.0374990453356	0.374999531251	0.0197368408068	0.908551068884
0.37845659256	0.0	0.999997500006	0.0	0.935866983373	0.0512815450399	0.999997500006	0.0263157877424	0.912114014252
0.401899427176	0.0	0.999997500006	0.0	0.935866983373	0.0512815450399	0.999997500006	0.0263157877424	0.912114014252
0.412421137094	0.0	0.874998906251	0.0	0.935866983373	0.0874990390718	0.874998906251	0.0460526285492	0.913301662708
0.394489824772	0.0	0.999998571431	0.0	0.935866983373	0.088049461658	0.999998571431	0.0460526285492	0.913895486936
0.319777369499	0.0	0.749999375001	0.0	0.935866983373	0.109754727856	0.749999375001	0.0592105224204	0.913301662708
0.49104988575	0.0	0.999998333336	0.0	0.935866983373	0.0759486268286	0.999998333336	0.0394736816136	0.913301662708
0.530683159828	0.0	0.999998750002	0.0	0.935866983373	0.099999037508	0.999998750002	0.0526315754848	0.914489311164
0.398676335812	0.0	0.999998750002	0.0	0.935866983373	0.099999037508	0.999998750002	0.0526315754848	0.914489311164
0.441649228334	0.0666648222666	0.624999609375	0.0370370233196	0.933491686461	0.119045881543	0.624999609375	0.065789469356	0.912114014252
0.334835588932	0.0	0.769230177515	0.0	0.933491686461	0.121210654929	0.769230177515	0.065789469356	0.913895486936
0.647751152515	0.0	0.714284693879	0.0	0.933491686461	0.0628922321213	0.714284693879	0.032894734678	0.911520190024
0.3400631845	0.0	0.559999776	0.0	0.923990498812	0.15818964669	0.559999776	0.0921052570983	0.911520190024
0.403684616089	0.0	0.410256305062	0.0	0.919239904988	0.167535999624	0.410256305062	0.10526315097	0.905581947743
0.392647475004	0.0	0.916665902778	0.0	0.933491686461	0.134144968781	0.916665902778	0.0723684162916	0.91567695962
0.622763514519	0.0	0.679999728	0.0	0.931116389549	0.192087947938	0.679999728	0.111842097905	0.915083135392
0.259458124638	0.0	0.999998750002	0.0	0.935866983373	0.099999037508	0.999998750002	0.0526315754848	0.914489311164
0.348393946886	0.0	0.826086597354	0.0	0.928741092637	0.217140549248	0.826086597354	0.124999991776	0.91864608076
0.468740403652	0.0	0.719999712	0.0	0.926365795724	0.203387381688	0.719999712	0.118421044841	0.916270783848
0.175317302346	0.0689641855123	0.944443919753	0.0370370233196	0.935866983373	0.199998083062	0.944443919753	0.111842097905	0.919239904988
