cnn_hidden_size	(60, 30)
loss_weights	[0.125, 0.875]
lr	3.97597721432e-05
0.693098366261	0.0833295487788	0.0666666577778	0.0555555401235	0.895486935867	0.0458670423596	0.0666666577778	0.0349650325199	0.87648456057
0.438746452332	0.0	0.0	0.0	0.914489311164	0.0	0.0	0.0	0.912114014252
0.753161132336	0.0	0.0	0.0	0.914489311164	0.0	0.0	0.0	0.911520190024
0.559809625149	0.0	0.0	0.0	0.914489311164	0.0	0.0	0.0	0.912114014252
0.716278851032	0.0	0.0	0.0	0.914489311164	0.0	0.0	0.0	0.913895486936
0.623897254467	0.0	0.0	0.0	0.914489311164	0.0	0.0	0.0	0.914489311164
0.576669275761	0.0	0.0	0.0	0.914489311164	0.0	0.0	0.0	0.913301662708
0.716094434261	0.0	0.0	0.0	0.914489311164	0.0	0.0	0.0	0.914489311164
0.611855924129	0.0	0.399999200002	0.0	0.914489311164	0.0270263705405	0.399999200002	0.013986013008	0.914489311164
0.695331633091	0.0	0.499998750003	0.0	0.914489311164	0.0272103512516	0.499998750003	0.013986013008	0.915083135392
0.529309630394	0.0	0.399999200002	0.0	0.912114014252	0.0270263705405	0.399999200002	0.013986013008	0.914489311164
0.667508304119	0.0	0.285713877552	0.0	0.912114014252	0.0266657733619	0.285713877552	0.013986013008	0.913301662708
0.713686645031	0.0	0.285713877552	0.0	0.912114014252	0.0266657733619	0.285713877552	0.013986013008	0.913301662708
0.611534178257	0.0454515497797	0.34210517313	0.0277777700617	0.900237529691	0.143643075684	0.34210517313	0.0909090845518	0.907957244656
0.595544219017	0.0	0.357142729592	0.0	0.902612826603	0.116956312091	0.357142729592	0.0699300650399	0.910332541568
0.60132676363	0.0	0.319999872	0.0	0.902612826603	0.095235550662	0.319999872	0.0559440520319	0.90973871734
0.613325834274	0.0	0.222221975309	0.0	0.90973871734	0.0263146719644	0.222221975309	0.013986013008	0.912114014252
0.737591445446	0.0454515497797	0.307692228797	0.0277777700617	0.900237529691	0.131864750116	0.307692228797	0.0839160780478	0.906175771971
0.524438679218	0.0	0.347825935728	0.0	0.900237529691	0.0963831434755	0.347825935728	0.0559440520319	0.910926365796
0.63164383173	0.041662899642	0.265624958496	0.0277777700617	0.890736342043	0.164246920226	0.265624958496	0.118881110568	0.897268408551
0.447377771139	0.0444412249202	0.29999994	0.0277777700617	0.897862232779	0.155436559465	0.29999994	0.10489509756	0.903206650831
0.551924943924	0.0444412249202	0.318181745868	0.0277777700617	0.897862232779	0.149729005777	0.318181745868	0.0979020910558	0.905581947743
0.470724731684	0.0754673124618	0.242718423037	0.0555555401235	0.883610451306	0.203247148309	0.242718423037	0.1748251626	0.883610451306
0.747554898262	0.0425495883498	0.278688478904	0.0277777700617	0.893111638955	0.166662458294	0.278688478904	0.118881110568	0.899049881235
0.553146779537	0.0425495883498	0.298245561711	0.0277777700617	0.893111638955	0.169995907598	0.298245561711	0.118881110568	0.901425178147
0.575811862946	0.0384572637849	0.224719075874	0.0277777700617	0.881235154394	0.172409049253	0.224719075874	0.13986013008	0.885985748219
0.472343355417	0.0624950589813	0.251798543036	0.0555555401235	0.857482185273	0.248221933857	0.251798543036	0.244755227639	0.874109263658
0.57757627964	0.0344780386926	0.241666646528	0.0277777700617	0.866983372922	0.220527340972	0.241666646528	0.202797188616	0.878266033254
0.669398367405	0.037032579408	0.252252229527	0.0277777700617	0.87648456057	0.220467503055	0.252252229527	0.195804182112	0.88242280285
0.525929510593	0.0399959524056	0.287499964063	0.0277777700617	0.885985748219	0.206273407571	0.287499964063	0.160839149592	0.894893111639
0.696865022182	0.0399959524056	0.272727237308	0.0277777700617	0.885985748219	0.190904523662	0.272727237308	0.146853136584	0.894299287411
0.604232013226	0.0384572637849	0.263157867036	0.0277777700617	0.881235154394	0.210079219444	0.263157867036	0.1748251626	0.888361045131
0.626204073429	0.0363591013884	0.260869542533	0.0277777700617	0.874109263658	0.232553180503	0.260869542533	0.20979019512	0.88242280285
0.713391900063	0.0333285229132	0.248275844946	0.0277777700617	0.862232779097	0.24999498298	0.248275844946	0.251748234143	0.871733966746
0.559307932854	0.0350830538641	0.249999981618	0.0277777700617	0.869358669834	0.243722584345	0.249999981618	0.237762221136	0.874703087886
0.637922942638	0.0392115190856	0.303797429899	0.0277777700617	0.883610451306	0.216211612385	0.303797429899	0.167832156096	0.896674584323
0.632126331329	0.0350830538641	0.246268638338	0.0277777700617	0.869358669834	0.238262136194	0.246268638338	0.230769214632	0.874703087886
0.536582052708	0.0588185298338	0.245283003441	0.0555555401235	0.847980997625	0.258273142722	0.245283003441	0.272727253655	0.866983372922
0.54719042778	0.0338935370075	0.255474433907	0.0277777700617	0.86460807601	0.249994984539	0.255474433907	0.244755227639	0.875296912114
0.534392416477	0.0322531849182	0.249999982639	0.0277777700617	0.857482185273	0.250866062817	0.249999982639	0.251748234143	0.872327790974
