cnn_hidden_size	(20, 10)
loss_weights	[0.375, 0.625]
lr	6.33865344154e-05
0.645938038826	0.0842055138697	0.0558659186667	0.0816326364015	0.793349168646	0.0647200410034	0.0558659186667	0.0769230710059	0.8283847981
0.54768794775	0.0	0.0	0.0	0.883610451306	0.0	0.0	0.0	0.9216152019
0.367914974689	0.0	0.0	0.0	0.883610451306	0.0	0.0	0.0	0.922802850356
0.321313738823	0.0	0.0	0.0	0.883610451306	0.0	0.0	0.0	0.922802850356
0.417982578278	0.0	0.0	0.0	0.883610451306	0.0	0.0	0.0	0.922802850356
0.294229060411	0.0	0.0	0.0	0.883610451306	0.0	0.0	0.0	0.922802850356
0.231777429581	0.0	0.0	0.0	0.883610451306	0.0	0.0	0.0	0.922802850356
0.538679242134	0.0	0.0	0.0	0.883610451306	0.0	0.0	0.0	0.922802850356
0.140982508659	0.0	0.0	0.0	0.883610451306	0.0	0.0	0.0	0.922802850356
0.405003786087	0.0	0.0	0.0	0.883610451306	0.0	0.0	0.0	0.922802850356
0.285763382912	0.0	0.0	0.0	0.883610451306	0.0	0.0	0.0	0.922802850356
0.332819163799	0.0	0.0	0.0	0.883610451306	0.0	0.0	0.0	0.922802850356
0.140931531787	0.0	0.0	0.0	0.883610451306	0.0	0.0	0.0	0.922802850356
0.406408160925	0.0	0.0	0.0	0.883610451306	0.0	0.0	0.0	0.922802850356
0.520244479179	0.0	0.0	0.0	0.883610451306	0.0	0.0	0.0	0.922802850356
0.412597119808	0.0	0.0	0.0	0.883610451306	0.0	0.0	0.0	0.922802850356
0.411537051201	0.0	0.0	0.0	0.883610451306	0.0	0.0	0.0	0.922802850356
0.488324940205	0.0	0.0	0.0	0.883610451306	0.0	0.0	0.0	0.922802850356
0.323270380497	0.0	0.0	0.0	0.883610451306	0.0	0.0	0.0	0.922802850356
0.452084153891	0.0	0.0	0.0	0.883610451306	0.0	0.0	0.0	0.922802850356
0.306004375219	0.0	0.0	0.0	0.883610451306	0.0	0.0	0.0	0.922802850356
0.542659044266	0.0	0.0	0.0	0.883610451306	0.0	0.0	0.0	0.922802850356
0.336769491434	0.0	0.0	0.0	0.883610451306	0.0	0.0	0.0	0.922802850356
0.205234482884	0.0	0.0	0.0	0.883610451306	0.0	0.0	0.0	0.922802850356
0.118379838765	0.0	0.0	0.0	0.883610451306	0.0	0.0	0.0	0.922802850356
0.456795096397	0.0	0.0	0.0	0.883610451306	0.0	0.0	0.0	0.922802850356
0.395369172096	0.0	0.0	0.0	0.883610451306	0.0	0.0	0.0	0.922802850356
0.221051350236	0.0	0.0	0.0	0.883610451306	0.0	0.0	0.0	0.922802850356
0.369678258896	0.0	0.0	0.0	0.883610451306	0.0	0.0	0.0	0.922802850356
0.418743818998	0.0	0.0	0.0	0.883610451306	0.0	0.0	0.0	0.922802850356
0.295425802469	0.0	0.0	0.0	0.883610451306	0.0	0.0	0.0	0.922802850356
0.189086869359	0.0	0.0	0.0	0.883610451306	0.0	0.0	0.0	0.922802850356
0.372003942728	0.0	0.0	0.0	0.883610451306	0.0	0.0	0.0	0.922802850356
0.384106367826	0.0	0.0	0.0	0.883610451306	0.0	0.0	0.0	0.922802850356
0.558737337589	0.0	0.0	0.0	0.883610451306	0.0	0.0	0.0	0.922802850356
0.347369909286	0.0	0.0	0.0	0.883610451306	0.0	0.0	0.0	0.922802850356
0.392646968365	0.0	0.0	0.0	0.883610451306	0.0	0.0	0.0	0.922802850356
0.330754727125	0.0	0.0	0.0	0.883610451306	0.0	0.0	0.0	0.922802850356
0.500858962536	0.0	0.0	0.0	0.883610451306	0.0	0.0	0.0	0.922802850356
0.536921083927	0.0	0.0	0.0	0.883610451306	0.0	0.0	0.0	0.922802850356
