cnn_hidden_size	(40, 20)
loss_weights	[0.25, 0.75]
lr	4.40705076579e-05
0.720386922359	0.0909054833832	0.0712401036612	0.193548324662	0.714964370546	0.102462750106	0.0712401036612	0.182432420106	0.719121140143
0.429260194302	0.0	0.0	0.0	0.926365795724	0.0	0.0	0.0	0.912114014252
0.510979175568	0.0	0.0	0.0	0.926365795724	0.0	0.0	0.0	0.912114014252
0.486794352531	0.0	0.0	0.0	0.926365795724	0.0	0.0	0.0	0.912114014252
0.419876307249	0.0	0.0	0.0	0.926365795724	0.0	0.0	0.0	0.912114014252
0.447769016027	0.0	0.0	0.0	0.926365795724	0.0	0.0	0.0	0.912114014252
0.518759071827	0.0	0.0	0.0	0.926365795724	0.0	0.0	0.0	0.912114014252
0.416900426149	0.0	0.0	0.0	0.926365795724	0.0	0.0	0.0	0.912114014252
0.616049945354	0.0	0.0	0.0	0.926365795724	0.0	0.0	0.0	0.912114014252
0.785125732422	0.0	0.0	0.0	0.926365795724	0.0	0.0	0.0	0.912114014252
0.503626048565	0.0	0.0	0.0	0.926365795724	0.0	0.0	0.0	0.912114014252
0.46780359745	0.0	0.0	0.0	0.926365795724	0.0	0.0	0.0	0.912114014252
0.617584109306	0.0	0.0	0.0	0.926365795724	0.0	0.0	0.0	0.912114014252
0.226597040892	0.0	0.0	0.0	0.926365795724	0.0	0.0	0.0	0.912114014252
0.426885724068	0.0	0.0	0.0	0.926365795724	0.0	0.0	0.0	0.912114014252
0.444540441036	0.0	0.0	0.0	0.926365795724	0.0	0.0	0.0	0.912114014252
0.427628040314	0.0	0.0	0.0	0.926365795724	0.0	0.0	0.0	0.912114014252
0.438268482685	0.0	0.0	0.0	0.926365795724	0.0	0.0	0.0	0.912114014252
0.398895710707	0.0	0.0	0.0	0.926365795724	0.0	0.0	0.0	0.912114014252
0.661540448666	0.0	0.0	0.0	0.926365795724	0.0	0.0	0.0	0.912114014252
0.554447293282	0.0	0.0	0.0	0.926365795724	0.0	0.0	0.0	0.912114014252
0.345848709345	0.0	0.0	0.0	0.926365795724	0.0	0.0	0.0	0.912114014252
0.534208238125	0.0	0.0	0.0	0.926365795724	0.0	0.0	0.0	0.912114014252
0.5476603508	0.0	0.0	0.0	0.926365795724	0.0	0.0	0.0	0.912114014252
0.415478616953	0.0	0.0	0.0	0.926365795724	0.0	0.0	0.0	0.912114014252
0.69631588459	0.0	0.0	0.0	0.926365795724	0.0	0.0	0.0	0.912114014252
0.47073495388	0.0	0.0	0.0	0.926365795724	0.0	0.0	0.0	0.912114014252
0.539283156395	0.0	0.0	0.0	0.926365795724	0.0	0.0	0.0	0.912114014252
0.7141482234	0.0	0.0	0.0	0.926365795724	0.0	0.0	0.0	0.912114014252
0.430888861418	0.0	0.0	0.0	0.926365795724	0.0	0.0	0.0	0.912114014252
0.682247161865	0.0	0.0	0.0	0.926365795724	0.0	0.0	0.0	0.912114014252
0.566597223282	0.0	0.0	0.0	0.926365795724	0.0	0.0	0.0	0.912114014252
0.319287061691	0.0	0.0	0.0	0.926365795724	0.0	0.0	0.0	0.912114014252
0.504008471966	0.0	0.0	0.0	0.926365795724	0.0	0.0	0.0	0.912114014252
0.405259400606	0.0	0.0	0.0	0.926365795724	0.0	0.0	0.0	0.912114014252
0.695390403271	0.0	0.0	0.0	0.926365795724	0.0	0.0	0.0	0.912114014252
0.209852516651	0.0	0.0	0.0	0.926365795724	0.0	0.0	0.0	0.912114014252
0.31182128191	0.0	0.0	0.0	0.926365795724	0.0	0.0	0.0	0.912114014252
0.417776316404	0.0	0.0	0.0	0.926365795724	0.0	0.0	0.0	0.912114014252
0.485794216394	0.0	0.9999900001	0.0	0.926365795724	0.0134226836629	0.9999900001	0.00675675630022	0.91270783848
