cnn_hidden_size	(40, 20)
loss_weights	[0.32500000000000007, 0.6749999999999999]
lr	6.78838791242e-06
0.622825324535	0.0898830150066	0.107623313559	0.124999960938	0.807600950119	0.129724933851	0.107623313559	0.163265295016	0.808788598575
0.615399122238	0.0	0.0294117560554	0.0	0.907363420428	0.0110466721889	0.0294117560554	0.00680272062567	0.893705463183
0.642261445522	0.0	0.0454545247934	0.0	0.912114014252	0.0118320539322	0.0454545247934	0.00680272062567	0.900831353919
0.569355964661	0.0	0.0	0.0	0.919239904988	0.0	0.0	0.0	0.907957244656
0.5966604352	0.0	0.0	0.0	0.9216152019	0.0	0.0	0.0	0.90973871734
0.505878984928	0.0	0.0	0.0	0.923990498812	0.0	0.0	0.0	0.910926365796
0.501446425915	0.0	0.0	0.0	0.923990498812	0.0	0.0	0.0	0.910926365796
0.56336838007	0.0	0.0	0.0	0.923990498812	0.0	0.0	0.0	0.911520190024
0.515853047371	0.0	0.0	0.0	0.923990498812	0.0	0.0	0.0	0.912114014252
0.413921684027	0.0	0.0	0.0	0.923990498812	0.0	0.0	0.0	0.912114014252
0.535329937935	0.0	0.0	0.0	0.923990498812	0.0	0.0	0.0	0.912114014252
0.432709485292	0.0	0.0	0.0	0.923990498812	0.0	0.0	0.0	0.912114014252
0.358736366034	0.0	0.0	0.0	0.923990498812	0.0	0.0	0.0	0.912114014252
0.409558951855	0.0	0.0	0.0	0.923990498812	0.0	0.0	0.0	0.912114014252
0.516998887062	0.0	0.0	0.0	0.923990498812	0.0	0.0	0.0	0.912114014252
0.512811601162	0.0	0.0	0.0	0.923990498812	0.0	0.0	0.0	0.912114014252
0.407235860825	0.0	0.0	0.0	0.923990498812	0.0	0.0	0.0	0.912114014252
0.391095787287	0.0	0.0	0.0	0.923990498812	0.0	0.0	0.0	0.91270783848
0.313307672739	0.0	0.0	0.0	0.923990498812	0.0	0.0	0.0	0.91270783848
0.396961778402	0.0	0.0	0.0	0.923990498812	0.0	0.0	0.0	0.91270783848
0.537641882896	0.0	0.0	0.0	0.923990498812	0.0	0.0	0.0	0.91270783848
0.346757471561	0.0	0.0	0.0	0.923990498812	0.0	0.0	0.0	0.91270783848
0.479653298855	0.0	0.0	0.0	0.923990498812	0.0	0.0	0.0	0.91270783848
0.25820222497	0.0	0.0	0.0	0.923990498812	0.0	0.0	0.0	0.91270783848
0.201691657305	0.0	0.0	0.0	0.923990498812	0.0	0.0	0.0	0.91270783848
0.351207643747	0.0	0.0	0.0	0.923990498812	0.0	0.0	0.0	0.91270783848
0.728243291378	0.0	0.0	0.0	0.923990498812	0.0	0.0	0.0	0.91270783848
0.633058071136	0.0	0.0	0.0	0.923990498812	0.0	0.0	0.0	0.91270783848
0.43792206049	0.0	0.0	0.0	0.923990498812	0.0	0.0	0.0	0.91270783848
0.447739869356	0.0	0.0	0.0	0.923990498812	0.0	0.0	0.0	0.91270783848
0.505545854568	0.0	0.0	0.0	0.923990498812	0.0	0.0	0.0	0.91270783848
0.266387403011	0.0	0.0	0.0	0.923990498812	0.0	0.0	0.0	0.91270783848
0.531901061535	0.0	0.0	0.0	0.923990498812	0.0	0.0	0.0	0.91270783848
0.45828127861	0.0	0.0	0.0	0.923990498812	0.0	0.0	0.0	0.91270783848
0.591617584229	0.0	0.0	0.0	0.923990498812	0.0	0.0	0.0	0.91270783848
0.377949535847	0.0	0.0	0.0	0.923990498812	0.0	0.0	0.0	0.91270783848
0.631895720959	0.0	0.0	0.0	0.923990498812	0.0	0.0	0.0	0.91270783848
0.174540385604	0.0	0.0	0.0	0.923990498812	0.0	0.0	0.0	0.91270783848
0.51701682806	0.0	0.0	0.0	0.923990498812	0.0	0.0	0.0	0.91270783848
0.710347533226	0.0	0.0	0.0	0.923990498812	0.0	0.0	0.0	0.91270783848
