cnn_hidden_size	(80, 40)
loss_weights	[0.25, 0.75]
lr	0.00590764353456
0.728318631649	0.0	0.0	0.0	0.9216152019	0.0	0.0	0.0	0.913301662708
0.429092615843	0.0	0.285713877552	0.0	0.9216152019	0.0261429142918	0.285713877552	0.0136986291987	0.911520190024
0.440994828939	0.0	0.399999200002	0.0	0.9216152019	0.0264894224081	0.399999200002	0.0136986291987	0.91270783848
0.697405636311	0.0	0.0	0.0	0.9216152019	0.0	0.0	0.0	0.91270783848
0.429630845785	0.0	0.0	0.0	0.9216152019	0.0	0.0	0.0	0.91270783848
0.267893314362	0.0	0.499997500012	0.0	0.916864608076	0.0135132450734	0.499997500012	0.00684931459936	0.913301662708
0.559071660042	0.0	0.0	0.0	0.9216152019	0.0	0.0	0.0	0.913301662708
0.545460224152	0.0	0.0	0.0	0.919239904988	0.0	0.0	0.0	0.91270783848
0.435054421425	0.0	0.0	0.0	0.919239904988	0.0	0.0	0.0	0.91270783848
0.502595484257	0.0	0.0	0.0	0.9216152019	0.0	0.0	0.0	0.913301662708
0.163157701492	0.0	0.0	0.0	0.9216152019	0.0	0.0	0.0	0.913301662708
0.225209549069	0.0	0.0	0.0	0.919239904988	0.0	0.0	0.0	0.913301662708
0.496618926525	0.0	0.272727024794	0.0	0.916864608076	0.0382152525892	0.272727024794	0.0205479437981	0.910332541568
0.216941833496	0.0	0.374999531251	0.0	0.912114014252	0.038960048936	0.374999531251	0.0205479437981	0.912114014252
0.525454640388	0.0	0.0	0.0	0.916864608076	0.0	0.0	0.0	0.910926365796
0.407844811678	0.0476156578329	0.470587958478	0.0303030211203	0.904988123515	0.0981576288503	0.470587958478	0.0547945167949	0.91270783848
0.620515346527	0.0952346826572	0.444444197531	0.0606060422406	0.90973871734	0.0975590095565	0.444444197531	0.0547945167949	0.912114014252
0.491188049316	0.0465080370492	0.319999872	0.0303030211203	0.902612826603	0.0935647440898	0.319999872	0.0547945167949	0.907957244656
0.403375893831	0.0526292660244	0.307692071006	0.0303030211203	0.914489311164	0.050312957601	0.307692071006	0.0273972583974	0.910332541568
0.474083662033	0.0	0.0	0.0	0.9216152019	0.0	0.0	0.0	0.913301662708
0.538437902927	0.0	0.0	0.0	0.9216152019	0.0	0.0	0.0	0.913301662708
0.453103661537	0.0	0.0	0.0	0.916864608076	0.0	0.0	0.0	0.91270783848
0.609875440598	0.0526292660244	0.384615088758	0.0303030211203	0.914489311164	0.062891572362	0.384615088758	0.0342465729968	0.911520190024
0.458356648684	0.0	0.0	0.0	0.9216152019	0.0	0.0	0.0	0.913301662708
0.589298784733	0.0	0.0	0.0	0.9216152019	0.0	0.0	0.0	0.913301662708
0.4656470716	0.0	0.0	0.0	0.916864608076	0.0	0.0	0.0	0.910926365796
0.541472375393	0.0	0.0	0.0	0.9216152019	0.0	0.0	0.0	0.913301662708
0.617724120617	0.0	0.0	0.0	0.9216152019	0.0	0.0	0.0	0.913301662708
0.448216855526	0.0	0.0	0.0	0.9216152019	0.0	0.0	0.0	0.913301662708
0.254241883755	0.0434741875229	0.346153713018	0.0303030211203	0.895486935867	0.104648584432	0.346153713018	0.0616438313943	0.908551068884
0.553325176239	0.0	0.499997500012	0.0	0.916864608076	0.0135132450734	0.499997500012	0.00684931459936	0.913301662708
0.526116192341	0.0	0.444444197531	0.0	0.902612826603	0.0975590095565	0.444444197531	0.0547945167949	0.912114014252
0.422008216381	0.0	0.666665925927	0.0	0.907363420428	0.077418251003	0.666665925927	0.0410958875962	0.915083135392
0.445130974054	0.0	0.636363057852	0.0	0.904988123515	0.0891706600854	0.636363057852	0.0479452021955	0.915083135392
0.592919230461	0.0465080370492	0.499999772727	0.0303030211203	0.902612826603	0.130950089325	0.499999772727	0.075342460593	0.913301662708
0.726268768311	0.0	0.999996666678	0.0	0.916864608076	0.0402680563965	0.999996666678	0.0205479437981	0.915083135392
0.581370770931	0.0555539969518	0.545454049587	0.0303030211203	0.919239904988	0.0764318082082	0.545454049587	0.0410958875962	0.913895486936
0.496806949377	0.0555539969518	0.555554938272	0.0303030211203	0.919239904988	0.0645150268646	0.555554938272	0.0342465729968	0.913895486936
0.568794608116	0.0784267745832	0.239436585995	0.0606060422406	0.888361045131	0.156677610606	0.239436585995	0.116438348189	0.891330166271
0.520450592041	0.0	0.799999200001	0.0	0.912114014252	0.102562889559	0.799999200001	0.0547945167949	0.916864608076
