cnn_hidden_size	(80, 40)
loss_weights	[0.32500000000000007, 0.6749999999999999]
lr	1.45579614903e-06
0.705891191959	0.0736168588484	0.082142855676	0.222222139918	0.641330166271	0.129210121442	0.082142855676	0.302631559037	0.631828978622
0.663602888584	0.0967707714513	0.0718085087285	0.222222139918	0.733966745843	0.102268623471	0.0718085087285	0.177631567261	0.718527315914
0.660866081715	0.106191034661	0.073846151574	0.222222139918	0.760095011876	0.100624584482	0.073846151574	0.157894726454	0.745249406176
0.677267611027	0.0898833937093	0.0877192943983	0.148148093278	0.807600950119	0.105258352573	0.0877192943983	0.131578938712	0.79809976247
0.650033712387	0.0705838840029	0.0918367300083	0.111111069959	0.812351543943	0.103443350082	0.0918367300083	0.118421044841	0.814726840855
0.655032992363	0.0606012079154	0.0866141664083	0.0740740466392	0.852731591449	0.0788480814003	0.0866141664083	0.0723684162916	0.847387173397
0.620519340038	0.0645111918419	0.0701754324408	0.0740740466392	0.862232779097	0.0601454738569	0.0701754324408	0.0526315754848	0.851543942993
0.621782720089	0.0416617280118	0.0289855030456	0.0370370233196	0.890736342043	0.0180952521397	0.0289855030456	0.0131578938712	0.871140142518
0.572553694248	0.0476144335489	0.0357142793367	0.0370370233196	0.904988123515	0.0192268332752	0.0357142793367	0.0131578938712	0.878859857482
0.579843819141	0.0	0.0357142729592	0.0	0.916864608076	0.0111084833366	0.0357142729592	0.0065789469356	0.894299287411
0.63349711895	0.0	0.039999984	0.0	0.9216152019	0.0112970084042	0.039999984	0.0065789469356	0.896080760095
0.614283502102	0.0	0.0526315512466	0.0	0.926365795724	0.011693930089	0.0526315512466	0.0065789469356	0.899643705463
0.58747702837	0.0	0.0588234948097	0.0	0.926365795724	0.0118325089415	0.0588234948097	0.0065789469356	0.900831353919
0.523877620697	0.0	0.0909090082645	0.0	0.926365795724	0.0122686786633	0.0909090082645	0.0065789469356	0.904394299287
0.528018295765	0.0	0.0	0.0	0.926365795724	0.0	0.0	0.0	0.904988123515
0.527662217617	0.0	0.0	0.0	0.926365795724	0.0	0.0	0.0	0.905581947743
0.594406545162	0.0	0.0	0.0	0.928741092637	0.0	0.0	0.0	0.906175771971
0.58929169178	0.0	0.0	0.0	0.933491686461	0.0	0.0	0.0	0.907363420428
0.628739714622	0.0	0.0	0.0	0.933491686461	0.0	0.0	0.0	0.907957244656
0.581233024597	0.0	0.0	0.0	0.935866983373	0.0	0.0	0.0	0.907957244656
0.590057373047	0.0	0.0	0.0	0.935866983373	0.0	0.0	0.0	0.907957244656
0.533317565918	0.0	0.0	0.0	0.935866983373	0.0	0.0	0.0	0.907957244656
0.514992952347	0.0	0.0	0.0	0.935866983373	0.0	0.0	0.0	0.907957244656
0.597280859947	0.0	0.0	0.0	0.935866983373	0.0	0.0	0.0	0.907957244656
0.518168270588	0.0	0.0	0.0	0.935866983373	0.0	0.0	0.0	0.907957244656
0.523963034153	0.0	0.0	0.0	0.935866983373	0.0	0.0	0.0	0.909144893112
0.51254427433	0.0	0.0	0.0	0.935866983373	0.0	0.0	0.0	0.909144893112
0.371515780687	0.0	0.0	0.0	0.935866983373	0.0	0.0	0.0	0.909144893112
0.3661673069	0.0	0.0	0.0	0.935866983373	0.0	0.0	0.0	0.909144893112
0.574667096138	0.0	0.0	0.0	0.935866983373	0.0	0.0	0.0	0.909144893112
0.386913448572	0.0	0.0	0.0	0.935866983373	0.0	0.0	0.0	0.909144893112
0.61061757803	0.0	0.0	0.0	0.935866983373	0.0	0.0	0.0	0.909144893112
0.563356518745	0.0	0.0	0.0	0.935866983373	0.0	0.0	0.0	0.909144893112
0.442290097475	0.0	0.0	0.0	0.935866983373	0.0	0.0	0.0	0.909144893112
0.555007278919	0.0	0.0	0.0	0.935866983373	0.0	0.0	0.0	0.909144893112
0.505665719509	0.0	0.0	0.0	0.935866983373	0.0	0.0	0.0	0.909144893112
0.615963995457	0.0	0.0	0.0	0.935866983373	0.0	0.0	0.0	0.909144893112
0.574263811111	0.0	0.0	0.0	0.935866983373	0.0	0.0	0.0	0.909144893112
0.591179728508	0.0	0.0	0.0	0.935866983373	0.0	0.0	0.0	0.909144893112
0.511662244797	0.0	0.0	0.0	0.935866983373	0.0	0.0	0.0	0.90973871734
