cnn_hidden_size	(40, 20)
loss_weights	[0.375, 0.625]
lr	1.33429902852e-06
0.635346651077	0.10713845681	0.102564076266	0.0789473476454	0.881235154394	0.0444410453206	0.102564076266	0.0283687923143	0.897862232779
0.611966788769	0.0816291380065	0.0357142729592	0.052631565097	0.893111638955	0.0118315541622	0.0357142729592	0.00709219807857	0.900831353919
0.609337151051	0.0869536106791	0.0384615236686	0.052631565097	0.900237529691	0.0119734180528	0.0384615236686	0.00709219807857	0.902019002375
0.626447558403	0.0454521695411	0.0588234948097	0.0263157825485	0.900237529691	0.012656306171	0.0588234948097	0.00709219807857	0.907363420428
0.654779672623	0.0465095511968	0.0624999609375	0.0263157825485	0.902612826603	0.0127370216424	0.0624999609375	0.00709219807857	0.907957244656
0.566143453121	0.0	0.0	0.0	0.900237529691	0.0	0.0	0.0	0.912114014252
0.598667621613	0.0	0.0	0.0	0.900237529691	0.0	0.0	0.0	0.912114014252
0.604202330112	0.0	0.0	0.0	0.904988123515	0.0	0.0	0.0	0.912114014252
0.594582438469	0.0	0.0	0.0	0.904988123515	0.0	0.0	0.0	0.912114014252
0.552783727646	0.0	0.0	0.0	0.907363420428	0.0	0.0	0.0	0.912114014252
0.541563868523	0.0	0.0	0.0	0.90973871734	0.0	0.0	0.0	0.912114014252
0.587049126625	0.0	0.0	0.0	0.90973871734	0.0	0.0	0.0	0.913301662708
0.548371970654	0.0	0.0	0.0	0.90973871734	0.0	0.0	0.0	0.913301662708
0.561678230762	0.0	0.0	0.0	0.90973871734	0.0	0.0	0.0	0.913301662708
0.547936022282	0.0	0.0	0.0	0.90973871734	0.0	0.0	0.0	0.913895486936
0.553566098213	0.0	0.0	0.0	0.90973871734	0.0	0.0	0.0	0.913895486936
0.594549775124	0.0	0.0	0.0	0.90973871734	0.0	0.0	0.0	0.913895486936
0.593647003174	0.0	0.0	0.0	0.90973871734	0.0	0.0	0.0	0.914489311164
0.521876573563	0.0	0.0	0.0	0.90973871734	0.0	0.0	0.0	0.914489311164
0.575648903847	0.0	0.0	0.0	0.90973871734	0.0	0.0	0.0	0.915083135392
0.627493560314	0.0	0.0	0.0	0.90973871734	0.0	0.0	0.0	0.915083135392
0.55435025692	0.0	0.0	0.0	0.90973871734	0.0	0.0	0.0	0.91567695962
0.546637535095	0.0	0.0	0.0	0.90973871734	0.0	0.0	0.0	0.91567695962
0.542881250381	0.0	0.0	0.0	0.90973871734	0.0	0.0	0.0	0.91567695962
0.563576042652	0.0	0.0	0.0	0.90973871734	0.0	0.0	0.0	0.91567695962
0.49757835269	0.0	0.0	0.0	0.90973871734	0.0	0.0	0.0	0.916270783848
0.530875325203	0.0	0.0	0.0	0.90973871734	0.0	0.0	0.0	0.916270783848
0.489410698414	0.0	0.0	0.0	0.90973871734	0.0	0.0	0.0	0.916270783848
0.480536907911	0.0	0.0	0.0	0.90973871734	0.0	0.0	0.0	0.916270783848
0.549145400524	0.0	0.0	0.0	0.90973871734	0.0	0.0	0.0	0.916270783848
0.494925379753	0.0	0.0	0.0	0.90973871734	0.0	0.0	0.0	0.916270783848
0.416037380695	0.0	0.0	0.0	0.90973871734	0.0	0.0	0.0	0.916270783848
0.525737404823	0.0	0.0	0.0	0.90973871734	0.0	0.0	0.0	0.916270783848
0.417780190706	0.0	0.0	0.0	0.90973871734	0.0	0.0	0.0	0.916270783848
0.557551503181	0.0	0.0	0.0	0.90973871734	0.0	0.0	0.0	0.916270783848
0.422859966755	0.0	0.0	0.0	0.90973871734	0.0	0.0	0.0	0.916270783848
0.58047491312	0.0	0.0	0.0	0.90973871734	0.0	0.0	0.0	0.916270783848
0.488333582878	0.0	0.0	0.0	0.90973871734	0.0	0.0	0.0	0.916270783848
0.463480591774	0.0	0.0	0.0	0.90973871734	0.0	0.0	0.0	0.916270783848
0.412296712399	0.0	0.0	0.0	0.90973871734	0.0	0.0	0.0	0.916270783848
