cnn_hidden_size	(40, 20)
loss_weights	[0.2250000000000001, 0.7749999999999999]
lr	0.000144134693711
0.647641539574	0.111107057757	0.128571410204	0.0769230571992	0.885985748219	0.0857098333369	0.128571410204	0.0642857096939	0.885985748219
0.68076133728	0.0	0.0	0.0	0.907363420428	0.0	0.0	0.0	0.916270783848
0.525571703911	0.0	0.0	0.0	0.907363420428	0.0	0.0	0.0	0.916864608076
0.48999992013	0.0	0.0	0.0	0.907363420428	0.0	0.0	0.0	0.916864608076
0.542290747166	0.0	0.0	0.0	0.907363420428	0.0	0.0	0.0	0.916864608076
0.575084090233	0.0	0.0	0.0	0.907363420428	0.0	0.0	0.0	0.916864608076
0.674433767796	0.0	0.0	0.0	0.907363420428	0.0	0.0	0.0	0.916864608076
0.427961349487	0.0	0.0	0.0	0.907363420428	0.0	0.0	0.0	0.916864608076
0.529594242573	0.0	0.0	0.0	0.907363420428	0.0	0.0	0.0	0.916864608076
0.323836028576	0.0465099189332	0.499999166668	0.0256410190664	0.902612826603	0.041095096655	0.499999166668	0.021428569898	0.916864608076
0.215714141726	0.0	0.0	0.0	0.907363420428	0.0	0.0	0.0	0.916864608076
0.578626692295	0.0	0.499997500012	0.0	0.907363420428	0.01408422734	0.499997500012	0.00714285663265	0.916864608076
0.658470928669	0.0851035220476	0.357142602041	0.0512820381328	0.897862232779	0.0649334036506	0.357142602041	0.0357142831633	0.914489311164
0.620320856571	0.0	0.9999900001	0.0	0.907363420428	0.0141842543132	0.9999900001	0.00714285663265	0.917458432304
0.442973852158	0.0454525104171	0.545454049587	0.0256410190664	0.900237529691	0.0794688373537	0.545454049587	0.0428571397959	0.917458432304
0.457578450441	0.0	0.999995000025	0.0	0.907363420428	0.0281687323958	0.999995000025	0.0142857132653	0.918052256532
0.471038132906	0.0454525104171	0.545454049587	0.0256410190664	0.900237529691	0.0794688373537	0.545454049587	0.0428571397959	0.917458432304
0.517604410648	0.0454525104171	0.599999400001	0.0256410190664	0.900237529691	0.0799987449072	0.599999400001	0.0428571397959	0.918052256532
0.488367259502	0.0454525104171	0.499999583334	0.0256410190664	0.900237529691	0.0789459037655	0.499999583334	0.0428571397959	0.916864608076
0.606587469578	0.0816293712232	0.43478241966	0.0512820381328	0.893111638955	0.122696947618	0.43478241966	0.0714285663265	0.915083135392
0.303645253181	0.0	0.499998750003	0.0	0.904988123515	0.0277772338056	0.499998750003	0.0142857132653	0.916864608076
0.407782971859	0.0434756617767	0.588234948097	0.0256410190664	0.895486935867	0.12738658772	0.588234948097	0.0714285663265	0.91864608076
0.397043287754	0.0769192975191	0.44117634083	0.0512820381328	0.885985748219	0.172410628938	0.44117634083	0.10714284949	0.914489311164
0.384341239929	0.044442113698	0.533332977778	0.0256410190664	0.897862232779	0.103224044982	0.533332977778	0.0571428530612	0.917458432304
0.508214652538	0.0754677823283	0.431372464437	0.0512820381328	0.883610451306	0.230362553724	0.431372464437	0.157142845918	0.91270783848
0.355599492788	0.079996536146	0.458333142361	0.0512820381328	0.890736342043	0.134143826637	0.458333142361	0.0785714229592	0.91567695962
0.302753120661	0.0754677823283	0.452380844671	0.0512820381328	0.883610451306	0.208787635611	0.452380844671	0.13571427602	0.914489311164
0.262237787247	0.0476176984462	0.727272066116	0.0256410190664	0.904988123515	0.105958900064	0.727272066116	0.0571428530612	0.919833729216
0.460773259401	0.0434756617767	0.631578614959	0.0256410190664	0.895486935867	0.150941272921	0.631578614959	0.0857142795918	0.919833729216
0.635424077511	0.0784277433397	0.416666579861	0.0512820381328	0.888361045131	0.212762132254	0.416666579861	0.142857132653	0.912114014252
0.552869558334	0.0434756617767	0.619047324263	0.0256410190664	0.895486935867	0.161488394769	0.619047324263	0.0928571362245	0.919833729216
0.301086932421	0.0701710929095	0.396551655767	0.0512820381328	0.874109263658	0.232319066495	0.396551655767	0.164285702551	0.90973871734
0.263898998499	0.0784277433397	0.484848337925	0.0512820381328	0.888361045131	0.184967989626	0.484848337925	0.114285706122	0.916270783848
0.351739108562	0.0784277433397	0.486486355004	0.0512820381328	0.888361045131	0.20338650074	0.486486355004	0.128571419388	0.916270783848
0.305986791849	0.0434756617767	0.649999675	0.0256410190664	0.895486935867	0.162497792216	0.649999675	0.0928571362245	0.920427553444
0.428562015295	0.0784277433397	0.545454380165	0.0512820381328	0.888361045131	0.208089374231	0.545454380165	0.128571419388	0.91864608076
0.390675485134	0.0784277433397	0.488371979448	0.0512820381328	0.888361045131	0.229504576484	0.488371979448	0.149999989286	0.916270783848
0.447971940041	0.0666620947547	0.385714230612	0.0512820381328	0.866983372922	0.257138388285	0.385714230612	0.192857129082	0.907363420428
0.482807517052	0.0754677823283	0.392857072704	0.0512820381328	0.883610451306	0.224485691453	0.392857072704	0.157142845918	0.90973871734
0.233946919441	0.0784277433397	0.437499908854	0.0512820381328	0.888361045131	0.223400428992	0.437499908854	0.149999989286	0.913301662708
