cnn_hidden_size	(20, 10)
loss_weights	[0.375, 0.625]
lr	1.16714296621e-05
0.671901583672	0.117642412715	0.0658436186896	0.162162118335	0.78622327791	0.0831122231651	0.0658436186896	0.112676048403	0.790380047506
0.620747447014	0.0392116882161	0.0540540394449	0.0270270197224	0.883610451306	0.0223430871511	0.0540540394449	0.0140845060504	0.896080760095
0.634866476059	0.040812611746	0.0	0.0270270197224	0.888361045131	0.0	0.0	0.0	0.901425178147
0.544228613377	0.0	0.0	0.0	0.902612826603	0.0	0.0	0.0	0.911520190024
0.59596568346	0.0	0.0	0.0	0.904988123515	0.0	0.0	0.0	0.913301662708
0.527362287045	0.0	0.0	0.0	0.904988123515	0.0	0.0	0.0	0.914489311164
0.565939426422	0.0	0.0	0.0	0.904988123515	0.0	0.0	0.0	0.914489311164
0.506350874901	0.0	0.0	0.0	0.904988123515	0.0	0.0	0.0	0.914489311164
0.519802987576	0.0	0.0	0.0	0.904988123515	0.0	0.0	0.0	0.914489311164
0.496188372374	0.0	0.0	0.0	0.904988123515	0.0	0.0	0.0	0.914489311164
0.530618786812	0.0	0.0	0.0	0.904988123515	0.0	0.0	0.0	0.91567695962
0.451033860445	0.0	0.0	0.0	0.912114014252	0.0	0.0	0.0	0.91567695962
0.433579832315	0.0	0.0	0.0	0.912114014252	0.0	0.0	0.0	0.91567695962
0.434749335051	0.0	0.0	0.0	0.912114014252	0.0	0.0	0.0	0.91567695962
0.310514569283	0.0	0.0	0.0	0.912114014252	0.0	0.0	0.0	0.91567695962
0.442647993565	0.0	0.0	0.0	0.912114014252	0.0	0.0	0.0	0.91567695962
0.363316655159	0.0	0.0	0.0	0.912114014252	0.0	0.0	0.0	0.91567695962
0.465910047293	0.0	0.0	0.0	0.912114014252	0.0	0.0	0.0	0.91567695962
0.461337774992	0.0	0.0	0.0	0.912114014252	0.0	0.0	0.0	0.91567695962
0.593330740929	0.0	0.0	0.0	0.912114014252	0.0	0.0	0.0	0.91567695962
0.31316113472	0.0	0.0	0.0	0.912114014252	0.0	0.0	0.0	0.91567695962
0.489950537682	0.0	0.0	0.0	0.912114014252	0.0	0.0	0.0	0.91567695962
0.327655792236	0.0	0.0	0.0	0.912114014252	0.0	0.0	0.0	0.91567695962
0.240380242467	0.0	0.0	0.0	0.912114014252	0.0	0.0	0.0	0.91567695962
0.499068409204	0.0	0.0	0.0	0.912114014252	0.0	0.0	0.0	0.91567695962
0.319321155548	0.0	0.0	0.0	0.912114014252	0.0	0.0	0.0	0.91567695962
0.49526309967	0.0	0.0	0.0	0.912114014252	0.0	0.0	0.0	0.91567695962
0.323724865913	0.0	0.0	0.0	0.912114014252	0.0	0.0	0.0	0.91567695962
0.48716032505	0.0	0.0	0.0	0.912114014252	0.0	0.0	0.0	0.91567695962
0.459513038397	0.0	0.0	0.0	0.912114014252	0.0	0.0	0.0	0.91567695962
0.459268152714	0.0	0.0	0.0	0.912114014252	0.0	0.0	0.0	0.91567695962
0.405035734177	0.0	0.0	0.0	0.912114014252	0.0	0.0	0.0	0.91567695962
0.241033941507	0.0	0.0	0.0	0.912114014252	0.0	0.0	0.0	0.91567695962
0.556865572929	0.0	0.0	0.0	0.912114014252	0.0	0.0	0.0	0.91567695962
0.552355408669	0.0	0.0	0.0	0.912114014252	0.0	0.0	0.0	0.91567695962
0.145996436477	0.0	0.0	0.0	0.912114014252	0.0	0.0	0.0	0.91567695962
0.347407579422	0.0	0.0	0.0	0.912114014252	0.0	0.0	0.0	0.91567695962
0.237100675702	0.0	0.0	0.0	0.912114014252	0.0	0.0	0.0	0.91567695962
0.440731614828	0.0	0.0	0.0	0.912114014252	0.0	0.0	0.0	0.91567695962
0.243618831038	0.0	0.0	0.0	0.912114014252	0.0	0.0	0.0	0.91567695962
