cnn_hidden_size	(60, 30)
loss_weights	[0.32500000000000007, 0.6749999999999999]
lr	5.1101206565e-05
0.762823820114	0.119296135955	0.0705064541161	0.499999852941	0.403800475059	0.123261686282	0.0705064541161	0.489655138644	0.400237529691
0.51350736618	0.0	0.0	0.0	0.919239904988	0.0	0.0	0.0	0.913895486936
0.521593928337	0.0	0.0	0.0	0.919239904988	0.0	0.0	0.0	0.913895486936
0.633137822151	0.0	0.0	0.0	0.919239904988	0.0	0.0	0.0	0.913895486936
0.33086374402	0.0	0.0	0.0	0.919239904988	0.0	0.0	0.0	0.913895486936
0.445494860411	0.0	0.0	0.0	0.919239904988	0.0	0.0	0.0	0.913895486936
0.258058309555	0.0	0.0	0.0	0.919239904988	0.0	0.0	0.0	0.913895486936
0.369820415974	0.0	0.0	0.0	0.919239904988	0.0	0.0	0.0	0.913895486936
0.43484583497	0.0	0.0	0.0	0.919239904988	0.0	0.0	0.0	0.913895486936
0.34233301878	0.0	0.0	0.0	0.919239904988	0.0	0.0	0.0	0.913895486936
0.27960434556	0.0	0.0	0.0	0.919239904988	0.0	0.0	0.0	0.913895486936
0.384713917971	0.0	0.0	0.0	0.919239904988	0.0	0.0	0.0	0.913895486936
0.504438102245	0.0	0.0	0.0	0.919239904988	0.0	0.0	0.0	0.913895486936
0.198563531041	0.0	0.0	0.0	0.919239904988	0.0	0.0	0.0	0.913895486936
0.326998919249	0.0	0.0	0.0	0.919239904988	0.0	0.0	0.0	0.913895486936
0.343348890543	0.0	0.0	0.0	0.919239904988	0.0	0.0	0.0	0.913895486936
0.524200439453	0.0	0.0	0.0	0.919239904988	0.0	0.0	0.0	0.913895486936
0.174964725971	0.0	0.0	0.0	0.919239904988	0.0	0.0	0.0	0.913895486936
0.574244976044	0.0	0.0	0.0	0.919239904988	0.0	0.0	0.0	0.913895486936
0.316076487303	0.0	0.0	0.0	0.919239904988	0.0	0.0	0.0	0.913895486936
0.342158019543	0.0	0.0	0.0	0.919239904988	0.0	0.0	0.0	0.913895486936
0.315804570913	0.0	0.9999900001	0.0	0.919239904988	0.0136984922124	0.9999900001	0.00689655124851	0.914489311164
0.439721107483	0.0	0.9999900001	0.0	0.919239904988	0.0136984922124	0.9999900001	0.00689655124851	0.914489311164
0.270016878843	0.0	0.0	0.0	0.919239904988	0.0	0.0	0.0	0.913895486936
0.399224758148	0.0	0.9999900001	0.0	0.919239904988	0.0136984922124	0.9999900001	0.00689655124851	0.914489311164
0.435106188059	0.0	0.9999900001	0.0	0.919239904988	0.0136984922124	0.9999900001	0.00689655124851	0.914489311164
0.455778300762	0.0	0.9999900001	0.0	0.919239904988	0.0136984922124	0.9999900001	0.00689655124851	0.914489311164
0.438033252954	0.0	0.9999900001	0.0	0.919239904988	0.0136984922124	0.9999900001	0.00689655124851	0.914489311164
0.405954807997	0.0	0.9999900001	0.0	0.919239904988	0.0136984922124	0.9999900001	0.00689655124851	0.914489311164
0.433828949928	0.0	0.9999900001	0.0	0.919239904988	0.0136984922124	0.9999900001	0.00689655124851	0.914489311164
0.330750763416	0.0	0.9999900001	0.0	0.919239904988	0.0136984922124	0.9999900001	0.00689655124851	0.914489311164
0.260260552168	0.0	0.9999900001	0.0	0.919239904988	0.0136984922124	0.9999900001	0.00689655124851	0.914489311164
0.481714189053	0.0	0.9999900001	0.0	0.919239904988	0.0136984922124	0.9999900001	0.00689655124851	0.914489311164
0.391644924879	0.0	0.9999900001	0.0	0.919239904988	0.0136984922124	0.9999900001	0.00689655124851	0.914489311164
0.460449546576	0.0	0.9999900001	0.0	0.919239904988	0.0136984922124	0.9999900001	0.00689655124851	0.914489311164
0.409014195204	0.0	0.9999900001	0.0	0.919239904988	0.0136984922124	0.9999900001	0.00689655124851	0.914489311164
0.567689597607	0.0	0.9999900001	0.0	0.919239904988	0.0136984922124	0.9999900001	0.00689655124851	0.914489311164
0.632497131824	0.0	0.9999900001	0.0	0.919239904988	0.0136984922124	0.9999900001	0.00689655124851	0.914489311164
0.383848518133	0.0	0.9999900001	0.0	0.919239904988	0.0136984922124	0.9999900001	0.00689655124851	0.914489311164
0.526647806168	0.0	0.9999900001	0.0	0.919239904988	0.0136984922124	0.9999900001	0.00689655124851	0.914489311164
