cnn_hidden_size	(60, 30)
loss_weights	[0.4, 0.6]
lr	3.01035576867e-05
0.684356629848	0.112817121468	0.0847457612755	0.261904699547	0.589073634204	0.137548519449	0.0847457612755	0.36496347701	0.627672209026
0.53104943037	0.0	0.0	0.0	0.900237529691	0.0	0.0	0.0	0.91864608076
0.556614220142	0.0	0.0	0.0	0.900237529691	0.0	0.0	0.0	0.91864608076
0.402481615543	0.0	0.0	0.0	0.900237529691	0.0	0.0	0.0	0.91864608076
0.27788990736	0.0	0.0	0.0	0.900237529691	0.0	0.0	0.0	0.91864608076
0.372571587563	0.0	0.0	0.0	0.900237529691	0.0	0.0	0.0	0.91864608076
0.236718505621	0.0	0.0	0.0	0.900237529691	0.0	0.0	0.0	0.91864608076
0.373068988323	0.0	0.0	0.0	0.900237529691	0.0	0.0	0.0	0.91864608076
0.30527818203	0.0	0.0	0.0	0.900237529691	0.0	0.0	0.0	0.91864608076
0.461801916361	0.0	0.0	0.0	0.900237529691	0.0	0.0	0.0	0.91864608076
0.287123471498	0.0	0.0	0.0	0.900237529691	0.0	0.0	0.0	0.91864608076
0.203904986382	0.0	0.0	0.0	0.900237529691	0.0	0.0	0.0	0.91864608076
0.321169286966	0.0	0.0	0.0	0.900237529691	0.0	0.0	0.0	0.91864608076
0.23373606801	0.0	0.0	0.0	0.900237529691	0.0	0.0	0.0	0.91864608076
0.527316808701	0.0	0.0	0.0	0.900237529691	0.0	0.0	0.0	0.91864608076
0.309372365475	0.0	0.0	0.0	0.900237529691	0.0	0.0	0.0	0.91864608076
0.441688269377	0.0	0.0	0.0	0.900237529691	0.0	0.0	0.0	0.91864608076
0.56304705143	0.0	0.0	0.0	0.900237529691	0.0	0.0	0.0	0.91864608076
0.330807060003	0.0	0.0	0.0	0.900237529691	0.0	0.0	0.0	0.91864608076
0.43659555912	0.0	0.0	0.0	0.900237529691	0.0	0.0	0.0	0.91864608076
0.117785863578	0.0	0.0	0.0	0.900237529691	0.0	0.0	0.0	0.91864608076
0.199587732553	0.0	0.0	0.0	0.900237529691	0.0	0.0	0.0	0.91864608076
0.431156337261	0.0	0.0	0.0	0.900237529691	0.0	0.0	0.0	0.91864608076
0.331202507019	0.0	0.0	0.0	0.900237529691	0.0	0.0	0.0	0.91864608076
0.345818728209	0.0	0.0	0.0	0.900237529691	0.0	0.0	0.0	0.91864608076
0.196307182312	0.0	0.0	0.0	0.900237529691	0.0	0.0	0.0	0.91864608076
0.228459611535	0.0	0.0	0.0	0.900237529691	0.0	0.0	0.0	0.91864608076
0.292056709528	0.0	0.0	0.0	0.900237529691	0.0	0.0	0.0	0.91864608076
0.227999269962	0.0	0.0	0.0	0.900237529691	0.0	0.0	0.0	0.91864608076
0.574403107166	0.0	0.0	0.0	0.900237529691	0.0	0.0	0.0	0.91864608076
0.180430680513	0.0	0.0	0.0	0.900237529691	0.0	0.0	0.0	0.91864608076
0.585828781128	0.0	0.0	0.0	0.900237529691	0.0	0.0	0.0	0.91864608076
0.209455370903	0.0	0.0	0.0	0.900237529691	0.0	0.0	0.0	0.91864608076
0.290932029486	0.0	0.0	0.0	0.900237529691	0.0	0.0	0.0	0.91864608076
0.452223986387	0.0	0.0	0.0	0.900237529691	0.0	0.0	0.0	0.91864608076
0.120810501277	0.0	0.0	0.0	0.900237529691	0.0	0.0	0.0	0.91864608076
0.285529732704	0.0	0.0	0.0	0.900237529691	0.0	0.0	0.0	0.91864608076
0.340910285711	0.0	0.0	0.0	0.900237529691	0.0	0.0	0.0	0.91864608076
0.590136051178	0.0	0.0	0.0	0.900237529691	0.0	0.0	0.0	0.91864608076
0.101397752762	0.0	0.0	0.0	0.900237529691	0.0	0.0	0.0	0.91864608076
