cnn_hidden_size	(80, 40)
loss_weights	[0.32500000000000007, 0.6749999999999999]
lr	0.000380794933677
0.657383799553	0.0	0.0	0.0	0.914489311164	0.0	0.0	0.0	0.913301662708
0.308404117823	0.0	0.0	0.0	0.914489311164	0.0	0.0	0.0	0.915083135392
0.652184009552	0.0	0.0	0.0	0.914489311164	0.0	0.0	0.0	0.915083135392
0.416937738657	0.0	0.0	0.0	0.914489311164	0.0	0.0	0.0	0.915083135392
0.393656402826	0.0	0.0	0.0	0.914489311164	0.0	0.0	0.0	0.915083135392
0.552362263203	0.0	0.3999996	0.0	0.907363420428	0.0522863531396	0.3999996	0.0279720260159	0.913895486936
0.346878856421	0.0	0.0	0.0	0.914489311164	0.0	0.0	0.0	0.915083135392
0.512525677681	0.0	0.333332777779	0.0	0.912114014252	0.0268448610634	0.333332777779	0.013986013008	0.913895486936
0.367024034262	0.0	0.9999900001	0.0	0.914489311164	0.0138887490355	0.9999900001	0.00699300650399	0.91567695962
0.579072892666	0.0	0.599998800002	0.0	0.90973871734	0.0405398822226	0.599998800002	0.020979019512	0.91567695962
0.304614633322	0.0	0.692307159764	0.0	0.90973871734	0.115383072833	0.692307159764	0.0629370585359	0.918052256532
0.399268507957	0.041662899642	0.485714146939	0.0277777700617	0.890736342043	0.191008055222	0.485714146939	0.118881110568	0.914489311164
0.211132824421	0.0	0.9999900001	0.0	0.914489311164	0.0138887490355	0.9999900001	0.00699300650399	0.91567695962
0.448663204908	0.0	0.57142829932	0.0	0.904988123515	0.146339212556	0.57142829932	0.0839160780478	0.916864608076
0.542859256268	0.0	0.999995000025	0.0	0.914489311164	0.0275859310359	0.999995000025	0.013986013008	0.916270783848
0.177755266428	0.0	0.639999744	0.0	0.895486935867	0.190473634529	0.639999744	0.111888104064	0.919239904988
0.0986303091049	0.0	0.857141632655	0.0	0.914489311164	0.0799990995644	0.857141632655	0.0419580390239	0.918052256532
0.414752662182	0.0399959524056	0.544117567042	0.0277777700617	0.885985748219	0.35070649901	0.544117567042	0.258741240647	0.91864608076
0.320470184088	0.0	0.749999625	0.0	0.904988123515	0.184046904311	0.749999625	0.10489509756	0.921021377672
0.208963409066	0.0425495883498	0.62499984375	0.0277777700617	0.893111638955	0.273220597851	0.62499984375	0.1748251626	0.921021377672
0.181744858623	0.0	0.612244773011	0.0	0.888361045131	0.312496165953	0.612244773011	0.20979019512	0.9216152019
0.350126802921	0.0	0.772726921488	0.0	0.900237529691	0.206058269998	0.772726921488	0.118881110568	0.922209026128
0.201887607574	0.074069602461	0.494949444955	0.0555555401235	0.881235154394	0.404953809565	0.494949444955	0.342657318695	0.914489311164
0.30024677515	0.0392115190856	0.557376957807	0.0277777700617	0.883610451306	0.333329108569	0.557376957807	0.237762221136	0.919239904988
0.43843460083	0.0	0.807691997042	0.0	0.897862232779	0.248518077125	0.807691997042	0.146853136584	0.92458432304
0.305603563786	0.0	0.613636224174	0.0	0.885985748219	0.28876642402	0.613636224174	0.188811175608	0.921021377672
0.317159920931	0.0392115190856	0.561643758679	0.0277777700617	0.883610451306	0.379625119651	0.561643758679	0.286713266663	0.920427553444
0.34063115716	0.0	0.714285510204	0.0	0.897862232779	0.280895685555	0.714285510204	0.1748251626	0.923990498812
0.308248847723	0.105258467426	0.49999995098	0.0833333101852	0.878859857482	0.416321636708	0.49999995098	0.356643331703	0.915083135392
0.329850137234	0.0377314778967	0.617646967993	0.0277777700617	0.878859857482	0.39809985944	0.617646967993	0.293706273167	0.92458432304
0.330145865679	0.0425495883498	0.791666501736	0.0277777700617	0.893111638955	0.397901954477	0.791666501736	0.265734247151	0.931710213777
0.319049209356	0.0	0.837209107626	0.0	0.890736342043	0.387093177856	0.837209107626	0.251748234143	0.932304038005
0.110410965979	0.0	0.705882214533	0.0	0.888361045131	0.371130106853	0.705882214533	0.251748234143	0.927553444181
0.340502202511	0.103443531724	0.557894678116	0.0833333101852	0.87648456057	0.445373317261	0.557894678116	0.370629344711	0.9216152019
0.237369850278	0.12244503136	0.696969591368	0.0833333101852	0.897862232779	0.440187024149	0.696969591368	0.321678299183	0.930522565321
0.312782377005	0.0434748395844	0.7499998125	0.0277777700617	0.895486935867	0.327865400615	0.7499998125	0.20979019512	0.926959619952
0.337524116039	0.105258467426	0.627450918877	0.0833333101852	0.878859857482	0.522444077013	0.627450918877	0.447552416255	0.930522565321
0.364936053753	0.126979188901	0.615384562788	0.111111080247	0.869358669834	0.553841161287	0.615384562788	0.503496468287	0.931116389549
0.267631500959	0.0754673124618	0.63291131229	0.0555555401235	0.883610451306	0.450445825467	0.63291131229	0.349650325199	0.927553444181
0.452460438013	0.0784271897616	0.714285612245	0.0555555401235	0.888361045131	0.469479111329	0.714285612245	0.349650325199	0.932897862233
