cnn_hidden_size	(60, 30)
loss_weights	[0.125, 0.875]
lr	2.77691945562e-06
0.692729890347	0.124997804314	0.0793201125654	0.499999868421	0.368171021378	0.139997923822	0.0793201125654	0.5957446386	0.387173396675
0.694087803364	0.119519333399	0.0862275438775	0.394736738227	0.475059382423	0.147538508696	0.0862275438775	0.510638261657	0.50593824228
0.690235614777	0.116179906742	0.0846153835306	0.368420955679	0.49406175772	0.143319879374	0.0846153835306	0.468085073185	0.531472684086
0.716521799564	0.119561927074	0.0856643341667	0.289473608033	0.615201900238	0.137444228576	0.0856643341667	0.34751770585	0.634798099762
0.68612241745	0.0958048565236	0.0867052006415	0.210526260388	0.641330166271	0.136360272397	0.0867052006415	0.319148913536	0.661520190024
0.650084137917	0.0909049772278	0.105121290967	0.157894695291	0.714964370546	0.152339753141	0.105121290967	0.276595725064	0.742280285036
0.67744165659	0.0672225325879	0.104477608822	0.105263130194	0.736342042755	0.147054648007	0.104477608822	0.24822693275	0.75890736342
0.658532261848	0.0459720813825	0.0982142813297	0.052631565097	0.802850356295	0.120543197334	0.0982142813297	0.156028357728	0.809382422803
0.658314406872	0.0481877955469	0.0994764345824	0.052631565097	0.812351543943	0.114452938044	0.0994764345824	0.134751763493	0.82541567696
0.644703388214	0.0571378779821	0.0877192905509	0.052631565097	0.8432304038	0.0784264227645	0.0877192905509	0.0709219807857	0.860451306413
0.678880095482	0.0596965653402	0.0860214961267	0.052631565097	0.850356294537	0.0683712732553	0.0860214961267	0.0567375846285	0.87054631829
0.763938426971	0.0666620003233	0.0793650667674	0.052631565097	0.866983372922	0.0490153343778	0.0793650667674	0.0354609903928	0.884798099762
0.62030339241	0.0689609753254	0.070175426285	0.052631565097	0.871733966746	0.0403999366468	0.070175426285	0.0283687923143	0.887173396675
0.679030954838	0.0384575891591	0.0810810591673	0.0263157825485	0.881235154394	0.0337045685576	0.0810810591673	0.0212765942357	0.897862232779
0.620686650276	0.0399963363316	0.0571428408163	0.0263157825485	0.885985748219	0.0227240842531	0.0571428408163	0.0141843961571	0.897862232779
0.651356339455	0.0434753688081	0.0384615236686	0.0263157825485	0.895486935867	0.0119734180528	0.0384615236686	0.00709219807857	0.902019002375
0.706071019173	0.0	0.0416666493056	0.0	0.897862232779	0.0121187252107	0.0416666493056	0.00709219807857	0.903206650831
0.718311369419	0.0	0.0	0.0	0.897862232779	0.0	0.0	0.0	0.906175771971
0.659204542637	0.0	0.0	0.0	0.900237529691	0.0	0.0	0.0	0.907957244656
0.720538496971	0.0	0.0	0.0	0.902612826603	0.0	0.0	0.0	0.912114014252
0.597306728363	0.0	0.0	0.0	0.902612826603	0.0	0.0	0.0	0.912114014252
0.659588336945	0.0	0.0	0.0	0.907363420428	0.0	0.0	0.0	0.914489311164
0.661391973495	0.0	0.0	0.0	0.907363420428	0.0	0.0	0.0	0.914489311164
0.510144948959	0.0	0.0	0.0	0.90973871734	0.0	0.0	0.0	0.914489311164
0.665267050266	0.0	0.0	0.0	0.90973871734	0.0	0.0	0.0	0.915083135392
0.6788662076	0.0	0.0	0.0	0.90973871734	0.0	0.0	0.0	0.915083135392
0.545031070709	0.0	0.0	0.0	0.90973871734	0.0	0.0	0.0	0.915083135392
0.567128241062	0.0	0.0	0.0	0.90973871734	0.0	0.0	0.0	0.91567695962
0.457856535912	0.0	0.0	0.0	0.90973871734	0.0	0.0	0.0	0.91567695962
0.621154129505	0.0	0.0	0.0	0.90973871734	0.0	0.0	0.0	0.91567695962
0.698026299477	0.0	0.0	0.0	0.90973871734	0.0	0.0	0.0	0.91567695962
0.620283305645	0.0	0.0	0.0	0.90973871734	0.0	0.0	0.0	0.91567695962
0.517982125282	0.0	0.0	0.0	0.90973871734	0.0	0.0	0.0	0.91567695962
0.619614779949	0.0	0.0	0.0	0.90973871734	0.0	0.0	0.0	0.91567695962
0.73452347517	0.0	0.0	0.0	0.90973871734	0.0	0.0	0.0	0.91567695962
0.555063188076	0.0	0.0	0.0	0.90973871734	0.0	0.0	0.0	0.91567695962
0.5950268507	0.0	0.0	0.0	0.90973871734	0.0	0.0	0.0	0.91567695962
0.518390595913	0.0	0.0	0.0	0.90973871734	0.0	0.0	0.0	0.91567695962
0.789597988129	0.0	0.0	0.0	0.90973871734	0.0	0.0	0.0	0.91567695962
0.650576412678	0.0	0.0	0.0	0.90973871734	0.0	0.0	0.0	0.91567695962
