cnn_hidden_size	(20, 10)
loss_weights	[0.32500000000000007, 0.6749999999999999]
lr	1.80893900928e-05
0.732617795467	0.123247753395	0.0807692301479	0.733333088889	0.256532066508	0.144925689142	0.0807692301479	0.704697939282	0.264251781473
0.669842422009	0.101849450502	0.0877437313685	0.366666544444	0.53919239905	0.145325869983	0.0877437313685	0.422818763569	0.559976247031
0.670475184917	0.0727242888265	0.087548636429	0.199999933333	0.636579572447	0.135743117734	0.087548636429	0.302013402549	0.65973871734
0.64089423418	0.0363586651389	0.105263144044	0.0333333222222	0.874109263658	0.0711066313924	0.105263144044	0.0536912715643	0.875890736342
0.670871913433	0.0	0.105263130194	0.0	0.900237529691	0.0427775060356	0.105263130194	0.0268456357822	0.893705463183
0.57165658474	0.0	0.0	0.0	0.926365795724	0.0	0.0	0.0	0.908551068884
0.581936061382	0.0	0.0	0.0	0.928741092637	0.0	0.0	0.0	0.90973871734
0.517793178558	0.0	0.0	0.0	0.928741092637	0.0	0.0	0.0	0.910926365796
0.554464638233	0.0	0.0	0.0	0.928741092637	0.0	0.0	0.0	0.910926365796
0.408501088619	0.0	0.0	0.0	0.928741092637	0.0	0.0	0.0	0.911520190024
0.483119368553	0.0	0.0	0.0	0.928741092637	0.0	0.0	0.0	0.911520190024
0.492611765862	0.0	0.0	0.0	0.928741092637	0.0	0.0	0.0	0.911520190024
0.526077449322	0.0	0.0	0.0	0.928741092637	0.0	0.0	0.0	0.911520190024
0.486195087433	0.0	0.0	0.0	0.928741092637	0.0	0.0	0.0	0.911520190024
0.230185523629	0.0	0.0	0.0	0.928741092637	0.0	0.0	0.0	0.911520190024
0.443697810173	0.0	0.0	0.0	0.928741092637	0.0	0.0	0.0	0.911520190024
0.192620888352	0.0	0.0	0.0	0.928741092637	0.0	0.0	0.0	0.911520190024
0.527834773064	0.0	0.0	0.0	0.928741092637	0.0	0.0	0.0	0.911520190024
0.202795222402	0.0	0.0	0.0	0.928741092637	0.0	0.0	0.0	0.911520190024
0.182538062334	0.0	0.0	0.0	0.928741092637	0.0	0.0	0.0	0.911520190024
0.469025194645	0.0	0.0	0.0	0.928741092637	0.0	0.0	0.0	0.911520190024
0.202414661646	0.0	0.0	0.0	0.928741092637	0.0	0.0	0.0	0.911520190024
0.497020900249	0.0	0.0	0.0	0.928741092637	0.0	0.0	0.0	0.911520190024
0.358366221189	0.0	0.0	0.0	0.928741092637	0.0	0.0	0.0	0.911520190024
0.286763221025	0.0	0.0	0.0	0.928741092637	0.0	0.0	0.0	0.911520190024
0.353788763285	0.0	0.0	0.0	0.928741092637	0.0	0.0	0.0	0.911520190024
0.46265232563	0.0	0.0	0.0	0.928741092637	0.0	0.0	0.0	0.911520190024
0.583822667599	0.0	0.0	0.0	0.928741092637	0.0	0.0	0.0	0.911520190024
0.43692189455	0.0	0.0	0.0	0.928741092637	0.0	0.0	0.0	0.911520190024
0.295736789703	0.0	0.0	0.0	0.928741092637	0.0	0.0	0.0	0.911520190024
0.650765776634	0.0	0.0	0.0	0.928741092637	0.0	0.0	0.0	0.911520190024
0.638703882694	0.0	0.0	0.0	0.928741092637	0.0	0.0	0.0	0.911520190024
0.172721251845	0.0	0.0	0.0	0.928741092637	0.0	0.0	0.0	0.911520190024
0.394215017557	0.0	0.0	0.0	0.928741092637	0.0	0.0	0.0	0.911520190024
0.270529478788	0.0	0.0	0.0	0.928741092637	0.0	0.0	0.0	0.911520190024
0.444116055965	0.0	0.0	0.0	0.928741092637	0.0	0.0	0.0	0.911520190024
0.355501502752	0.0	0.0	0.0	0.928741092637	0.0	0.0	0.0	0.911520190024
0.289732336998	0.0	0.0	0.0	0.928741092637	0.0	0.0	0.0	0.911520190024
0.37463119626	0.0	0.0	0.0	0.928741092637	0.0	0.0	0.0	0.911520190024
0.760403454304	0.0	0.0	0.0	0.928741092637	0.0	0.0	0.0	0.911520190024
