cnn_hidden_size	(40, 20)
loss_weights	[0.050000000000000044, 0.95]
lr	2.24109716191e-05
0.652402102947	0.087587976038	0.098522165061	0.214285637755	0.703087885986	0.143622613816	0.098522165061	0.264900644709	0.71674584323
0.671989738941	0.0996149352252	0.0979978914858	0.464285548469	0.441805225653	0.169088537471	0.0979978914858	0.615893998947	0.457244655582
0.684292078018	0.102562462222	0.0920138880902	0.571428367347	0.334916864608	0.162699406567	0.0920138880902	0.701986708478	0.352137767221
0.68797570467	0.120417483362	0.0898570449976	0.821428278061	0.20190023753	0.162961270533	0.0898570449976	0.874172127538	0.194774346793
0.716948926449	0.118250585988	0.0933774828253	0.821428278061	0.185273159145	0.169775587704	0.0933774828253	0.933774772598	0.181116389549
0.677657365799	0.116454373096	0.0935064928993	0.821428278061	0.171021377672	0.170311795562	0.0935064928993	0.953642320951	0.166864608076
0.706721007824	0.117934830891	0.0933926296481	0.857142551021	0.147268408551	0.170433183175	0.0933926296481	0.973509869304	0.150237529691
0.641546845436	0.117358132019	0.0926984121099	0.857142551021	0.142517814727	0.169175689947	0.0926984121099	0.966887353186	0.148456057007
0.675423979759	0.116787045792	0.0929064652046	0.857142551021	0.137767220903	0.16972318699	0.0929064652046	0.980132385422	0.140142517815
0.714120030403	0.119330489358	0.0916408663056	0.89285682398	0.12351543943	0.167608853282	0.0916408663056	0.980132385422	0.127078384798
0.64820098877	0.115661386688	0.092269326108	0.857142551021	0.128266033254	0.168659394013	0.092269326108	0.980132385422	0.133610451306
0.697609782219	0.117071892458	0.0928616544987	0.857142551021	0.140142517815	0.169548581097	0.0928616544987	0.973509869304	0.144893111639
0.812729358673	0.116503581878	0.0931989918564	0.857142551021	0.13539192399	0.170211178179	0.0931989918564	0.980132385422	0.143111638955
0.860697925091	0.119998692014	0.0956408581936	0.857142551021	0.163895486936	0.17416898501	0.0956408581936	0.973509869304	0.172209026128
0.740201056004	0.126314417743	0.0995228350407	0.857142551021	0.211401425178	0.180468021173	0.0995228350407	0.966887353186	0.212589073634
0.624694049358	0.122136074964	0.0963302745981	0.857142551021	0.180522565321	0.175311418274	0.0963302745981	0.973509869304	0.178741092637
0.569999754429	0.118517225558	0.0944730071049	0.857142551021	0.152019002375	0.172230371253	0.0944730071049	0.973509869304	0.160926365796
0.615885734558	0.120905483838	0.0967105256795	0.857142551021	0.171021377672	0.175940903297	0.0967105256795	0.973509869304	0.182304038005
0.694395899773	0.121210800953	0.0967741929113	0.857142551021	0.173396674584	0.176046257228	0.0967741929113	0.973509869304	0.182897862233
0.63361620903	0.117934830891	0.0953608241278	0.857142551021	0.147268408551	0.173809303772	0.0953608241278	0.980132385422	0.164489311164
0.671148061752	0.117645774716	0.0949326485251	0.857142551021	0.144893111639	0.173097803065	0.0949326485251	0.980132385422	0.160332541568
0.643104493618	0.118225310989	0.0952380946252	0.857142551021	0.149643705463	0.173605421709	0.0952380946252	0.980132385422	0.163301662708
0.633336365223	0.118225310989	0.0953608241278	0.857142551021	0.149643705463	0.173809303772	0.0953608241278	0.980132385422	0.164489311164
0.708657979965	0.117645774716	0.0963391130614	0.857142551021	0.144893111639	0.175642414229	0.0963391130614	0.993377417657	0.163895486936
0.572352647781	0.120601700981	0.0977542926172	0.857142551021	0.16864608076	0.17777612634	0.0977542926172	0.980132385422	0.187054631829
0.745839357376	0.119699443176	0.0976253291713	0.857142551021	0.161520190024	0.177562837451	0.0976253291713	0.980132385422	0.185866983373
0.659328281879	0.118555355791	0.0991957097909	0.821428278061	0.187648456057	0.180156575761	0.0991957097909	0.980132385422	0.200118764846
0.580376446247	0.124292321508	0.104091887264	0.785714005102	0.263657957245	0.187822067111	0.104091887264	0.960264837069	0.255344418052
0.59468626976	0.123594049379	0.103276352541	0.785714005102	0.25890736342	0.186493420936	0.103276352541	0.960264837069	0.248812351544
0.603325068951	0.120546522065	0.102653630568	0.785714005102	0.237529691211	0.185721582049	0.102653630568	0.973509869304	0.234560570071
0.58577388525	0.117316987315	0.105300858845	0.749999732143	0.249406175772	0.19004348481	0.105300858845	0.973509869304	0.25593824228
0.606362164021	0.1249984648	0.10916030451	0.749999732143	0.301662707838	0.195754475181	0.10916030451	0.947019804833	0.302256532067
0.626104652882	0.122091520772	0.108068096905	0.749999732143	0.282660332542	0.194405645636	0.108068096905	0.966887353186	0.281472684086
0.601431012154	0.117976072167	0.105907780217	0.749999732143	0.254156769596	0.191031366156	0.105907780217	0.973509869304	0.260688836105
0.61468565464	0.122903579181	0.104925052784	0.785714005102	0.254156769596	0.189431230711	0.104925052784	0.973509869304	0.25296912114
0.589880466461	0.122447473095	0.107726596525	0.749999732143	0.285035629454	0.193718958433	0.107726596525	0.960264837069	0.28325415677
0.670149803162	0.119316710697	0.106521738359	0.749999732143	0.263657957245	0.192029571549	0.106521738359	0.973509869304	0.265439429929
0.59874099493	0.124644424737	0.106521738359	0.785714005102	0.266033254157	0.192029571549	0.106521738359	0.973509869304	0.265439429929
0.712273418903	0.123594049379	0.106428570668	0.785714005102	0.25890736342	0.192132347001	0.106428570668	0.986754901539	0.25593824228
0.560013353825	0.121035973408	0.107327904461	0.749999732143	0.275534441805	0.193074087731	0.107327904461	0.960264837069	0.280285035629
