cnn_hidden_size	(40, 20)
loss_weights	[0.35, 0.65]
lr	0.000111782092007
0.716368317604	0.136361335162	0.0930888562329	0.517241200951	0.548693586698	0.153664168612	0.0930888562329	0.439999970667	0.568289786223
0.311431527138	0.0	0.0	0.0	0.931116389549	0.0	0.0	0.0	0.910926365796
0.359229028225	0.0	0.0	0.0	0.931116389549	0.0	0.0	0.0	0.910926365796
0.443675577641	0.0	0.0	0.0	0.931116389549	0.0	0.0	0.0	0.910926365796
0.422637701035	0.0	0.0	0.0	0.931116389549	0.0	0.0	0.0	0.910926365796
0.65336728096	0.0	0.0	0.0	0.931116389549	0.0	0.0	0.0	0.910926365796
0.437705218792	0.0	0.0	0.0	0.931116389549	0.0	0.0	0.0	0.910926365796
0.31981626153	0.0	0.0	0.0	0.931116389549	0.0	0.0	0.0	0.910926365796
0.472033381462	0.0	0.0	0.0	0.931116389549	0.0	0.0	0.0	0.910926365796
0.431711047888	0.0	0.0	0.0	0.931116389549	0.0	0.0	0.0	0.910926365796
0.413549214602	0.0	0.0	0.0	0.931116389549	0.0	0.0	0.0	0.910926365796
0.392945080996	0.0	0.0	0.0	0.931116389549	0.0	0.0	0.0	0.910926365796
0.388669759035	0.0	0.0	0.0	0.931116389549	0.0	0.0	0.0	0.910926365796
0.348442286253	0.0	0.0	0.0	0.931116389549	0.0	0.0	0.0	0.910926365796
0.241342842579	0.0	0.0	0.0	0.931116389549	0.0	0.0	0.0	0.910926365796
0.75425362587	0.0	0.0	0.0	0.931116389549	0.0	0.0	0.0	0.910926365796
0.165195509791	0.0	0.0	0.0	0.931116389549	0.0	0.0	0.0	0.910926365796
0.44833239913	0.0	0.0	0.0	0.931116389549	0.0	0.0	0.0	0.910926365796
0.406461447477	0.0	0.0	0.0	0.931116389549	0.0	0.0	0.0	0.910926365796
0.260691732168	0.0	0.0	0.0	0.931116389549	0.0	0.0	0.0	0.910926365796
0.505996465683	0.0	0.0	0.0	0.931116389549	0.0	0.0	0.0	0.910926365796
0.319497287273	0.0	0.0	0.0	0.931116389549	0.0	0.0	0.0	0.910926365796
0.276588231325	0.0	0.0	0.0	0.931116389549	0.0	0.0	0.0	0.910926365796
0.585522472858	0.0	0.0	0.0	0.931116389549	0.0	0.0	0.0	0.910926365796
0.580376982689	0.0	0.0	0.0	0.931116389549	0.0	0.0	0.0	0.910926365796
0.22113673389	0.0	0.0	0.0	0.931116389549	0.0	0.0	0.0	0.910926365796
0.511246025562	0.0	0.0	0.0	0.931116389549	0.0	0.0	0.0	0.910926365796
0.538954854012	0.0	0.9999900001	0.0	0.931116389549	0.0132448997851	0.9999900001	0.00666666622222	0.911520190024
0.209324702621	0.0	0.999995000025	0.0	0.931116389549	0.0263155263171	0.999995000025	0.0133333324444	0.912114014252
0.635831713676	0.0	0.799998400003	0.0	0.931116389549	0.0516122722229	0.799998400003	0.0266666648889	0.91270783848
0.314221292734	0.0	0.999995000025	0.0	0.931116389549	0.0263155263171	0.999995000025	0.0133333324444	0.912114014252
0.412213951349	0.0	0.999996666678	0.0	0.931116389549	0.0392152966833	0.999996666678	0.0199999986667	0.91270783848
0.159446924925	0.0	0.9999900001	0.0	0.931116389549	0.0132448997851	0.9999900001	0.00666666622222	0.911520190024
0.341831058264	0.0	0.999997500006	0.0	0.931116389549	0.0519475392178	0.999997500006	0.0266666648889	0.913301662708
0.165111124516	0.0	0.9999900001	0.0	0.931116389549	0.0132448997851	0.9999900001	0.00666666622222	0.911520190024
0.280745595694	0.0526279365349	0.529411608997	0.0344827467301	0.914489311164	0.195649139933	0.529411608997	0.119999992	0.912114014252
0.383783429861	0.0	0.999997500006	0.0	0.931116389549	0.0519475392178	0.999997500006	0.0266666648889	0.913301662708
0.255915641785	0.0	0.999997500006	0.0	0.931116389549	0.0519475392178	0.999997500006	0.0266666648889	0.913301662708
0.277021557093	0.0	0.777777345679	0.0	0.923990498812	0.166664733581	0.777777345679	0.0933333271111	0.916864608076
0.403875827789	0.0	0.857141632655	0.0	0.931116389549	0.0764322593293	0.857141632655	0.0399999973333	0.913895486936
