cnn_hidden_size	(60, 30)
loss_weights	[0.17500000000000004, 0.825]
lr	8.20729581949e-06
0.689090013504	0.134712458369	0.112040131906	0.448275707491	0.603325415677	0.179141173883	0.112040131906	0.446666636889	0.63539192399
0.605970740318	0.0307642800835	0.118055547357	0.0344827467301	0.850356294537	0.115641252935	0.118055547357	0.113333325778	0.845605700713
0.677873790264	0.0416618668683	0.080645148283	0.0344827467301	0.890736342043	0.0471656687502	0.080645148283	0.0333333311111	0.880047505938
0.65128993988	0.0	0.0	0.0	0.931116389549	0.0	0.0	0.0	0.906175771971
0.651667296886	0.0	0.0	0.0	0.931116389549	0.0	0.0	0.0	0.907363420428
0.692691206932	0.0	0.0	0.0	0.931116389549	0.0	0.0	0.0	0.90973871734
0.582763791084	0.0	0.0	0.0	0.931116389549	0.0	0.0	0.0	0.910332541568
0.565022528172	0.0	0.0	0.0	0.931116389549	0.0	0.0	0.0	0.910926365796
0.559038817883	0.0	0.0	0.0	0.931116389549	0.0	0.0	0.0	0.910926365796
0.507944107056	0.0	0.0	0.0	0.931116389549	0.0	0.0	0.0	0.910926365796
0.582544744015	0.0	0.0	0.0	0.931116389549	0.0	0.0	0.0	0.910926365796
0.679665267467	0.0	0.0	0.0	0.931116389549	0.0	0.0	0.0	0.910926365796
0.645521819592	0.0	0.0	0.0	0.931116389549	0.0	0.0	0.0	0.910926365796
0.683717608452	0.0	0.0	0.0	0.931116389549	0.0	0.0	0.0	0.910926365796
0.561083376408	0.0	0.0	0.0	0.931116389549	0.0	0.0	0.0	0.910926365796
0.549255430698	0.0	0.0	0.0	0.931116389549	0.0	0.0	0.0	0.910926365796
0.587004423141	0.0	0.0	0.0	0.931116389549	0.0	0.0	0.0	0.910926365796
0.639019608498	0.0	0.0	0.0	0.931116389549	0.0	0.0	0.0	0.910926365796
0.79302829504	0.0	0.0	0.0	0.931116389549	0.0	0.0	0.0	0.910926365796
0.585823297501	0.0	0.0	0.0	0.931116389549	0.0	0.0	0.0	0.910926365796
0.763119876385	0.0	0.0	0.0	0.931116389549	0.0	0.0	0.0	0.910926365796
0.4528452456	0.0	0.0	0.0	0.931116389549	0.0	0.0	0.0	0.910926365796
0.73341602087	0.0	0.0	0.0	0.931116389549	0.0	0.0	0.0	0.910926365796
0.667362749577	0.0	0.0	0.0	0.931116389549	0.0	0.0	0.0	0.910926365796
0.754573643208	0.0	0.0	0.0	0.931116389549	0.0	0.0	0.0	0.910926365796
0.49306795001	0.0	0.0	0.0	0.931116389549	0.0	0.0	0.0	0.910926365796
0.755696475506	0.0	0.0	0.0	0.931116389549	0.0	0.0	0.0	0.910926365796
0.59354019165	0.0	0.0	0.0	0.931116389549	0.0	0.0	0.0	0.910926365796
0.636567771435	0.0	0.0	0.0	0.931116389549	0.0	0.0	0.0	0.910926365796
0.703725516796	0.0	0.0	0.0	0.931116389549	0.0	0.0	0.0	0.910926365796
0.598073363304	0.0	0.0	0.0	0.931116389549	0.0	0.0	0.0	0.910926365796
0.344373464584	0.0	0.0	0.0	0.931116389549	0.0	0.0	0.0	0.910926365796
0.56987953186	0.0	0.0	0.0	0.931116389549	0.0	0.0	0.0	0.910926365796
0.432222694159	0.0	0.0	0.0	0.931116389549	0.0	0.0	0.0	0.910926365796
0.435929059982	0.0	0.0	0.0	0.931116389549	0.0	0.0	0.0	0.910926365796
0.685203671455	0.0	0.0	0.0	0.931116389549	0.0	0.0	0.0	0.910926365796
0.44583132863	0.0	0.0	0.0	0.931116389549	0.0	0.0	0.0	0.910926365796
0.610217630863	0.0	0.0	0.0	0.931116389549	0.0	0.0	0.0	0.910926365796
0.604151070118	0.0	0.0	0.0	0.931116389549	0.0	0.0	0.0	0.910926365796
0.516966462135	0.0	0.0	0.0	0.931116389549	0.0	0.0	0.0	0.910926365796
