cnn_hidden_size	(20, 10)
loss_weights	[0.2250000000000001, 0.7749999999999999]
lr	3.91153949606e-06
0.716479420662	0.133332044555	0.0877088300256	0.967741623309	0.0736342042755	0.161182717641	0.0877088300256	0.993243176132	0.0914489311164
0.787144184113	0.133332044555	0.0881294958745	0.967741623309	0.0736342042755	0.16189277424	0.0881294958745	0.993243176132	0.0961995249406
0.862379431725	0.133628998082	0.088288287758	0.967741623309	0.0760095011876	0.162160661012	0.088288287758	0.993243176132	0.0979809976247
0.781704485416	0.134226891093	0.0891330885889	0.967741623309	0.0807600950119	0.163492319172	0.0891330885889	0.986486419832	0.112826603325
0.703199744225	0.130335776606	0.0879999994585	0.935483569199	0.0807600950119	0.161306984706	0.0879999994585	0.966216150931	0.116983372922
0.740904390812	0.129030925601	0.0863808317378	0.903225515089	0.102137767221	0.158014584491	0.0863808317378	0.92567561313	0.133016627078
0.73932158947	0.126166874741	0.0862068960012	0.870967460978	0.111638954869	0.157524674717	0.0862068960012	0.91216210053	0.142517814727
0.738607287407	0.121210672015	0.0896032825609	0.774193298647	0.173396674584	0.162731247747	0.0896032825609	0.885135075329	0.199524940618
0.721527636051	0.113400585761	0.09019327065	0.709677190427	0.182897862233	0.163105061691	0.09019327065	0.851351293828	0.232185273159
0.687481880188	0.105880689472	0.0894308935819	0.580644973985	0.277909738717	0.159649749455	0.0894308935819	0.743243193024	0.312351543943
0.69513887167	0.10908920021	0.0922946647562	0.580644973985	0.301662707838	0.164031125946	0.0922946647562	0.736486436724	0.34026128266
0.69960039854	0.106381014321	0.0990990981071	0.483870811655	0.401425178147	0.172621986501	0.0990990981071	0.668918873722	0.436460807601
0.672176241875	0.108105992498	0.0972222211835	0.451612757544	0.451306413302	0.167894318091	0.0972222211835	0.61486482332	0.464370546318
0.667811572552	0.112673558652	0.101955305839	0.387096649324	0.55106888361	0.16897863854	0.101955305839	0.493243209916	0.573634204276
0.691923081875	0.110550122534	0.100751878184	0.354838595213	0.579572446556	0.164818666164	0.100751878184	0.452702672115	0.596793349169
0.674315392971	0.108104781876	0.0916844330131	0.258064432882	0.686460807601	0.13938046562	0.0916844330131	0.290540520909	0.684679334917
0.670208156109	0.102186264705	0.0900473912311	0.225806378772	0.70783847981	0.133329484137	0.0900473912311	0.256756739408	0.706650831354
0.697952389717	0.0754675456164	0.0797342166201	0.129032216441	0.767220902613	0.106899807624	0.0797342166201	0.162162151205	0.761876484561
0.688829004765	0.0403997310974	0.0839694624439	0.0645161082206	0.774346793349	0.10731245469	0.0839694624439	0.148648638605	0.782660332542
0.652725040913	0.024995247776	0.0760869523866	0.0322580541103	0.814726840855	0.0843324033959	0.0760869523866	0.0945945882031	0.819477434679
0.65662163496	0.0263109531024	0.0773809477749	0.0322580541103	0.824228028504	0.0822734961354	0.0773809477749	0.0878378319028	0.827790973872
0.60233849287	0.0327818766018	0.0551181058962	0.0322580541103	0.859857482185	0.0509041168489	0.0551181058962	0.0472972941015	0.845011876485
0.664452970028	0.0344777712293	0.0442477836949	0.0322580541103	0.866983372922	0.0383092638519	0.0442477836949	0.0337837815011	0.850950118765
0.609242975712	0.0377309796207	0.0454545402893	0.0322580541103	0.878859857482	0.0338936260401	0.0454545402893	0.0270270252009	0.86460807601
0.612097263336	0.0	0.0519480452016	0.0	0.881235154394	0.0355510508415	0.0519480452016	0.0270270252009	0.871140142518
0.598791778088	0.0	0.0545454446281	0.0	0.897862232779	0.0295526972688	0.0545454446281	0.0202702689007	0.883016627078
0.592893362045	0.0	0.0212765912177	0.0	0.900237529691	0.0102527518632	0.0212765912177	0.00675675630022	0.88539192399
0.585306823254	0.0	0.0	0.0	0.90973871734	0.0	0.0	0.0	0.889548693587
0.598731100559	0.0	0.0	0.0	0.90973871734	0.0	0.0	0.0	0.892517814727
0.552319824696	0.0	0.0	0.0	0.916864608076	0.0	0.0	0.0	0.899643705463
0.582869887352	0.0	0.0	0.0	0.916864608076	0.0	0.0	0.0	0.902019002375
0.639799833298	0.0	0.0	0.0	0.9216152019	0.0	0.0	0.0	0.904394299287
0.559879720211	0.0	0.0	0.0	0.923990498812	0.0	0.0	0.0	0.905581947743
0.617836236954	0.0	0.0	0.0	0.923990498812	0.0	0.0	0.0	0.906175771971
0.563634395599	0.0	0.0	0.0	0.923990498812	0.0	0.0	0.0	0.906175771971
0.467928379774	0.0	0.0	0.0	0.923990498812	0.0	0.0	0.0	0.907363420428
0.617421805859	0.0	0.0	0.0	0.923990498812	0.0	0.0	0.0	0.907957244656
0.560317575932	0.0	0.0	0.0	0.926365795724	0.0	0.0	0.0	0.908551068884
0.584301948547	0.0	0.0	0.0	0.926365795724	0.0	0.0	0.0	0.908551068884
0.616824328899	0.0	0.0	0.0	0.926365795724	0.0	0.0	0.0	0.908551068884
