cnn_hidden_size	(60, 30)
loss_weights	[0.20000000000000007, 0.7999999999999999]
lr	4.58213369084e-06
0.686462283134	0.13332849795	0.0805369073465	0.166666611111	0.845605700713	0.0805319076569	0.0805369073465	0.0805369073465	0.83729216152
0.600844085217	0.0	0.0555555478395	0.0	0.883610451306	0.0361946992492	0.0555555478395	0.0268456357822	0.87351543943
0.690151691437	0.0	0.0307692260355	0.0	0.885985748219	0.0186873583679	0.0307692260355	0.0134228178911	0.875296912114
0.59922260046	0.0	0.0263157825485	0.0	0.904988123515	0.0106919487049	0.0263157825485	0.00671140894554	0.890142517815
0.669811785221	0.0	0.0	0.0	0.912114014252	0.0	0.0	0.0	0.893705463183
0.632781684399	0.0	0.0	0.0	0.9216152019	0.0	0.0	0.0	0.905581947743
0.62569719553	0.0	0.0	0.0	0.923990498812	0.0	0.0	0.0	0.9067695962
0.596350848675	0.0	0.0	0.0	0.926365795724	0.0	0.0	0.0	0.90973871734
0.554333209991	0.0	0.0	0.0	0.928741092637	0.0	0.0	0.0	0.910332541568
0.60126799345	0.0	0.0	0.0	0.928741092637	0.0	0.0	0.0	0.910332541568
0.659760057926	0.0	0.0	0.0	0.928741092637	0.0	0.0	0.0	0.911520190024
0.644262254238	0.0	0.0	0.0	0.928741092637	0.0	0.0	0.0	0.911520190024
0.48390930891	0.0	0.0	0.0	0.928741092637	0.0	0.0	0.0	0.911520190024
0.599506616592	0.0	0.0	0.0	0.928741092637	0.0	0.0	0.0	0.911520190024
0.471336364746	0.0	0.0	0.0	0.928741092637	0.0	0.0	0.0	0.911520190024
0.432982832193	0.0	0.0	0.0	0.928741092637	0.0	0.0	0.0	0.911520190024
0.459427624941	0.0	0.0	0.0	0.928741092637	0.0	0.0	0.0	0.911520190024
0.35334482789	0.0	0.0	0.0	0.928741092637	0.0	0.0	0.0	0.911520190024
0.460341244936	0.0	0.0	0.0	0.928741092637	0.0	0.0	0.0	0.911520190024
0.439522832632	0.0	0.0	0.0	0.928741092637	0.0	0.0	0.0	0.911520190024
0.430668205023	0.0	0.0	0.0	0.928741092637	0.0	0.0	0.0	0.911520190024
0.804504215717	0.0	0.0	0.0	0.928741092637	0.0	0.0	0.0	0.911520190024
0.676936924458	0.0	0.0	0.0	0.928741092637	0.0	0.0	0.0	0.911520190024
0.464626342058	0.0	0.0	0.0	0.928741092637	0.0	0.0	0.0	0.911520190024
0.640283942223	0.0	0.0	0.0	0.928741092637	0.0	0.0	0.0	0.911520190024
0.575732171535	0.0	0.0	0.0	0.928741092637	0.0	0.0	0.0	0.911520190024
0.591431856155	0.0	0.0	0.0	0.928741092637	0.0	0.0	0.0	0.911520190024
0.668367862701	0.0	0.0	0.0	0.928741092637	0.0	0.0	0.0	0.911520190024
0.760561466217	0.0	0.0	0.0	0.928741092637	0.0	0.0	0.0	0.911520190024
0.490964025259	0.0	0.0	0.0	0.928741092637	0.0	0.0	0.0	0.911520190024
0.647901654243	0.0	0.0	0.0	0.928741092637	0.0	0.0	0.0	0.911520190024
0.695755958557	0.0	0.0	0.0	0.928741092637	0.0	0.0	0.0	0.911520190024
0.521362006664	0.0	0.0	0.0	0.928741092637	0.0	0.0	0.0	0.911520190024
0.587496399879	0.0	0.0	0.0	0.928741092637	0.0	0.0	0.0	0.911520190024
0.507364332676	0.0	0.0	0.0	0.928741092637	0.0	0.0	0.0	0.911520190024
0.628119885921	0.0	0.0	0.0	0.928741092637	0.0	0.0	0.0	0.911520190024
0.718399763107	0.0	0.0	0.0	0.928741092637	0.0	0.0	0.0	0.911520190024
0.74472039938	0.0	0.0	0.0	0.928741092637	0.0	0.0	0.0	0.911520190024
0.637445211411	0.0	0.0	0.0	0.928741092637	0.0	0.0	0.0	0.911520190024
0.392491817474	0.0	0.0	0.0	0.928741092637	0.0	0.0	0.0	0.911520190024
