cnn_hidden_size	(60, 30)
loss_weights	[0.050000000000000044, 0.95]
lr	1.45122368629e-06
0.745588779449	0.0689619920932	0.0611764691488	0.151515105601	0.679334916865	0.0910644919254	0.0611764691488	0.178082179583	0.691805225653
0.705666065216	0.0891686430702	0.0643776810219	0.212121147842	0.660332541568	0.0980355796125	0.0643776810219	0.205479437981	0.672209026128
0.664419233799	0.0993756106153	0.0644490631092	0.242424168962	0.655581947743	0.0988799968731	0.0644490631092	0.21232875258	0.664489311164
0.700991749763	0.0975577492132	0.0697674405084	0.242424168962	0.648456057007	0.108757888043	0.0697674405084	0.246575325577	0.649643705463
0.681214094162	0.0935641258171	0.0682656813973	0.242424168962	0.631828978622	0.107554792982	0.0682656813973	0.253424640176	0.63539192399
0.745286762714	0.0864835460448	0.0648464152757	0.242424168962	0.598574821853	0.103821940437	0.0648464152757	0.260273954776	0.610451306413
0.731572389603	0.0962537677101	0.0691927500957	0.272727190083	0.598574821853	0.111550656038	0.0691927500957	0.287671213173	0.602731591449
0.70990806818	0.11054998618	0.0658499224219	0.333333232323	0.579572446556	0.107631553793	0.0658499224219	0.294520527773	0.576603325416
0.671151041985	0.109449981009	0.0667678290324	0.333333232323	0.574821852732	0.109313798098	0.0667678290324	0.301369842372	0.574228028504
0.765664637089	0.106277502926	0.0671532836912	0.333333232323	0.560570071259	0.110707088892	0.0671532836912	0.315068471571	0.561163895487
0.666219472885	0.104759245872	0.0669515659978	0.333333232323	0.553444180523	0.110846203515	0.0669515659978	0.32191778617	0.552256532067
0.686476290226	0.0995449618793	0.0692934773194	0.333333232323	0.527315914489	0.115643493312	0.0692934773194	0.349315044567	0.536817102138
0.720288932323	0.106664154132	0.0709592631937	0.363636253444	0.522565320665	0.11907116616	0.0709592631937	0.369862988366	0.525534441805
0.760501146317	0.102561671107	0.0748466248485	0.363636253444	0.501187648456	0.126948513145	0.0748466248485	0.417808190561	0.501781472684
0.735334277153	0.109241299748	0.0772946850568	0.393939274564	0.496437054632	0.131414286571	0.0772946850568	0.438356134359	0.497624703088
0.687805354595	0.104836394106	0.0783410129223	0.393939274564	0.472684085511	0.134119820313	0.0783410129223	0.465753392757	0.478622327791
0.705544948578	0.110233951004	0.0783200899169	0.424242295684	0.463182897862	0.13436951555	0.0783200899169	0.472602707356	0.472090261283
0.787109375	0.113634167569	0.0817204292288	0.454545316804	0.444180522565	0.141261592402	0.0817204292288	0.520547909552	0.451306413302
0.719958484173	0.112779773064	0.0823529402957	0.454545316804	0.439429928741	0.142458345576	0.0823529402957	0.527397224151	0.449524940618
0.707447588444	0.118079033276	0.087368420133	0.484848337925	0.432304038005	0.151457541959	0.087368420133	0.568493111747	0.447743467933
0.6500608325	0.124997858762	0.0869109938543	0.515151359045	0.434679334917	0.150769722284	0.0869109938543	0.568493111747	0.444774346793
0.690108597279	0.122741574668	0.087001022651	0.515151359045	0.422802850356	0.151377966729	0.087001022651	0.582191740946	0.434085510689
0.687861382961	0.127657498901	0.0871327245478	0.545454380165	0.41567695962	0.151807107923	0.0871327245478	0.589041055545	0.429334916865
0.698067903519	0.129249698998	0.0863239564857	0.575757401286	0.391923990499	0.151229769941	0.0863239564857	0.609588999343	0.4067695962
0.682742714882	0.133331366473	0.0867888130493	0.606060422406	0.38242280285	0.152153370554	0.0867888130493	0.616438313943	0.404394299287
0.705943524837	0.137252968757	0.0887629831089	0.636363443526	0.372921615202	0.156014465317	0.0887629831089	0.64383557234	0.396080760095
0.702006280422	0.141933572346	0.0905695603121	0.666666464647	0.368171021378	0.159406267173	0.0905695603121	0.664383516138	0.392517814727
0.656014382839	0.145108535684	0.0914913074886	0.696969485767	0.356294536817	0.161418418796	0.0914913074886	0.684931459936	0.383016627078
0.694483041763	0.143748141234	0.0912408750799	0.696969485767	0.349168646081	0.161028518571	0.0912408750799	0.684931459936	0.381235154394
0.684822261333	0.14197347034	0.0909090900988	0.696969485767	0.339667458432	0.16088124056	0.0909090900988	0.698630089135	0.368171021378
0.681434452534	0.14197347034	0.0914742443031	0.696969485767	0.339667458432	0.161947650905	0.0914742443031	0.705479403734	0.366983372922
0.697982311249	0.138971006129	0.0924956361911	0.696969485767	0.323040380048	0.164084680123	0.0924956361911	0.726027347532	0.358669833729
0.688693225384	0.136902982413	0.0923866544706	0.696969485767	0.311163895487	0.164256578664	0.0923866544706	0.739725976731	0.347387173397
0.724625587463	0.13450117252	0.0925771468509	0.696969485767	0.296912114014	0.165053824309	0.0925771468509	0.760273920529	0.333135391924
0.696522474289	0.134895604635	0.0926544232667	0.696969485767	0.299287410926	0.165176632388	0.0926544232667	0.760273920529	0.333729216152
0.68447804451	0.137534096457	0.093137254141	0.727272506887	0.285035629454	0.16642145101	0.093137254141	0.780821864327	0.321852731591
0.646684348583	0.137141141409	0.093137254141	0.727272506887	0.282660332542	0.16642145101	0.093137254141	0.780821864327	0.321852731591
0.739911854267	0.134076531184	0.0931726900147	0.727272506887	0.263657957245	0.166784603291	0.0931726900147	0.794520493526	0.311757719715
0.714830160141	0.138502486342	0.0925039865032	0.757575528007	0.261282660333	0.165712415164	0.0925039865032	0.794520493526	0.306413301663
0.728609621525	0.142074854299	0.0921366156304	0.787878549128	0.254156769596	0.165122690504	0.0921366156304	0.794520493526	0.303444180523
