cnn_hidden_size	(60, 30)
loss_weights	[0.25, 0.75]
lr	6.07198949344e-05
0.68938857317	0.142853969032	0.0844793696566	0.363636253444	0.657957244656	0.131294241686	0.0844793696566	0.294520527773	0.662114014252
0.508068084717	0.0	0.0	0.0	0.9216152019	0.0	0.0	0.0	0.913301662708
0.623612225056	0.0	0.0	0.0	0.9216152019	0.0	0.0	0.0	0.913301662708
0.670066833496	0.0	0.0	0.0	0.9216152019	0.0	0.0	0.0	0.913301662708
0.451407849789	0.0	0.0	0.0	0.9216152019	0.0	0.0	0.0	0.913301662708
0.760272026062	0.0	0.0	0.0	0.9216152019	0.0	0.0	0.0	0.913301662708
0.510899722576	0.0	0.0	0.0	0.9216152019	0.0	0.0	0.0	0.913301662708
0.624486088753	0.0	0.0	0.0	0.9216152019	0.0	0.0	0.0	0.913301662708
0.362070679665	0.0	0.0	0.0	0.9216152019	0.0	0.0	0.0	0.913301662708
0.52954852581	0.0	0.0	0.0	0.9216152019	0.0	0.0	0.0	0.913301662708
0.577616512775	0.0	0.0	0.0	0.9216152019	0.0	0.0	0.0	0.913301662708
0.718098640442	0.0	0.0	0.0	0.9216152019	0.0	0.0	0.0	0.913301662708
0.302404344082	0.0	0.0	0.0	0.9216152019	0.0	0.0	0.0	0.913301662708
0.418502181768	0.0	0.0	0.0	0.9216152019	0.0	0.0	0.0	0.913301662708
0.411231637001	0.0	0.0	0.0	0.9216152019	0.0	0.0	0.0	0.913301662708
0.539055049419	0.0	0.0	0.0	0.9216152019	0.0	0.0	0.0	0.913301662708
0.646151065826	0.0	0.0	0.0	0.9216152019	0.0	0.0	0.0	0.913301662708
0.264762282372	0.0	0.0	0.0	0.9216152019	0.0	0.0	0.0	0.913301662708
0.569953143597	0.0	0.0	0.0	0.9216152019	0.0	0.0	0.0	0.913301662708
0.43078315258	0.0	0.0	0.0	0.9216152019	0.0	0.0	0.0	0.913301662708
0.458939105272	0.0	0.0	0.0	0.9216152019	0.0	0.0	0.0	0.913301662708
0.415515482426	0.0	0.0	0.0	0.9216152019	0.0	0.0	0.0	0.913301662708
0.395191311836	0.0	0.0	0.0	0.9216152019	0.0	0.0	0.0	0.913301662708
0.414418041706	0.0	0.0	0.0	0.9216152019	0.0	0.0	0.0	0.913301662708
0.453770339489	0.0	0.0	0.0	0.9216152019	0.0	0.0	0.0	0.913301662708
0.598127245903	0.0	0.0	0.0	0.9216152019	0.0	0.0	0.0	0.913301662708
0.57190233469	0.0	0.0	0.0	0.9216152019	0.0	0.0	0.0	0.913301662708
0.255492925644	0.0	0.0	0.0	0.9216152019	0.0	0.0	0.0	0.913301662708
0.485842555761	0.0	0.0	0.0	0.9216152019	0.0	0.0	0.0	0.913301662708
0.729390919209	0.0	0.0	0.0	0.9216152019	0.0	0.0	0.0	0.913301662708
0.558862090111	0.0	0.0	0.0	0.9216152019	0.0	0.0	0.0	0.913301662708
0.438372224569	0.0	0.9999900001	0.0	0.9216152019	0.0136053051969	0.9999900001	0.00684931459936	0.913895486936
0.737916529179	0.0	0.666664444452	0.0	0.9216152019	0.0268452394082	0.666664444452	0.0136986291987	0.913895486936
0.513314902782	0.0	0.0	0.0	0.9216152019	0.0	0.0	0.0	0.913301662708
0.476785212755	0.0	0.9999900001	0.0	0.9216152019	0.0136053051969	0.9999900001	0.00684931459936	0.913895486936
0.544405817986	0.0	0.999995000025	0.0	0.9216152019	0.0270267567581	0.999995000025	0.0136986291987	0.914489311164
0.549528956413	0.0	0.999995000025	0.0	0.9216152019	0.0270267567581	0.999995000025	0.0136986291987	0.914489311164
0.551266074181	0.0	0.999995000025	0.0	0.9216152019	0.0270267567581	0.999995000025	0.0136986291987	0.914489311164
0.21237154305	0.0	0.9999900001	0.0	0.9216152019	0.0136053051969	0.9999900001	0.00684931459936	0.913895486936
0.303704798222	0.0	0.666665555557	0.0	0.9216152019	0.0526308137217	0.666665555557	0.0273972583974	0.914489311164
