cnn_hidden_size	(80, 40)
loss_weights	[0.35, 0.65]
lr	1.25570369431e-05
0.784497082233	0.14796994254	0.0899470893522	0.968749697266	0.152019002375	0.163952572184	0.0899470893522	0.92517000509	0.176365795724
0.616713404655	0.05127907972	0.068181802686	0.0312499902344	0.912114014252	0.0314100637205	0.068181802686	0.020408161877	0.890142517815
0.534363806248	0.0	0.0	0.0	0.916864608076	0.0	0.0	0.0	0.903800475059
0.36753565073	0.0	0.0	0.0	0.923990498812	0.0	0.0	0.0	0.912114014252
0.632507801056	0.0	0.0	0.0	0.923990498812	0.0	0.0	0.0	0.912114014252
0.545748472214	0.0	0.0	0.0	0.923990498812	0.0	0.0	0.0	0.91270783848
0.284261196852	0.0	0.0	0.0	0.923990498812	0.0	0.0	0.0	0.91270783848
0.326545596123	0.0	0.0	0.0	0.923990498812	0.0	0.0	0.0	0.91270783848
0.608325362206	0.0	0.0	0.0	0.923990498812	0.0	0.0	0.0	0.91270783848
0.27088317275	0.0	0.0	0.0	0.923990498812	0.0	0.0	0.0	0.91270783848
0.335931181908	0.0	0.0	0.0	0.923990498812	0.0	0.0	0.0	0.91270783848
0.257139861584	0.0	0.0	0.0	0.923990498812	0.0	0.0	0.0	0.91270783848
0.253355294466	0.0	0.0	0.0	0.923990498812	0.0	0.0	0.0	0.91270783848
0.57583796978	0.0	0.0	0.0	0.923990498812	0.0	0.0	0.0	0.91270783848
0.362245708704	0.0	0.0	0.0	0.923990498812	0.0	0.0	0.0	0.91270783848
0.507532715797	0.0	0.0	0.0	0.923990498812	0.0	0.0	0.0	0.91270783848
0.342641949654	0.0	0.0	0.0	0.923990498812	0.0	0.0	0.0	0.91270783848
0.517512798309	0.0	0.0	0.0	0.923990498812	0.0	0.0	0.0	0.91270783848
0.537507653236	0.0	0.0	0.0	0.923990498812	0.0	0.0	0.0	0.91270783848
0.329539805651	0.0	0.0	0.0	0.923990498812	0.0	0.0	0.0	0.91270783848
0.612278044224	0.0	0.0	0.0	0.923990498812	0.0	0.0	0.0	0.91270783848
0.273739516735	0.0	0.0	0.0	0.923990498812	0.0	0.0	0.0	0.91270783848
0.452855437994	0.0	0.0	0.0	0.923990498812	0.0	0.0	0.0	0.91270783848
0.342922985554	0.0	0.0	0.0	0.923990498812	0.0	0.0	0.0	0.91270783848
0.352636128664	0.0	0.0	0.0	0.923990498812	0.0	0.0	0.0	0.91270783848
0.424998641014	0.0	0.0	0.0	0.923990498812	0.0	0.0	0.0	0.91270783848
0.327326774597	0.0	0.0	0.0	0.923990498812	0.0	0.0	0.0	0.91270783848
0.564575374126	0.0	0.0	0.0	0.923990498812	0.0	0.0	0.0	0.91270783848
0.48580378294	0.0	0.0	0.0	0.923990498812	0.0	0.0	0.0	0.91270783848
0.491955786943	0.0	0.0	0.0	0.923990498812	0.0	0.0	0.0	0.91270783848
0.5021225214	0.0	0.0	0.0	0.923990498812	0.0	0.0	0.0	0.91270783848
0.315064460039	0.0	0.0	0.0	0.923990498812	0.0	0.0	0.0	0.91270783848
0.575148582458	0.0	0.0	0.0	0.923990498812	0.0	0.0	0.0	0.91270783848
0.336980313063	0.0	0.0	0.0	0.923990498812	0.0	0.0	0.0	0.91270783848
0.304029554129	0.0	0.0	0.0	0.923990498812	0.0	0.0	0.0	0.91270783848
0.329604029655	0.0	0.0	0.0	0.923990498812	0.0	0.0	0.0	0.91270783848
0.232609778643	0.0	0.0	0.0	0.923990498812	0.0	0.0	0.0	0.91270783848
0.691549777985	0.0	0.0	0.0	0.923990498812	0.0	0.0	0.0	0.91270783848
0.537649869919	0.0	0.0	0.0	0.923990498812	0.0	0.0	0.0	0.91270783848
0.243680670857	0.0	0.0	0.0	0.923990498812	0.0	0.0	0.0	0.91270783848
