cnn_hidden_size	(80, 40)
loss_weights	[0.25, 0.75]
lr	0.000234848015951
0.661380290985	0.0799957682199	0.0357142814626	0.0571428408163	0.890736342043	0.0263111342484	0.0357142814626	0.0208333318866	0.868171021378
0.538259923458	0.0	0.0	0.0	0.916864608076	0.0	0.0	0.0	0.914489311164
0.47825601697	0.0	0.0	0.0	0.916864608076	0.0	0.0	0.0	0.914489311164
0.493536382914	0.0	0.0	0.0	0.916864608076	0.0	0.0	0.0	0.914489311164
0.555677592754	0.0	0.0	0.0	0.916864608076	0.0	0.0	0.0	0.914489311164
0.717310190201	0.0	0.0	0.0	0.916864608076	0.0	0.0	0.0	0.914489311164
0.386405348778	0.0	0.0	0.0	0.916864608076	0.0	0.0	0.0	0.914489311164
0.662793934345	0.0	0.249999791667	0.0	0.912114014252	0.0384601134637	0.249999791667	0.0208333318866	0.910926365796
0.399509072304	0.0	0.0	0.0	0.916864608076	0.0	0.0	0.0	0.914489311164
0.527304947376	0.0	0.9999900001	0.0	0.916864608076	0.013792964566	0.9999900001	0.00694444396219	0.915083135392
0.525391459465	0.0	0.444443950618	0.0	0.914489311164	0.0522864676204	0.444443950618	0.0277777758488	0.913895486936
0.505344212055	0.0	0.624999218751	0.0	0.914489311164	0.0657884678118	0.624999218751	0.034722219811	0.91567695962
0.724590241909	0.0	0.9999900001	0.0	0.916864608076	0.013792964566	0.9999900001	0.00694444396219	0.915083135392
0.338959932327	0.0	0.727272066116	0.0	0.912114014252	0.103224474522	0.727272066116	0.0555555516975	0.917458432304
0.359477370977	0.0	0.692307159764	0.0	0.907363420428	0.114648148017	0.692307159764	0.0624999956597	0.917458432304
0.361250132322	0.0555549845682	0.874998906251	0.0285714204082	0.919239904988	0.0921042538186	0.874998906251	0.0486111077353	0.918052256532
0.54595631361	0.0784270359913	0.349397548265	0.0571428408163	0.888361045131	0.255501946561	0.349397548265	0.201388874904	0.899643705463
0.175646603107	0.0	0.615384142012	0.0	0.90973871734	0.101909296139	0.615384142012	0.0555555516975	0.916270783848
0.352579683065	0.101690054811	0.34513271282	0.0857142612245	0.874109263658	0.303496994735	0.34513271282	0.270833314525	0.893705463183
0.539835989475	0.0	0.425531824355	0.0	0.881235154394	0.209420351481	0.425531824355	0.138888879244	0.910332541568
0.515297710896	0.0	0.888887901236	0.0	0.912114014252	0.104574042473	0.888887901236	0.0555555516975	0.91864608076
0.383194118738	0.124995998388	0.467532406814	0.0857142612245	0.900237529691	0.325787285336	0.467532406814	0.249999982639	0.911520190024
0.502691745758	0.0	0.749999375001	0.0	0.912114014252	0.11538318049	0.749999375001	0.0624999956597	0.918052256532
0.904071092606	0.0444409681687	0.490909001653	0.0285714204082	0.897862232779	0.271352756807	0.490909001653	0.187499986979	0.913895486936
0.420354813337	0.0	0.888888395062	0.0	0.912114014252	0.197528864521	0.888888395062	0.111111103395	0.922802850356
0.446782827377	0.0	0.633333122222	0.0	0.902612826603	0.218387925787	0.633333122222	0.131944435282	0.919239904988
0.444694161415	0.0634871054483	0.416666623264	0.0571428408163	0.859857482185	0.333328505625	0.416666623264	0.277777758488	0.904988123515
0.321483016014	0.0	0.666666349207	0.0	0.895486935867	0.169694727668	0.666666349207	0.0972222154707	0.91864608076
0.376115918159	0.144922495447	0.412587383735	0.142857102041	0.859857482185	0.411144797254	0.412587383735	0.409722193769	0.899643705463
0.482823371887	0.0975584295678	0.702702512783	0.0571428408163	0.912114014252	0.287289533323	0.702702512783	0.180555543017	0.923396674584
0.27337744832	0.144922495447	0.453781474472	0.142857102041	0.859857482185	0.410641401844	0.453781474472	0.374999973958	0.907957244656
0.314563930035	0.136981272466	0.393258404873	0.142857102041	0.850356294537	0.434777637493	0.393258404873	0.486111077353	0.891923990499
0.668508946896	0.0	0.552238723546	0.0	0.888361045131	0.35070653315	0.552238723546	0.256944426601	0.91864608076
0.420646369457	0.147053784772	0.470149218646	0.142857102041	0.862232779097	0.45323238399	0.470149218646	0.437499969618	0.90973871734
0.326348572969	0.0	0.799999733333	0.0	0.902612826603	0.275859183541	0.799999733333	0.166666655093	0.925178147268
0.416140437126	0.0	0.679245154859	0.0	0.890736342043	0.365478263332	0.679245154859	0.249999982639	0.925771971496
0.318359524012	0.153841136255	0.542056024107	0.142857102041	0.869358669834	0.462146466298	0.542056024107	0.402777749807	0.919833729216
0.335535496473	0.081076074083	0.466101655415	0.0857142612245	0.838479809976	0.419842345493	0.466101655415	0.381944417921	0.90973871734
0.31048104167	0.0526300969894	0.894736371191	0.0285714204082	0.914489311164	0.208586871938	0.894736371191	0.118055547357	0.923396674584
0.40750670433	0.127655717632	0.704545294422	0.0857142612245	0.902612826603	0.329783613665	0.704545294422	0.215277762828	0.925178147268
