cnn_hidden_size	(20, 10)
loss_weights	[0.07500000000000007, 0.9249999999999999]
lr	9.27703432741e-06
0.696877479553	0.122948123883	0.083333332265	0.384615285996	0.491686460808	0.141301764461	0.083333332265	0.464285681122	0.530878859857
0.706745624542	0.122062724841	0.0819672118932	0.333333247863	0.555819477435	0.135632158681	0.0819672118932	0.392857114796	0.583729216152
0.699634671211	0.130838128725	0.085972849382	0.35897426693	0.558194774347	0.14196473895	0.085972849382	0.407142828061	0.590855106888
0.671510159969	0.125600794492	0.0874233115426	0.333333247863	0.570071258907	0.143936479946	0.0874233115426	0.407142828061	0.597387173397
0.675273239613	0.130650101841	0.0922818776463	0.333333247863	0.589073634204	0.149453437047	0.0922818776463	0.392857114796	0.628266033254
0.705508887768	0.117017975986	0.0925266887451	0.28205120973	0.605700712589	0.14814495084	0.0925266887451	0.371428544898	0.644893111639
0.707404851913	0.114580084184	0.0919931841228	0.28205120973	0.596199524941	0.148552594606	0.0919931841228	0.385714258163	0.63242280285
0.663956999779	0.113398837905	0.0926243551865	0.28205120973	0.591448931116	0.149374466452	0.0926243551865	0.385714258163	0.634798099762
0.656499743462	0.115786198984	0.0948121628835	0.28205120973	0.600950118765	0.151641999736	0.0948121628835	0.378571401531	0.647862232779
0.685839354992	0.118915578763	0.095588233537	0.28205120973	0.612826603325	0.152043523547	0.095588233537	0.371428544898	0.655581947743
0.66273188591	0.117017975986	0.0973451310204	0.28205120973	0.605700712589	0.156025181494	0.0973451310204	0.392857114796	0.646674584323
0.68293684721	0.128651434725	0.0885529138541	0.28205120973	0.646080760095	0.135983163216	0.0885529138541	0.292857121939	0.690617577197
0.67895847559	0.127903455342	0.08742004078	0.28205120973	0.643705463183	0.134643417146	0.08742004078	0.292857121939	0.687054631829
0.715204119682	0.125710807605	0.09599999808	0.28205120973	0.636579572447	0.149996577422	0.09599999808	0.342857118367	0.676959619952
0.687435030937	0.128651434725	0.0874999981771	0.28205120973	0.646080760095	0.135480370329	0.0874999981771	0.299999978571	0.681710213777
0.648697316647	0.123453119297	0.0824294992965	0.256410190664	0.66270783848	0.126452329081	0.0824294992965	0.271428552041	0.688242280285
0.691912949085	0.124219916006	0.083700438685	0.256410190664	0.665083135392	0.127942520933	0.083700438685	0.271428552041	0.692399049881
0.720633983612	0.114645933019	0.0852017918116	0.230769171598	0.669833729216	0.129689191822	0.0852017918116	0.271428552041	0.697149643705
0.705939531326	0.114645933019	0.0871559613038	0.230769171598	0.669833729216	0.131940760375	0.0871559613038	0.271428552041	0.703087885986
0.711670279503	0.115380850713	0.0884353721443	0.230769171598	0.672209026128	0.13424762835	0.0884353721443	0.278571408673	0.701306413302
0.717913687229	0.118417222249	0.0879629609268	0.230769171598	0.681710213777	0.132863431322	0.0879629609268	0.271428552041	0.705463182898
0.711604297161	0.116125251318	0.0892448492164	0.230769171598	0.67458432304	0.135178295893	0.0892448492164	0.278571408673	0.703681710214
0.704818665981	0.120801488345	0.0915841561489	0.230769171598	0.688836104513	0.136025584423	0.0915841561489	0.264285695408	0.720902612827
0.679055154324	0.125870141452	0.0906800984715	0.230769171598	0.703087885986	0.134074352624	0.0906800984715	0.257142838776	0.723871733967
0.713836014271	0.126756561323	0.0899742907462	0.230769171598	0.705463182898	0.132321244678	0.0899742907462	0.249999982143	0.727434679335
0.663686573505	0.114281678713	0.0865921763522	0.205128152531	0.705463182898	0.124493945229	0.0865921763522	0.221428555612	0.74109263658
0.712189614773	0.127655554675	0.0932642462885	0.230769171598	0.70783847981	0.13687821781	0.0932642462885	0.257142838776	0.730403800475
0.652361214161	0.132446482282	0.0948081242707	0.256410190664	0.688836104513	0.144078678484	0.0948081242707	0.299999978571	0.703681710214
0.740375876427	0.134224305322	0.099033814033	0.256410190664	0.693586698337	0.148010658257	0.099033814033	0.292857121939	0.719714964371
0.684699177742	0.113471159539	0.102040813723	0.205128152531	0.703087885986	0.15037205618	0.102040813723	0.285714265306	0.731591448931
0.691153883934	0.137927083108	0.101485146003	0.256410190664	0.703087885986	0.150731466225	0.101485146003	0.292857121939	0.725653206651
0.725235164165	0.149064633399	0.0939457182892	0.307692228797	0.67458432304	0.145392294707	0.0939457182892	0.321428548469	0.685866983373
0.678190886974	0.15286248863	0.0938166291297	0.307692228797	0.684085510689	0.144495633565	0.0938166291297	0.314285691837	0.690617577197
0.665680229664	0.156858926146	0.0948275841632	0.307692228797	0.693586698337	0.145691798254	0.0948275841632	0.314285691837	0.693586698337
0.6756477952	0.153842384213	0.0969827565305	0.307692228797	0.686460807601	0.14900305642	0.0969827565305	0.321428548469	0.694774346793
0.685351192951	0.153842384213	0.0942982435461	0.307692228797	0.686460807601	0.144291702828	0.0942982435461	0.307142835204	0.697149643705
0.699052035809	0.157890901235	0.0964125538921	0.307692228797	0.695961995249	0.146754037644	0.0964125538921	0.307142835204	0.703087885986
0.692865967751	0.155840353439	0.09954750906	0.307692228797	0.691211401425	0.151199090321	0.09954750906	0.314285691837	0.706650831354
0.654489219189	0.155840353439	0.098623850949	0.307692228797	0.691211401425	0.149301870871	0.098623850949	0.307142835204	0.709026128266
0.687778830528	0.13043070901	0.0987012961376	0.230769171598	0.714964370546	0.144757988242	0.0987012961376	0.271428552041	0.733372921615
