cnn_hidden_size	(20, 10)
loss_weights	[0.35, 0.65]
lr	0.00215168972981
0.673461377621	0.0	0.0	0.0	0.897862232779	0.0	0.0	0.0	0.917458432304
0.40624755621	0.111107613275	0.162162118335	0.0714285544218	0.885985748219	0.0689621609496	0.162162118335	0.0437956172412	0.903800475059
0.055873837322	0.0	0.0	0.0	0.900237529691	0.0	0.0	0.0	0.91864608076
0.426623880863	0.0	0.0	0.0	0.900237529691	0.0	0.0	0.0	0.91864608076
0.346284896135	0.0	0.0	0.0	0.900237529691	0.0	0.0	0.0	0.91864608076
0.435972690582	0.0	0.9999900001	0.0	0.900237529691	0.0144926076455	0.9999900001	0.0072992695402	0.919239904988
0.164932146668	0.0	0.0	0.0	0.900237529691	0.0	0.0	0.0	0.91864608076
0.148978963494	0.0	0.444443950618	0.0	0.897862232779	0.0547933561878	0.444443950618	0.0291970781608	0.918052256532
0.211574211717	0.0	0.499998750003	0.0	0.897862232779	0.0283682390316	0.499998750003	0.0145985390804	0.91864608076
0.574898600578	0.0	0.999996666678	0.0	0.900237529691	0.0428567173497	0.999996666678	0.0218978086206	0.920427553444
0.366598516703	0.0	0.333332962963	0.0	0.897862232779	0.0410947279354	0.333332962963	0.0218978086206	0.916864608076
0.454341828823	0.0392127645352	0.361111010802	0.0238095181406	0.883610451306	0.150285704238	0.361111010802	0.0948905040226	0.91270783848
0.240625709295	0.0	0.0	0.0	0.900237529691	0.0	0.0	0.0	0.918052256532
0.725630939007	0.0	0.749998125005	0.0	0.900237529691	0.0425526341792	0.749998125005	0.0218978086206	0.919833729216
0.319482654333	0.0416644619181	0.558823365052	0.0238095181406	0.890736342043	0.222219010339	0.558823365052	0.138686121264	0.921021377672
0.397102952003	0.0634875992022	0.415730290367	0.0476190362812	0.859857482185	0.327428824958	0.415730290367	0.270072972987	0.90973871734
0.435733556747	0.0	0.349999825	0.0	0.895486935867	0.0891697400036	0.349999825	0.0510948867814	0.915083135392
0.193166106939	0.149249008834	0.412371091508	0.119047590703	0.86460807601	0.341875458831	0.412371091508	0.291970781608	0.908551068884
0.306395202875	0.107139069008	0.438596414281	0.0714285544218	0.881235154394	0.257727782509	0.438596414281	0.182481738505	0.914489311164
0.312948733568	0.115381464579	0.757575528007	0.0714285544218	0.890736342043	0.29411448377	0.757575528007	0.182481738505	0.928741092637
0.213261470199	0.0655694601027	0.440677891411	0.0476190362812	0.86460807601	0.265301887301	0.440677891411	0.189781008045	0.914489311164
0.513473629951	0.113204215117	0.499999921875	0.0714285544218	0.888361045131	0.318403588089	0.499999921875	0.233576625286	0.91864608076
0.463360130787	0.0	0.645161082206	0.0	0.890736342043	0.238092200293	0.645161082206	0.145985390804	0.923990498812
0.204260006547	0.0784284353233	0.547169708081	0.0476190362812	0.888361045131	0.3052591031	0.547169708081	0.211678816666	0.9216152019
0.274723619223	0.0754683803486	0.574467962879	0.0476190362812	0.883610451306	0.293474425262	0.574467962879	0.197080277585	0.922802850356
0.105403445661	0.117644106183	0.571428469388	0.0714285544218	0.893111638955	0.331602063999	0.571428469388	0.233576625286	0.923396674584
0.180834770203	0.129027846141	0.642857028061	0.0952380725624	0.871733966746	0.3730528369	0.642857028061	0.262773703447	0.928147268409
0.290284276009	0.0399972961788	0.814814513032	0.0238095181406	0.885985748219	0.268289899641	0.814814513032	0.160583929884	0.928741092637
0.117549300194	0.0784284353233	0.682926662701	0.0476190362812	0.888361045131	0.314603160625	0.682926662701	0.204379547126	0.927553444181
0.211380884051	0.138883989368	0.566666603704	0.119047590703	0.852731591449	0.449334381855	0.566666603704	0.37226274655	0.925771971496
0.299032002687	0.15094004991	0.744680692621	0.0952380725624	0.893111638955	0.380430937538	0.744680692621	0.255474433907	0.932304038005
0.197049856186	0.0740705900093	0.779999844	0.0476190362812	0.881235154394	0.417108337135	0.779999844	0.284671512068	0.935273159145
0.199893862009	0.126979642382	0.477876063905	0.0952380725624	0.869358669834	0.431995011577	0.477876063905	0.394160555171	0.91567695962
0.520563721657	0.0408138610361	0.78378357195	0.0238095181406	0.888361045131	0.333329946526	0.78378357195	0.211678816666	0.931116389549
0.345527023077	0.112671192431	0.53333328254	0.0952380725624	0.850356294537	0.462804966584	0.53333328254	0.408759094251	0.922802850356
0.331121355295	0.0895475342161	0.592105185249	0.0714285544218	0.855106888361	0.422530581724	0.592105185249	0.328467129309	0.926959619952
0.118559867144	0.0999957668425	0.64285705102	0.0714285544218	0.871733966746	0.43477809055	0.64285705102	0.328467129309	0.930522565321
0.34031561017	0.0784284353233	0.760869399811	0.0476190362812	0.888361045131	0.38250985581	0.760869399811	0.255474433907	0.932897862233
0.16240811348	0.123072312596	0.621621537619	0.0952380725624	0.86460807601	0.436014361809	0.621621537619	0.335766398849	0.929334916865
0.216931119561	0.0999957668425	0.732394263043	0.0714285544218	0.871733966746	0.499995455384	0.732394263043	0.37956201609	0.938242280285
