cnn_hidden_size	(40, 20)
loss_weights	[0.25, 0.75]
lr	3.6084925884e-06
0.702963888645	0.141412481398	0.0773158272989	0.777777561728	0.192399049881	0.140024707637	0.0773158272989	0.741258689422	0.226840855107
0.687435686588	0.148569574553	0.0776371301465	0.722222021605	0.29216152019	0.138552293096	0.0776371301465	0.643356598367	0.320665083135
0.706780850887	0.143710642931	0.0774134783478	0.666666481482	0.320665083135	0.136984260157	0.0774134783478	0.594405552839	0.364014251781
0.659218907356	0.137649320637	0.0911492722437	0.472222091049	0.49406175772	0.153330657108	0.0911492722437	0.482517448775	0.547505938242
0.681551873684	0.156679245732	0.0977917965648	0.472222091049	0.565320665083	0.159585152136	0.0977917965648	0.433566403247	0.612232779097
0.675638079643	0.0793609853444	0.104046239767	0.138888850309	0.724465558195	0.147235119575	0.104046239767	0.251748234143	0.752375296912
0.666382670403	0.0900856913095	0.126315785042	0.138888850309	0.760095011876	0.168219841698	0.126315785042	0.251748234143	0.788598574822
0.649155020714	0.0	0.131147530234	0.0	0.845605700713	0.120749739471	0.131147530234	0.111888104064	0.861638954869
0.61853903532	0.0	0.0777777691358	0.0	0.869358669834	0.0600810908344	0.0777777691358	0.0489510455279	0.869952494062
0.663018107414	0.0	0.0740740603567	0.0	0.893111638955	0.0406051538335	0.0740740603567	0.0279720260159	0.887767220903
0.60262209177	0.0	0.0952380725624	0.0	0.897862232779	0.0432397291377	0.0952380725624	0.0279720260159	0.894893111639
0.583325028419	0.0	0.0384615236686	0.0	0.902612826603	0.0118317151479	0.0384615236686	0.00699300650399	0.900831353919
0.642939686775	0.0	0.0	0.0	0.904988123515	0.0	0.0	0.0	0.900831353919
0.647673308849	0.0	0.0	0.0	0.912114014252	0.0	0.0	0.0	0.904394299287
0.578191518784	0.0	0.0	0.0	0.912114014252	0.0	0.0	0.0	0.905581947743
0.608742058277	0.0	0.0	0.0	0.912114014252	0.0	0.0	0.0	0.908551068884
0.630818009377	0.0	0.0	0.0	0.912114014252	0.0	0.0	0.0	0.908551068884
0.611464619637	0.0	0.0	0.0	0.912114014252	0.0	0.0	0.0	0.912114014252
0.506989002228	0.0	0.0	0.0	0.912114014252	0.0	0.0	0.0	0.912114014252
0.623059391975	0.0	0.0	0.0	0.914489311164	0.0	0.0	0.0	0.912114014252
0.641034185886	0.0	0.0	0.0	0.914489311164	0.0	0.0	0.0	0.912114014252
0.553399980068	0.0	0.0	0.0	0.914489311164	0.0	0.0	0.0	0.91270783848
0.495889812708	0.0	0.0	0.0	0.914489311164	0.0	0.0	0.0	0.913301662708
0.575523197651	0.0	0.0	0.0	0.914489311164	0.0	0.0	0.0	0.913895486936
0.608505368233	0.0	0.0	0.0	0.914489311164	0.0	0.0	0.0	0.913895486936
0.516045689583	0.0	0.0	0.0	0.914489311164	0.0	0.0	0.0	0.913895486936
0.422490954399	0.0	0.0	0.0	0.914489311164	0.0	0.0	0.0	0.913895486936
0.348806887865	0.0	0.0	0.0	0.914489311164	0.0	0.0	0.0	0.914489311164
0.568255066872	0.0	0.0	0.0	0.914489311164	0.0	0.0	0.0	0.915083135392
0.402262806892	0.0	0.0	0.0	0.914489311164	0.0	0.0	0.0	0.915083135392
0.692387938499	0.0	0.0	0.0	0.914489311164	0.0	0.0	0.0	0.915083135392
0.482896745205	0.0	0.0	0.0	0.914489311164	0.0	0.0	0.0	0.915083135392
0.491331517696	0.0	0.0	0.0	0.914489311164	0.0	0.0	0.0	0.915083135392
0.718913793564	0.0	0.0	0.0	0.914489311164	0.0	0.0	0.0	0.915083135392
0.476140022278	0.0	0.0	0.0	0.914489311164	0.0	0.0	0.0	0.915083135392
0.444348335266	0.0	0.0	0.0	0.914489311164	0.0	0.0	0.0	0.915083135392
0.586792767048	0.0	0.0	0.0	0.914489311164	0.0	0.0	0.0	0.915083135392
0.385529071093	0.0	0.0	0.0	0.914489311164	0.0	0.0	0.0	0.915083135392
0.737515985966	0.0	0.0	0.0	0.914489311164	0.0	0.0	0.0	0.915083135392
0.380312055349	0.0	0.0	0.0	0.914489311164	0.0	0.0	0.0	0.915083135392
