cnn_hidden_size	(60, 30)
loss_weights	[0.4, 0.6]
lr	4.93862354772e-05
0.733367562294	0.152939367495	0.0876288652266	0.76470565744	0.315914489311	0.155842183463	0.0876288652266	0.703448227348	0.343824228029
0.3819039464	0.0	0.0	0.0	0.919239904988	0.0	0.0	0.0	0.913895486936
0.325951337814	0.0	0.0	0.0	0.919239904988	0.0	0.0	0.0	0.913895486936
0.489051401615	0.0	0.0	0.0	0.919239904988	0.0	0.0	0.0	0.913895486936
0.309069931507	0.0	0.0	0.0	0.919239904988	0.0	0.0	0.0	0.913895486936
0.694041132927	0.0	0.0	0.0	0.919239904988	0.0	0.0	0.0	0.913895486936
0.464419931173	0.0	0.0	0.0	0.919239904988	0.0	0.0	0.0	0.913895486936
0.449177384377	0.0	0.0	0.0	0.919239904988	0.0	0.0	0.0	0.913895486936
0.125933781266	0.0	0.0	0.0	0.919239904988	0.0	0.0	0.0	0.913895486936
0.620339274406	0.0	0.0	0.0	0.919239904988	0.0	0.0	0.0	0.913895486936
0.37574955821	0.0	0.0	0.0	0.919239904988	0.0	0.0	0.0	0.913895486936
0.282591253519	0.0	0.0	0.0	0.919239904988	0.0	0.0	0.0	0.913895486936
0.580381155014	0.0	0.0	0.0	0.919239904988	0.0	0.0	0.0	0.913895486936
0.415092289448	0.0	0.0	0.0	0.919239904988	0.0	0.0	0.0	0.913895486936
0.293974548578	0.0	0.0	0.0	0.919239904988	0.0	0.0	0.0	0.913895486936
0.37101495266	0.0	0.0	0.0	0.919239904988	0.0	0.0	0.0	0.913895486936
0.364503651857	0.0	0.0	0.0	0.919239904988	0.0	0.0	0.0	0.913895486936
0.418093532324	0.0	0.0	0.0	0.919239904988	0.0	0.0	0.0	0.913895486936
0.280783832073	0.0	0.0	0.0	0.919239904988	0.0	0.0	0.0	0.913895486936
0.339261263609	0.0	0.0	0.0	0.919239904988	0.0	0.0	0.0	0.913895486936
0.351247906685	0.0	0.0	0.0	0.919239904988	0.0	0.0	0.0	0.913895486936
0.307656824589	0.0	0.0	0.0	0.919239904988	0.0	0.0	0.0	0.913895486936
0.331066101789	0.0	0.0	0.0	0.919239904988	0.0	0.0	0.0	0.913895486936
0.186564236879	0.0	0.0	0.0	0.919239904988	0.0	0.0	0.0	0.913895486936
0.319051682949	0.0	0.0	0.0	0.919239904988	0.0	0.0	0.0	0.913895486936
0.451815694571	0.0	0.0	0.0	0.919239904988	0.0	0.0	0.0	0.913895486936
0.374457120895	0.0	0.0	0.0	0.919239904988	0.0	0.0	0.0	0.913895486936
0.45465657115	0.0	0.0	0.0	0.919239904988	0.0	0.0	0.0	0.913895486936
0.427874922752	0.0	0.0	0.0	0.919239904988	0.0	0.0	0.0	0.913895486936
0.359179317951	0.0	0.0	0.0	0.919239904988	0.0	0.0	0.0	0.913895486936
0.245487868786	0.0	0.0	0.0	0.919239904988	0.0	0.0	0.0	0.913895486936
0.828337669373	0.0	0.0	0.0	0.919239904988	0.0	0.0	0.0	0.913895486936
0.281299322844	0.0	0.0	0.0	0.916864608076	0.0	0.0	0.0	0.913895486936
0.275000870228	0.0	0.0	0.0	0.919239904988	0.0	0.0	0.0	0.913895486936
0.261071711779	0.0	0.0	0.0	0.916864608076	0.0	0.0	0.0	0.913895486936
0.163646921515	0.0	0.0	0.0	0.916864608076	0.0	0.0	0.0	0.913895486936
0.34394288063	0.0	0.0	0.0	0.919239904988	0.0	0.0	0.0	0.913895486936
0.186296015978	0.0	0.9999900001	0.0	0.916864608076	0.0136984922124	0.9999900001	0.00689655124851	0.914489311164
0.302519798279	0.0	0.9999900001	0.0	0.916864608076	0.0136984922124	0.9999900001	0.00689655124851	0.914489311164
0.502114236355	0.0	0.9999900001	0.0	0.916864608076	0.0136984922124	0.9999900001	0.00689655124851	0.914489311164
