cnn_hidden_size	(80, 40)
loss_weights	[0.32500000000000007, 0.6749999999999999]
lr	7.47759172143e-06
0.742129147053	0.1472375338	0.0856672151098	0.774193298647	0.339667458432	0.152714653909	0.0856672151098	0.702702655223	0.314726840855
0.687608897686	0.166661716965	0.1005586536	0.193548324662	0.857482185273	0.110086781545	0.1005586536	0.121621613404	0.827197149644
0.572612643242	0.0487767760063	0.0617283874409	0.0322580541103	0.907363420428	0.0436635469403	0.0617283874409	0.0337837815011	0.869952494062
0.561640918255	0.0	0.0	0.0	0.9216152019	0.0	0.0	0.0	0.903800475059
0.555427312851	0.0	0.0	0.0	0.923990498812	0.0	0.0	0.0	0.905581947743
0.542696118355	0.0	0.0	0.0	0.926365795724	0.0	0.0	0.0	0.90973871734
0.57280164957	0.0	0.0	0.0	0.926365795724	0.0	0.0	0.0	0.90973871734
0.533417403698	0.0	0.0	0.0	0.926365795724	0.0	0.0	0.0	0.911520190024
0.471619725227	0.0	0.0	0.0	0.926365795724	0.0	0.0	0.0	0.911520190024
0.331540346146	0.0	0.0	0.0	0.926365795724	0.0	0.0	0.0	0.912114014252
0.386470496655	0.0	0.0	0.0	0.926365795724	0.0	0.0	0.0	0.912114014252
0.4782795012	0.0	0.0	0.0	0.926365795724	0.0	0.0	0.0	0.912114014252
0.479395210743	0.0	0.0	0.0	0.926365795724	0.0	0.0	0.0	0.912114014252
0.400623887777	0.0	0.0	0.0	0.926365795724	0.0	0.0	0.0	0.912114014252
0.763846457005	0.0	0.0	0.0	0.926365795724	0.0	0.0	0.0	0.912114014252
0.298811048269	0.0	0.0	0.0	0.926365795724	0.0	0.0	0.0	0.912114014252
0.188660204411	0.0	0.0	0.0	0.926365795724	0.0	0.0	0.0	0.912114014252
0.367649435997	0.0	0.0	0.0	0.926365795724	0.0	0.0	0.0	0.912114014252
0.268792659044	0.0	0.0	0.0	0.926365795724	0.0	0.0	0.0	0.912114014252
0.725939333439	0.0	0.0	0.0	0.926365795724	0.0	0.0	0.0	0.912114014252
0.476631045341	0.0	0.0	0.0	0.926365795724	0.0	0.0	0.0	0.912114014252
0.379002630711	0.0	0.0	0.0	0.926365795724	0.0	0.0	0.0	0.912114014252
0.274659603834	0.0	0.0	0.0	0.926365795724	0.0	0.0	0.0	0.912114014252
0.4709174335	0.0	0.0	0.0	0.926365795724	0.0	0.0	0.0	0.912114014252
0.44249984622	0.0	0.0	0.0	0.926365795724	0.0	0.0	0.0	0.912114014252
0.524667263031	0.0	0.0	0.0	0.926365795724	0.0	0.0	0.0	0.912114014252
0.300018131733	0.0	0.0	0.0	0.926365795724	0.0	0.0	0.0	0.912114014252
0.270842760801	0.0	0.0	0.0	0.926365795724	0.0	0.0	0.0	0.912114014252
0.478313446045	0.0	0.0	0.0	0.926365795724	0.0	0.0	0.0	0.912114014252
0.607186079025	0.0	0.0	0.0	0.926365795724	0.0	0.0	0.0	0.912114014252
0.436915814877	0.0	0.0	0.0	0.926365795724	0.0	0.0	0.0	0.912114014252
0.432241678238	0.0	0.0	0.0	0.926365795724	0.0	0.0	0.0	0.912114014252
0.62240844965	0.0	0.0	0.0	0.926365795724	0.0	0.0	0.0	0.912114014252
0.272542029619	0.0	0.0	0.0	0.926365795724	0.0	0.0	0.0	0.912114014252
0.379668653011	0.0	0.0	0.0	0.926365795724	0.0	0.0	0.0	0.912114014252
0.390027374029	0.0	0.0	0.0	0.926365795724	0.0	0.0	0.0	0.912114014252
0.41395586729	0.0	0.0	0.0	0.926365795724	0.0	0.0	0.0	0.912114014252
0.290518939495	0.0	0.0	0.0	0.926365795724	0.0	0.0	0.0	0.912114014252
0.353584617376	0.0	0.0	0.0	0.926365795724	0.0	0.0	0.0	0.912114014252
0.48548656702	0.0	0.0	0.0	0.926365795724	0.0	0.0	0.0	0.912114014252
