cnn_hidden_size	(60, 30)
loss_weights	[0.35, 0.65]
lr	2.27048775579e-05
0.687967598438	0.169011069285	0.0903732791675	0.461538284024	0.719714964371	0.138969251512	0.0903732791675	0.300653575121	0.661520190024
0.528148233891	0.0	0.0	0.0	0.938242280285	0.0	0.0	0.0	0.907957244656
0.489946395159	0.0	0.0	0.0	0.938242280285	0.0	0.0	0.0	0.908551068884
0.580775380135	0.0	0.0	0.0	0.938242280285	0.0	0.0	0.0	0.908551068884
0.381605774164	0.0	0.0	0.0	0.938242280285	0.0	0.0	0.0	0.909144893112
0.474705725908	0.0	0.0	0.0	0.938242280285	0.0	0.0	0.0	0.909144893112
0.339494526386	0.0	0.0	0.0	0.938242280285	0.0	0.0	0.0	0.909144893112
0.346356511116	0.0	0.0	0.0	0.938242280285	0.0	0.0	0.0	0.909144893112
0.328334450722	0.0	0.0	0.0	0.938242280285	0.0	0.0	0.0	0.909144893112
0.751082181931	0.0	0.0	0.0	0.938242280285	0.0	0.0	0.0	0.909144893112
0.269899249077	0.0	0.0	0.0	0.938242280285	0.0	0.0	0.0	0.909144893112
0.324663102627	0.0	0.0	0.0	0.938242280285	0.0	0.0	0.0	0.909144893112
0.420336812735	0.0	0.0	0.0	0.938242280285	0.0	0.0	0.0	0.909144893112
0.378424972296	0.0	0.0	0.0	0.938242280285	0.0	0.0	0.0	0.909144893112
0.334586918354	0.0	0.0	0.0	0.938242280285	0.0	0.0	0.0	0.909144893112
0.443864107132	0.0	0.0	0.0	0.938242280285	0.0	0.0	0.0	0.909144893112
0.40133985877	0.0	0.0	0.0	0.938242280285	0.0	0.0	0.0	0.909144893112
0.241394683719	0.0	0.0	0.0	0.938242280285	0.0	0.0	0.0	0.909144893112
0.406307250261	0.0	0.0	0.0	0.938242280285	0.0	0.0	0.0	0.909144893112
0.487205386162	0.0	0.0	0.0	0.938242280285	0.0	0.0	0.0	0.909144893112
0.357953667641	0.0	0.0	0.0	0.938242280285	0.0	0.0	0.0	0.909144893112
0.464323699474	0.0	0.0	0.0	0.938242280285	0.0	0.0	0.0	0.909144893112
0.360730946064	0.0	0.0	0.0	0.938242280285	0.0	0.0	0.0	0.909144893112
0.65397644043	0.0	0.0	0.0	0.938242280285	0.0	0.0	0.0	0.909144893112
0.696674823761	0.0	0.0	0.0	0.938242280285	0.0	0.0	0.0	0.909144893112
0.417124211788	0.0	0.0	0.0	0.938242280285	0.0	0.0	0.0	0.909144893112
0.339369893074	0.0	0.0	0.0	0.938242280285	0.0	0.0	0.0	0.909144893112
0.243937000632	0.0	0.0	0.0	0.938242280285	0.0	0.0	0.0	0.909144893112
0.319877833128	0.0	0.0	0.0	0.938242280285	0.0	0.0	0.0	0.909144893112
0.464307039976	0.0	0.0	0.0	0.938242280285	0.0	0.0	0.0	0.909144893112
0.65731805563	0.0	0.0	0.0	0.938242280285	0.0	0.0	0.0	0.909144893112
0.227210372686	0.0	0.0	0.0	0.938242280285	0.0	0.0	0.0	0.909144893112
0.305098265409	0.0	0.0	0.0	0.938242280285	0.0	0.0	0.0	0.909144893112
0.477951914072	0.0	0.0	0.0	0.938242280285	0.0	0.0	0.0	0.909144893112
0.166091248393	0.0	0.0	0.0	0.938242280285	0.0	0.0	0.0	0.909144893112
0.335728943348	0.0	0.0	0.0	0.938242280285	0.0	0.0	0.0	0.909144893112
0.477409958839	0.0	0.0	0.0	0.938242280285	0.0	0.0	0.0	0.909144893112
0.568748176098	0.0	0.0	0.0	0.938242280285	0.0	0.0	0.0	0.909144893112
0.485228210688	0.0	0.0	0.0	0.938242280285	0.0	0.0	0.0	0.909144893112
0.673381686211	0.0	0.0	0.0	0.938242280285	0.0	0.0	0.0	0.909144893112
