cnn_hidden_size	(60, 30)
loss_weights	[0.30000000000000004, 0.7]
lr	0.000528228471812
0.691487073898	0.0	0.0303030211203	0.0	0.885985748219	0.0117615766099	0.0303030211203	0.0072992695402	0.900237529691
0.319218367338	0.0	0.0	0.0	0.900237529691	0.0	0.0	0.0	0.91864608076
0.453692317009	0.0	0.0	0.0	0.900237529691	0.0	0.0	0.0	0.91864608076
0.382763803005	0.0	0.0	0.0	0.900237529691	0.0	0.0	0.0	0.91864608076
0.59949451685	0.0	0.0	0.0	0.900237529691	0.0	0.0	0.0	0.91864608076
0.12172818929	0.0	0.9999900001	0.0	0.900237529691	0.0144926076455	0.9999900001	0.0072992695402	0.919239904988
0.371183484793	0.0	0.538461124261	0.0	0.883610451306	0.0933317378037	0.538461124261	0.0510948867814	0.919239904988
0.290892124176	0.0	0.9999900001	0.0	0.900237529691	0.0144926076455	0.9999900001	0.0072992695402	0.919239904988
0.302789151669	0.0	0.0	0.0	0.900237529691	0.0	0.0	0.0	0.91864608076
0.262410789728	0.0	0.714284693879	0.0	0.900237529691	0.0694435098492	0.714284693879	0.036496347701	0.920427553444
0.230823397636	0.0	0.857141632655	0.0	0.900237529691	0.083332396807	0.857141632655	0.0437956172412	0.9216152019
0.426550090313	0.0	0.899999100001	0.0	0.897862232779	0.122447694954	0.899999100001	0.0656934258618	0.923396674584
0.408868640661	0.0	0.545454049587	0.0	0.897862232779	0.0810796941422	0.545454049587	0.0437956172412	0.919239904988
0.395230740309	0.0312454791666	0.440860167649	0.0238095181406	0.852731591449	0.35651689118	0.440860167649	0.299270051148	0.912114014252
0.347589880228	0.0	0.999996666678	0.0	0.900237529691	0.0428567173497	0.999996666678	0.0218978086206	0.920427553444
0.474253416061	0.0	0.999996666678	0.0	0.900237529691	0.0428567173497	0.999996666678	0.0218978086206	0.920427553444
0.556335389614	0.0	0.818181074381	0.0	0.897862232779	0.121620229196	0.818181074381	0.0656934258618	0.922802850356
0.346874386072	0.0689614984472	0.548387008325	0.0476190362812	0.871733966746	0.341704218634	0.548387008325	0.248175164367	0.922209026128
0.357524842024	0.0	0.833332638889	0.0	0.895486935867	0.134226688903	0.833332638889	0.072992695402	0.923396674584
0.307240515947	0.0338941918201	0.560975541344	0.0238095181406	0.86460807601	0.420086601249	0.560975541344	0.335766398849	0.92458432304
0.228009104729	0.0399972961788	0.793103174792	0.0238095181406	0.885985748219	0.277105516795	0.793103174792	0.167883199425	0.928741092637
0.503325283527	0.0689614984472	0.540540467495	0.0476190362812	0.871733966746	0.379142329293	0.540540467495	0.291970781608	0.922209026128
0.270151466131	0.0799972800885	0.639999744	0.0476190362812	0.890736342043	0.197528229724	0.639999744	0.116788312643	0.922802850356
0.352443397045	0.112671192431	0.549999945	0.0952380725624	0.850356294537	0.464130103845	0.549999945	0.401459824711	0.92458432304
0.129728987813	0.0689614984472	0.637930924495	0.0476190362812	0.871733966746	0.379482961256	0.637930924495	0.270072972987	0.928147268409
0.220058530569	0.0714247961143	0.666666518519	0.0476190362812	0.87648456057	0.329666571108	0.666666518519	0.218978086206	0.927553444181
0.273061573505	0.161285900222	0.629629551898	0.119047590703	0.87648456057	0.467885195316	0.629629551898	0.37226274655	0.931116389549
0.195171713829	0.0799972800885	0.864864631118	0.0476190362812	0.890736342043	0.36781270118	0.864864631118	0.233576625286	0.934679334917
0.355691492558	0.112671192431	0.516128990635	0.0952380725624	0.850356294537	0.490416430814	0.516128990635	0.467153250573	0.921021377672
0.238514050841	0.0	0.880952171202	0.0	0.87648456057	0.413404183421	0.880952171202	0.270072972987	0.937648456057
0.303789168596	0.137926991792	0.739999852	0.0952380725624	0.881235154394	0.395717965093	0.739999852	0.270072972987	0.932897862233
0.149140417576	0.0754683803486	0.666666565657	0.0476190362812	0.883610451306	0.433493105919	0.666666565657	0.321167859769	0.931710213777
0.368448853493	0.0392127645352	0.82499979375	0.0238095181406	0.883610451306	0.372877815475	0.82499979375	0.240875894827	0.934085510689
0.195926591754	0.12631083011	0.465517214625	0.142857108844	0.802850356295	0.520895358862	0.465517214625	0.591240832756	0.911520190024
0.188814356923	0.0869517330901	0.588784991702	0.0714285544218	0.850356294537	0.516388475927	0.588784991702	0.459853981033	0.929928741093
0.44373190403	0.114280881834	0.651785656091	0.0952380725624	0.852731591449	0.586340384874	0.651785656091	0.532846676435	0.938836104513
0.140174135566	0.107139069008	0.830508333812	0.0714285544218	0.881235154394	0.499995740872	0.830508333812	0.35766420747	0.941805225653
0.447636902332	0.0399972961788	0.781818039669	0.0238095181406	0.885985748219	0.447912532047	0.781818039669	0.313868590229	0.937054631829
0.15199559927	0.0779170993204	0.636363572084	0.0714285544218	0.83135391924	0.533893389516	0.636363572084	0.459853981033	0.934679334917
0.137009844184	0.0869517330901	0.677419281998	0.0714285544218	0.850356294537	0.547821222349	0.677419281998	0.459853981033	0.938242280285
