cnn_hidden_size	(60, 30)
loss_weights	[0.2250000000000001, 0.7749999999999999]
lr	1.96250932084e-05
0.712810575962	0.165287504666	0.0947761186957	0.857142612245	0.280285035629	0.171157274976	0.0947761186957	0.881944383198	0.269596199525
0.557347714901	0.0	0.0714285204082	0.0	0.914489311164	0.0126566113252	0.0714285204082	0.00694444396219	0.907363420428
0.631951272488	0.0	0.0	0.0	0.914489311164	0.0	0.0	0.0	0.907957244656
0.473832607269	0.0	0.0	0.0	0.916864608076	0.0	0.0	0.0	0.913301662708
0.559837341309	0.0	0.0	0.0	0.916864608076	0.0	0.0	0.0	0.913301662708
0.488855570555	0.0	0.0	0.0	0.916864608076	0.0	0.0	0.0	0.913895486936
0.476186543703	0.0	0.0	0.0	0.916864608076	0.0	0.0	0.0	0.913895486936
0.46527799964	0.0	0.0	0.0	0.916864608076	0.0	0.0	0.0	0.913895486936
0.671569108963	0.0	0.0	0.0	0.916864608076	0.0	0.0	0.0	0.913895486936
0.639263033867	0.0	0.0	0.0	0.916864608076	0.0	0.0	0.0	0.913895486936
0.560725390911	0.0	0.0	0.0	0.916864608076	0.0	0.0	0.0	0.913895486936
0.534774363041	0.0	0.0	0.0	0.916864608076	0.0	0.0	0.0	0.913895486936
0.505311667919	0.0	0.0	0.0	0.916864608076	0.0	0.0	0.0	0.913895486936
0.24111789465	0.0	0.0	0.0	0.916864608076	0.0	0.0	0.0	0.913895486936
0.647899627686	0.0	0.0	0.0	0.916864608076	0.0	0.0	0.0	0.913895486936
0.517762482166	0.0	0.0	0.0	0.916864608076	0.0	0.0	0.0	0.914489311164
0.458418220282	0.0	0.0	0.0	0.916864608076	0.0	0.0	0.0	0.914489311164
0.382227927446	0.0	0.0	0.0	0.916864608076	0.0	0.0	0.0	0.914489311164
0.475820541382	0.0	0.0	0.0	0.916864608076	0.0	0.0	0.0	0.914489311164
0.590273499489	0.0	0.0	0.0	0.916864608076	0.0	0.0	0.0	0.914489311164
0.493939518929	0.0	0.0	0.0	0.916864608076	0.0	0.0	0.0	0.914489311164
0.626896977425	0.0	0.0	0.0	0.916864608076	0.0	0.0	0.0	0.914489311164
0.467577666044	0.0	0.0	0.0	0.916864608076	0.0	0.0	0.0	0.914489311164
0.478523373604	0.0	0.0	0.0	0.916864608076	0.0	0.0	0.0	0.914489311164
0.523296952248	0.0	0.0	0.0	0.916864608076	0.0	0.0	0.0	0.914489311164
0.507915556431	0.0	0.0	0.0	0.916864608076	0.0	0.0	0.0	0.914489311164
0.513283789158	0.0	0.0	0.0	0.916864608076	0.0	0.0	0.0	0.914489311164
0.533732414246	0.0	0.0	0.0	0.916864608076	0.0	0.0	0.0	0.914489311164
0.546116769314	0.0	0.0	0.0	0.916864608076	0.0	0.0	0.0	0.914489311164
0.422410517931	0.0	0.0	0.0	0.916864608076	0.0	0.0	0.0	0.914489311164
0.625230669975	0.0	0.0	0.0	0.916864608076	0.0	0.0	0.0	0.914489311164
0.635283708572	0.0	0.0	0.0	0.916864608076	0.0	0.0	0.0	0.914489311164
0.418528050184	0.0	0.0	0.0	0.916864608076	0.0	0.0	0.0	0.914489311164
0.357933104038	0.0	0.0	0.0	0.916864608076	0.0	0.0	0.0	0.914489311164
0.419624894857	0.0	0.0	0.0	0.916864608076	0.0	0.0	0.0	0.914489311164
0.498594373465	0.0	0.0	0.0	0.916864608076	0.0	0.0	0.0	0.914489311164
0.566398859024	0.0	0.0	0.0	0.916864608076	0.0	0.0	0.0	0.914489311164
0.717855453491	0.0	0.0	0.0	0.916864608076	0.0	0.0	0.0	0.914489311164
0.675526499748	0.0	0.0	0.0	0.916864608076	0.0	0.0	0.0	0.914489311164
0.653717935085	0.0	0.0	0.0	0.916864608076	0.0	0.0	0.0	0.914489311164
