cnn_hidden_size	(80, 40)
loss_weights	[0.275, 0.725]
lr	6.18205206413e-05
0.740568995476	0.163156086169	0.0822222216132	0.815789259003	0.244655581948	0.148891645695	0.0822222216132	0.787233986721	0.246437054632
0.330489784479	0.0	0.0	0.0	0.90973871734	0.0	0.0	0.0	0.916270783848
0.461025595665	0.0	0.0	0.0	0.90973871734	0.0	0.0	0.0	0.916270783848
0.550147473812	0.0	0.0	0.0	0.90973871734	0.0	0.0	0.0	0.916270783848
0.378022432327	0.0	0.0	0.0	0.90973871734	0.0	0.0	0.0	0.916270783848
0.415104359388	0.0	0.0	0.0	0.90973871734	0.0	0.0	0.0	0.916270783848
0.426483303308	0.0	0.0	0.0	0.90973871734	0.0	0.0	0.0	0.916270783848
0.758850097656	0.0	0.0	0.0	0.90973871734	0.0	0.0	0.0	0.916270783848
0.444252341986	0.0	0.0	0.0	0.90973871734	0.0	0.0	0.0	0.916270783848
0.300478935242	0.0	0.0	0.0	0.90973871734	0.0	0.0	0.0	0.916270783848
0.609669208527	0.0	0.0	0.0	0.90973871734	0.0	0.0	0.0	0.916270783848
0.293259233236	0.0	0.0	0.0	0.90973871734	0.0	0.0	0.0	0.916270783848
0.541737139225	0.0	0.0	0.0	0.90973871734	0.0	0.0	0.0	0.916270783848
0.353563934565	0.0	0.0	0.0	0.90973871734	0.0	0.0	0.0	0.916270783848
0.547712445259	0.0	0.0	0.0	0.90973871734	0.0	0.0	0.0	0.916270783848
0.22336345911	0.0	0.0	0.0	0.90973871734	0.0	0.0	0.0	0.916270783848
0.734762191772	0.0	0.0	0.0	0.90973871734	0.0	0.0	0.0	0.916270783848
0.305623829365	0.0	0.0	0.0	0.90973871734	0.0	0.0	0.0	0.916270783848
0.61261087656	0.0	0.0	0.0	0.90973871734	0.0	0.0	0.0	0.916270783848
0.480827540159	0.0	0.0	0.0	0.90973871734	0.0	0.0	0.0	0.916270783848
0.55733025074	0.0	0.0	0.0	0.90973871734	0.0	0.0	0.0	0.916270783848
0.192261174321	0.0	0.0	0.0	0.90973871734	0.0	0.0	0.0	0.916270783848
0.819131672382	0.0	0.0	0.0	0.90973871734	0.0	0.0	0.0	0.916270783848
0.335106879473	0.0	0.0	0.0	0.90973871734	0.0	0.0	0.0	0.916270783848
0.383442431688	0.0	0.0	0.0	0.90973871734	0.0	0.0	0.0	0.916270783848
0.410399705172	0.0	0.0	0.0	0.90973871734	0.0	0.0	0.0	0.916270783848
0.162896201015	0.0	0.0	0.0	0.90973871734	0.0	0.0	0.0	0.916270783848
0.40130674839	0.0	0.0	0.0	0.90973871734	0.0	0.0	0.0	0.916270783848
0.447431892157	0.0	0.9999900001	0.0	0.90973871734	0.0140843652053	0.9999900001	0.00709219807857	0.916864608076
0.512547791004	0.0	0.9999900001	0.0	0.90973871734	0.0140843652053	0.9999900001	0.00709219807857	0.916864608076
0.614801108837	0.0	0.999995000025	0.0	0.90973871734	0.0279717482531	0.999995000025	0.0141843961571	0.917458432304
0.366507649422	0.0	0.999995000025	0.0	0.90973871734	0.0279717482531	0.999995000025	0.0141843961571	0.917458432304
0.673425137997	0.0	0.0	0.0	0.90973871734	0.0	0.0	0.0	0.916270783848
0.216489419341	0.0	0.999996666678	0.0	0.90973871734	0.0416662528962	0.999996666678	0.0212765942357	0.918052256532
0.685994565487	0.0	0.999996666678	0.0	0.90973871734	0.0416662528962	0.999996666678	0.0212765942357	0.918052256532
0.420684367418	0.0	0.999995000025	0.0	0.90973871734	0.0279717482531	0.999995000025	0.0141843961571	0.917458432304
0.397047221661	0.0	0.999996666678	0.0	0.90973871734	0.0416662528962	0.999996666678	0.0212765942357	0.918052256532
0.389859229326	0.0	0.999996666678	0.0	0.90973871734	0.0416662528962	0.999996666678	0.0212765942357	0.918052256532
0.312787622213	0.0975595716988	0.999997500006	0.052631565097	0.912114014252	0.0551718696829	0.999997500006	0.0283687923143	0.91864608076
0.304871559143	0.0512815253126	0.999996666678	0.0263157825485	0.912114014252	0.0416662528962	0.999996666678	0.0212765942357	0.918052256532
