cnn_hidden_size	(40, 20)
loss_weights	[0.2250000000000001, 0.7749999999999999]
lr	1.6813042706e-06
0.687131404877	0.156519025755	0.0683506676322	0.486486355004	0.53919239905	0.112880555367	0.0683506676322	0.323943639159	0.570665083135
0.666229426861	0.17020958641	0.0677290823162	0.432432315559	0.62945368171	0.105586621384	0.0677290823162	0.239436602857	0.657957244656
0.695645868778	0.147235736468	0.0696629197829	0.324324236669	0.669833729216	0.10561813455	0.0696629197829	0.218309843781	0.688242280285
0.655747175217	0.137926666308	0.0684039065666	0.216216157779	0.762470308789	0.0935368739257	0.0684039065666	0.147887313529	0.758313539192
0.675936877728	0.115380009428	0.0641509409754	0.162162118335	0.781472684086	0.0835335363384	0.0641509409754	0.119718301428	0.778503562945
0.640405476093	0.0779170655922	0.0384615359961	0.0810810591673	0.83135391924	0.0402634653268	0.0384615359961	0.0422535181512	0.830166270784
0.667681396008	0.0555505444307	0.0312499975586	0.0540540394449	0.838479809976	0.029624641717	0.0312499975586	0.0281690121008	0.844418052257
0.656589210033	0.0357097901032	0.0298507418133	0.0270270197224	0.871733966746	0.0191343990132	0.0298507418133	0.0140845060504	0.878266033254
0.660454213619	0.0384574190765	0.0178571396684	0.0270270197224	0.881235154394	0.0100969539802	0.0178571396684	0.00704225302519	0.883610451306
0.693322956562	0.0	0.0277777700617	0.0	0.883610451306	0.0112327278545	0.0277777700617	0.00704225302519	0.895486935867
0.706551015377	0.0	0.0294117560554	0.0	0.888361045131	0.0113605186747	0.0294117560554	0.00704225302519	0.896674584323
0.64649528265	0.0	0.0384615236686	0.0	0.902612826603	0.0119021448486	0.0384615236686	0.00704225302519	0.901425178147
0.590581595898	0.0	0.0416666493056	0.0	0.902612826603	0.0120457183181	0.0416666493056	0.00704225302519	0.902612826603
0.661072671413	0.0	0.0555555246914	0.0	0.907363420428	0.0124980018807	0.0555555246914	0.00704225302519	0.906175771971
0.54204839468	0.0	0.0555555246914	0.0	0.907363420428	0.0124980018807	0.0555555246914	0.00704225302519	0.906175771971
0.656692445278	0.0	0.0714285204082	0.0	0.907363420428	0.0128188775906	0.0714285204082	0.00704225302519	0.908551068884
0.586675345898	0.0	0.0833332638889	0.0	0.90973871734	0.0129855744539	0.0833332638889	0.00704225302519	0.90973871734
0.634055376053	0.0	0.12499984375	0.0	0.90973871734	0.0133323218532	0.12499984375	0.00704225302519	0.912114014252
0.61722433567	0.0	0.12499984375	0.0	0.90973871734	0.0133323218532	0.12499984375	0.00704225302519	0.912114014252
0.605664432049	0.0	0.0	0.0	0.90973871734	0.0	0.0	0.0	0.911520190024
0.682716608047	0.0	0.0	0.0	0.90973871734	0.0	0.0	0.0	0.911520190024
0.610064268112	0.0	0.0	0.0	0.90973871734	0.0	0.0	0.0	0.912114014252
0.622869670391	0.0	0.0	0.0	0.90973871734	0.0	0.0	0.0	0.912114014252
0.627211868763	0.0	0.0	0.0	0.90973871734	0.0	0.0	0.0	0.91270783848
0.589411020279	0.0	0.0	0.0	0.90973871734	0.0	0.0	0.0	0.91270783848
0.523655474186	0.0	0.0	0.0	0.90973871734	0.0	0.0	0.0	0.91270783848
0.683622658253	0.0	0.0	0.0	0.90973871734	0.0	0.0	0.0	0.91270783848
0.69742846489	0.0	0.0	0.0	0.90973871734	0.0	0.0	0.0	0.914489311164
0.666102349758	0.0	0.0	0.0	0.90973871734	0.0	0.0	0.0	0.914489311164
0.682964742184	0.0	0.0	0.0	0.90973871734	0.0	0.0	0.0	0.915083135392
0.589342176914	0.0	0.0	0.0	0.90973871734	0.0	0.0	0.0	0.915083135392
0.46341073513	0.0	0.0	0.0	0.90973871734	0.0	0.0	0.0	0.915083135392
0.626914799213	0.0	0.0	0.0	0.90973871734	0.0	0.0	0.0	0.915083135392
0.663473367691	0.0	0.0	0.0	0.90973871734	0.0	0.0	0.0	0.915083135392
0.522057831287	0.0	0.0	0.0	0.90973871734	0.0	0.0	0.0	0.915083135392
0.456971585751	0.0	0.0	0.0	0.90973871734	0.0	0.0	0.0	0.915083135392
0.593475401402	0.0	0.0	0.0	0.90973871734	0.0	0.0	0.0	0.915083135392
0.573374271393	0.0	0.0	0.0	0.912114014252	0.0	0.0	0.0	0.915083135392
0.63121008873	0.0	0.0	0.0	0.912114014252	0.0	0.0	0.0	0.915083135392
0.388024866581	0.0	0.0	0.0	0.912114014252	0.0	0.0	0.0	0.915083135392
