cnn_hidden_size	(80, 40)
loss_weights	[0.35, 0.65]
lr	0.000266511674906
0.753760933876	0.175569762003	0.0805523581064	0.534883596539	0.486935866983	0.139301139635	0.0805523581064	0.514705844507	0.486342042755
0.368838518858	0.0	0.0	0.0	0.897862232779	0.0	0.0	0.0	0.919239904988
0.227515682578	0.0	0.0	0.0	0.897862232779	0.0	0.0	0.0	0.919239904988
0.441830843687	0.0	0.0	0.0	0.897862232779	0.0	0.0	0.0	0.919239904988
0.229935228825	0.0	0.0	0.0	0.897862232779	0.0	0.0	0.0	0.919239904988
0.804483532906	0.0	0.0	0.0	0.897862232779	0.0	0.0	0.0	0.919239904988
0.436650067568	0.0	0.0	0.0	0.897862232779	0.0	0.0	0.0	0.919239904988
0.337203741074	0.0	0.0	0.0	0.897862232779	0.0	0.0	0.0	0.919239904988
0.410013437271	0.0	0.0	0.0	0.897862232779	0.0	0.0	0.0	0.919239904988
0.464662402868	0.0	0.0	0.0	0.897862232779	0.0	0.0	0.0	0.919239904988
0.429921716452	0.0	0.0	0.0	0.897862232779	0.0	0.0	0.0	0.919239904988
0.573559820652	0.0	0.0	0.0	0.897862232779	0.0	0.0	0.0	0.919239904988
0.426793813705	0.0	0.466666355556	0.0	0.893111638955	0.0927134301464	0.466666355556	0.0514705844507	0.91864608076
0.341086298227	0.0	0.9999900001	0.0	0.897862232779	0.014598393095	0.9999900001	0.00735294063581	0.919833729216
0.23079931736	0.0	0.9999900001	0.0	0.897862232779	0.014598393095	0.9999900001	0.00735294063581	0.919833729216
0.28251388669	0.0	0.499997500012	0.0	0.897862232779	0.0144924658728	0.499997500012	0.00735294063581	0.919239904988
0.399827033281	0.0399975761429	0.562499648438	0.0232558085452	0.885985748219	0.118419153422	0.562499648438	0.0661764657223	0.920427553444
0.386836290359	0.0	0.9999900001	0.0	0.897862232779	0.014598393095	0.9999900001	0.00735294063581	0.919833729216
0.276652365923	0.0	0.666666111112	0.0	0.893111638955	0.10810660338	0.666666111112	0.0588235250865	0.9216152019
0.315414488316	0.0	0.999995000025	0.0	0.895486935867	0.0289852173928	0.999995000025	0.0147058812716	0.920427553444
0.406019002199	0.0	0.714284693879	0.0	0.893111638955	0.069929129064	0.714284693879	0.0367647031791	0.921021377672
0.207687094808	0.0	0.624999804688	0.0	0.881235154394	0.23809212589	0.624999804688	0.147058812716	0.923990498812
0.330744445324	0.0	0.499997500012	0.0	0.897862232779	0.0144924658728	0.499997500012	0.00735294063581	0.919239904988
0.424769103527	0.0434770227152	0.642856683674	0.0232558085452	0.895486935867	0.119998291579	0.642856683674	0.0661764657223	0.9216152019
0.46643820405	0.0	0.666666349207	0.0	0.893111638955	0.17834160902	0.666666349207	0.102941168901	0.923396674584
0.397715032101	0.0	0.727272066116	0.0	0.888361045131	0.108842138015	0.727272066116	0.0588235250865	0.922209026128
0.238572821021	0.0	0.624999218751	0.0	0.895486935867	0.0694433854314	0.624999218751	0.0367647031791	0.920427553444
0.365224659443	0.0	0.818181074381	0.0	0.895486935867	0.122447578339	0.818181074381	0.0661764657223	0.923396674584
0.267440497875	0.0399975761429	0.696969485767	0.0232558085452	0.885985748219	0.272186174189	0.696969485767	0.169117634624	0.926959619952
0.4051001966	0.166662550098	0.614285626531	0.116279042726	0.881235154394	0.417471200915	0.614285626531	0.31617644734	0.928741092637
0.220082432032	0.0	0.777776913581	0.0	0.895486935867	0.0965505465053	0.777776913581	0.0514705844507	0.922209026128
0.441457331181	0.0	0.742856930612	0.0	0.883610451306	0.304090276017	0.742856930612	0.191176456531	0.929334916865
0.407705038786	0.04255161617	0.749999732143	0.0232558085452	0.893111638955	0.256094698127	0.749999732143	0.154411753352	0.927553444181
0.134994149208	0.0	0.79999968	0.0	0.888361045131	0.248444550777	0.79999968	0.147058812716	0.928147268409
0.282529175282	0.137927152306	0.604938196921	0.0930232341806	0.881235154394	0.451608182851	0.604938196921	0.360294091155	0.929334916865
0.224867850542	0.0	0.68627437524	0.0	0.883610451306	0.374327543866	0.68627437524	0.257352922253	0.930522565321
0.293417066336	0.0	0.764705432526	0.0	0.895486935867	0.169932643023	0.764705432526	0.0955882282656	0.92458432304
0.34301880002	0.0	0.882352422146	0.0	0.895486935867	0.196076430452	0.882352422146	0.110294109537	0.926959619952
0.218651786447	0.133329227901	0.648648560993	0.0930232341806	0.87648456057	0.457138249479	0.648648560993	0.352941150519	0.932304038005
0.22689114511	0.0392130259359	0.853658328376	0.0232558085452	0.883610451306	0.395476621692	0.853658328376	0.257352922253	0.936460807601
