cnn_hidden_size	(80, 40)
loss_weights	[0.050000000000000044, 0.95]
lr	1.49263183092e-05
0.708784878254	0.146338251107	0.159999968	0.0909090633609	0.916864608076	0.0816288444083	0.159999968	0.0547945167949	0.893111638955
0.701586723328	0.177773093948	0.145038162403	0.242424168962	0.824228028504	0.186269904958	0.145038162403	0.260273954776	0.802850356295
0.742737531662	0.15172060127	0.130522085732	0.333333232323	0.70783847981	0.201859841599	0.130522085732	0.445205448959	0.694774346793
0.662698030472	0.163840108064	0.098009187611	0.878787612489	0.296912114014	0.176306728726	0.098009187611	0.876712268718	0.289786223278
0.666922926903	0.153844548279	0.0944767434994	0.878787612489	0.242280285036	0.170826121363	0.0944767434994	0.890410897917	0.250593824228
0.689024865627	0.149252216915	0.0964432277945	0.909090633609	0.187648456057	0.175371481121	0.0964432277945	0.96575335851	0.212589073634
0.697022378445	0.150119587747	0.0941883761243	0.939393654729	0.166270783848	0.171635627553	0.0941883761243	0.96575335851	0.191805225653
0.655576467514	0.150941953667	0.0914907223833	0.969696675849	0.144893111639	0.167347762512	0.0914907223833	0.979451987709	0.154988123515
0.584913551807	0.149182722124	0.0910240196522	0.969696675849	0.133016627078	0.166665117711	0.0910240196522	0.986301302308	0.144893111639
0.653380513191	0.150340288409	0.0898946057663	0.99999969697	0.114014251781	0.164864877255	0.0898946057663	0.993150616907	0.127672209026
0.583506047726	0.149998605694	0.0895614571367	0.99999969697	0.111638954869	0.16430442962	0.0895614571367	0.993150616907	0.124109263658
0.714655935764	0.154204177124	0.0917141044167	0.99999969697	0.140142517815	0.167919700939	0.0917141044167	0.993150616907	0.146674584323
0.566538512707	0.153130829412	0.0911949679799	0.99999969697	0.133016627078	0.167049148767	0.0911949679799	0.993150616907	0.141330166271
0.700444221497	0.150340288409	0.0910224433228	0.99999969697	0.114014251781	0.166855611599	0.0910224433228	0.999999931507	0.134204275534
0.666486799717	0.152776359645	0.0920554849177	0.99999969697	0.130641330166	0.168589678289	0.0920554849177	0.999999931507	0.144893111639
0.585413217545	0.157246659396	0.0950797866019	0.969696675849	0.185273159145	0.173331718142	0.0950797866019	0.979451987709	0.190023752969
0.593809068203	0.154998478389	0.0974605346777	0.939393654729	0.197149643705	0.177166152485	0.0974605346777	0.972602673109	0.21674584323
0.633722603321	0.162302077946	0.103626942238	0.939393654729	0.239904988124	0.187038985349	0.103626942238	0.958904043911	0.277315914489
0.615366220474	0.166665040916	0.105382865008	0.939393654729	0.263657957245	0.18975929504	0.105382865008	0.952054729311	0.29513064133
0.766751825809	0.16445462729	0.104387291192	0.939393654729	0.251781472684	0.188009105363	0.104387291192	0.945205414712	0.29216152019
0.633411109447	0.161037385341	0.101375813893	0.939393654729	0.232779097387	0.183364345478	0.101375813893	0.958904043911	0.259501187648
0.656077921391	0.159381472514	0.100498930146	0.939393654729	0.223277909739	0.182051227635	0.100498930146	0.96575335851	0.247624703088
0.582556545734	0.160205150079	0.100719423736	0.939393654729	0.228028503563	0.182289943966	0.100719423736	0.958904043911	0.254156769596
0.792248547077	0.163681310576	0.0991501409409	0.969696675849	0.223277909739	0.179715885792	0.0991501409409	0.958904043911	0.24109263658
0.717365324497	0.161037385341	0.10196649598	0.939393654729	0.232779097387	0.184330057272	0.10196649598	0.958904043911	0.264251781473
0.570642590523	0.164892007004	0.1040118863	0.939393654729	0.254156769596	0.187665792231	0.1040118863	0.958904043911	0.280285035629
0.617140293121	0.162728068022	0.101744185307	0.939393654729	0.242280285036	0.183966725657	0.101744185307	0.958904043911	0.262470308789
0.526294648647	0.16445462729	0.105302463739	0.939393654729	0.251781472684	0.189897214351	0.105302463739	0.96575335851	0.285629453682
0.588391184807	0.160205150079	0.101139600419	0.939393654729	0.228028503563	0.183224097681	0.101139600419	0.972602673109	0.248218527316
0.683382630348	0.163156300154	0.10329670254	0.939393654729	0.244655581948	0.186629621731	0.10329670254	0.96575335851	0.270190023753
0.828000187874	0.164892007004	0.106334840827	0.939393654729	0.254156769596	0.191574297427	0.106334840827	0.96575335851	0.293349168646
0.559385240078	0.162728068022	0.103347888622	0.939393654729	0.242280285036	0.18684036629	0.103347888622	0.972602673109	0.266033254157
0.653185725212	0.167565933836	0.108275327856	0.939393654729	0.268408551069	0.194577743151	0.108275327856	0.958904043911	0.311757719715
0.614827752113	0.171426853731	0.111111110203	0.909090633609	0.311163895487	0.198538238859	0.111111110203	0.931506785513	0.347980997625
0.628886282444	0.174155611523	0.109061747321	0.939393654729	0.301662707838	0.195260145129	0.109061747321	0.931506785513	0.33432304038
0.619875609875	0.170328012182	0.108848863674	0.939393654729	0.282660332542	0.195360067259	0.108848863674	0.952054729311	0.320071258907
0.560451447964	0.176636463032	0.110204080733	0.939393654729	0.313539192399	0.196934636792	0.110204080733	0.924657470914	0.346199524941
0.632345557213	0.171595860982	0.11253196835	0.878787612489	0.334916864608	0.200149658254	0.11253196835	0.904109527116	0.37351543943
0.587437987328	0.174646191168	0.110204080733	0.939393654729	0.304038004751	0.196934636792	0.110204080733	0.924657470914	0.346199524941
0.682656288147	0.168863836663	0.103676469826	0.969696675849	0.251781472684	0.187249242603	0.103676469826	0.96575335851	0.273159144893
