cnn_hidden_size	(60, 30)
loss_weights	[0.30000000000000004, 0.7]
lr	6.87061428261e-05
0.688876092434	0.171001278623	0.0800438587714	0.605262998615	0.470308788599	0.138649149928	0.0800438587714	0.517730459735	0.461401425178
0.563674032688	0.0	0.0	0.0	0.90973871734	0.0	0.0	0.0	0.916270783848
0.198324218392	0.0	0.0	0.0	0.90973871734	0.0	0.0	0.0	0.916270783848
0.421007812023	0.0	0.0	0.0	0.90973871734	0.0	0.0	0.0	0.916270783848
0.59307706356	0.0	0.0	0.0	0.90973871734	0.0	0.0	0.0	0.916270783848
0.412844747305	0.0	0.0	0.0	0.90973871734	0.0	0.0	0.0	0.916270783848
0.444719940424	0.0	0.0	0.0	0.90973871734	0.0	0.0	0.0	0.916270783848
0.303932756186	0.0	0.0	0.0	0.90973871734	0.0	0.0	0.0	0.916270783848
0.560559272766	0.0	0.0	0.0	0.90973871734	0.0	0.0	0.0	0.916270783848
0.416949421167	0.0	0.0	0.0	0.90973871734	0.0	0.0	0.0	0.916270783848
0.422399997711	0.0	0.0	0.0	0.90973871734	0.0	0.0	0.0	0.916270783848
0.531434774399	0.0	0.0	0.0	0.90973871734	0.0	0.0	0.0	0.916270783848
0.38964509964	0.0	0.0	0.0	0.90973871734	0.0	0.0	0.0	0.916270783848
0.254671096802	0.0	0.0	0.0	0.90973871734	0.0	0.0	0.0	0.916270783848
0.264722257853	0.0	0.0	0.0	0.90973871734	0.0	0.0	0.0	0.916270783848
0.199086010456	0.0	0.0	0.0	0.90973871734	0.0	0.0	0.0	0.916270783848
0.706750571728	0.0	0.0	0.0	0.90973871734	0.0	0.0	0.0	0.916270783848
0.521921634674	0.0	0.0	0.0	0.90973871734	0.0	0.0	0.0	0.916270783848
0.419218957424	0.0	0.0	0.0	0.90973871734	0.0	0.0	0.0	0.916270783848
0.515283346176	0.0	0.0	0.0	0.90973871734	0.0	0.0	0.0	0.916270783848
0.447747439146	0.0	0.0	0.0	0.90973871734	0.0	0.0	0.0	0.916270783848
0.364447236061	0.0	0.0	0.0	0.90973871734	0.0	0.0	0.0	0.916270783848
0.234474286437	0.0	0.0	0.0	0.90973871734	0.0	0.0	0.0	0.916270783848
0.263385087252	0.0	0.0	0.0	0.90973871734	0.0	0.0	0.0	0.916270783848
0.735515058041	0.0	0.0	0.0	0.90973871734	0.0	0.0	0.0	0.916270783848
0.42692604661	0.0	0.0	0.0	0.90973871734	0.0	0.0	0.0	0.916270783848
0.378408908844	0.0	0.0	0.0	0.90973871734	0.0	0.0	0.0	0.916270783848
0.442707896233	0.0	0.0	0.0	0.90973871734	0.0	0.0	0.0	0.916270783848
0.252260744572	0.0	0.0	0.0	0.90973871734	0.0	0.0	0.0	0.916270783848
0.421736985445	0.0	0.9999900001	0.0	0.90973871734	0.0140843652053	0.9999900001	0.00709219807857	0.916864608076
0.508195281029	0.0	0.0	0.0	0.90973871734	0.0	0.0	0.0	0.916270783848
0.349333137274	0.0	0.0	0.0	0.90973871734	0.0	0.0	0.0	0.916270783848
0.239943981171	0.0	0.0	0.0	0.90973871734	0.0	0.0	0.0	0.916270783848
0.587663352489	0.0	0.599998800002	0.0	0.90973871734	0.0410952233159	0.599998800002	0.0212765942357	0.916864608076
0.227187097073	0.0	0.0	0.0	0.90973871734	0.0	0.0	0.0	0.916270783848
0.410277336836	0.0	0.999996666678	0.0	0.90973871734	0.0416662528962	0.999996666678	0.0212765942357	0.918052256532
0.392531841993	0.0	0.749998125005	0.0	0.90973871734	0.0413787681389	0.749998125005	0.0212765942357	0.917458432304
0.459108799696	0.0	0.9999900001	0.0	0.90973871734	0.0140843652053	0.9999900001	0.00709219807857	0.916864608076
0.317331641912	0.0	0.499999500001	0.0	0.904988123515	0.0662239200256	0.499999500001	0.0354609903928	0.916270783848
0.511088490486	0.0	0.9999900001	0.0	0.90973871734	0.0140843652053	0.9999900001	0.00709219807857	0.916864608076
