cnn_hidden_size	(20, 10)
loss_weights	[0.275, 0.725]
lr	4.43113372286e-06
0.8462023139	0.15754777587	0.0850178354042	0.999999722222	0.0855106888361	0.156710882733	0.0850178354042	0.99999993007	0.0861045130641
0.80884629488	0.157893275636	0.0850684111537	0.999999722222	0.0878859857482	0.156796798854	0.0850684111537	0.99999993007	0.0866983372922
0.804674208164	0.157893275636	0.0850684111537	0.999999722222	0.0878859857482	0.156796798854	0.0850684111537	0.99999993007	0.0866983372922
0.807827472687	0.158240294084	0.085322195195	0.999999722222	0.0902612826603	0.157227796436	0.085322195195	0.99999993007	0.0896674584323
0.784402549267	0.158240294084	0.0854751937509	0.999999722222	0.0902612826603	0.157487534187	0.0854751937509	0.99999993007	0.0914489311164
0.799221336842	0.159290562312	0.0847970921575	0.999999722222	0.0973871733967	0.156074339395	0.0847970921575	0.979020910558	0.100950118765
0.801980555058	0.160354865317	0.0844984797295	0.999999722222	0.104513064133	0.155479510991	0.0844984797295	0.972027904054	0.103325415677
0.788916409016	0.16551571559	0.0860215048322	0.999999722222	0.137767220903	0.157771098664	0.0860215048322	0.951048884542	0.137767220903
0.757877707481	0.167830622538	0.0857699799495	0.999999722222	0.152019002375	0.156954447109	0.0857699799495	0.923076858526	0.157957244656
0.732125520706	0.162848200264	0.0900643310217	0.888888641975	0.218527315914	0.163422439679	0.0900643310217	0.881118819502	0.233966745843
0.740978598595	0.158728426994	0.0879526970587	0.833333101852	0.244655581948	0.15908917796	0.0879526970587	0.832167773974	0.25296912114
0.743881106377	0.176827303338	0.086844367267	0.80555533179	0.358669833729	0.154668797927	0.086844367267	0.706293656903	0.344418052257
0.738030076027	0.167739871825	0.0884229709351	0.722222021605	0.387173396675	0.156449569941	0.0884229709351	0.678321630887	0.378859857482
0.703728020191	0.15563960215	0.0842956110358	0.555555401235	0.484560570071	0.144695284915	0.0842956110358	0.510489474791	0.487529691211
0.700598716736	0.149997437543	0.0794451440171	0.499999861111	0.515439429929	0.134612793054	0.0794451440171	0.440559409751	0.519002375297
0.689006924629	0.152281261621	0.0741989869444	0.416666550926	0.603325415677	0.119562083354	0.0741989869444	0.307692286175	0.615201900238
0.684121489525	0.142073326834	0.0735294104131	0.361111010802	0.627078384798	0.116445026271	0.0735294104131	0.279720260159	0.639548693587
0.656083583832	0.0985877505913	0.057213928925	0.194444390432	0.695961995249	0.0843997960195	0.057213928925	0.160839149592	0.703681710214
0.701651990414	0.0781209450331	0.053672314868	0.138888850309	0.719714964371	0.0764546508599	0.053672314868	0.132867123576	0.727434679335
0.64320731163	0.0606014206165	0.0503875949462	0.0833333101852	0.779097387173	0.0648333135504	0.0503875949462	0.0909090845518	0.777315914489
0.645617127419	0.0459721500692	0.0545454520661	0.0555555401235	0.802850356295	0.0661109241585	0.0545454520661	0.0839160780478	0.798693586698
0.650990605354	0.0579660075709	0.0566037700249	0.0555555401235	0.845605700713	0.059597659511	0.0566037700249	0.0629370585359	0.83135391924
0.64721173048	0.0322531849182	0.04964538655	0.0277777700617	0.857482185273	0.0492907719314	0.04964538655	0.0489510455279	0.839667458432
0.632590651512	0.037032579408	0.0526315734072	0.0277777700617	0.87648456057	0.0420120071148	0.0526315734072	0.0349650325199	0.86460807601
0.676170170307	0.0384572637849	0.0476190419501	0.0277777700617	0.881235154394	0.0352376260314	0.0476190419501	0.0279720260159	0.869952494062
0.601566255093	0.0408124118666	0.0740740603567	0.0277777700617	0.888361045131	0.0406051538335	0.0740740603567	0.0279720260159	0.887767220903
0.558420598507	0.041662899642	0.0833333159722	0.0277777700617	0.890736342043	0.0418810496511	0.0833333159722	0.0279720260159	0.891330166271
0.68772149086	0.0444412249202	0.0645161082206	0.0277777700617	0.897862232779	0.0229855750852	0.0645161082206	0.013986013008	0.899049881235
0.536699473858	0.0444412249202	0.0384615236686	0.0277777700617	0.897862232779	0.0118317151479	0.0384615236686	0.00699300650399	0.900831353919
0.621470332146	0.0487783225184	0.0588234948097	0.0277777700617	0.907363420428	0.0124980995065	0.0588234948097	0.00699300650399	0.906175771971
0.642610430717	0.0499981750616	0.0624999609375	0.0277777700617	0.90973871734	0.0125768049746	0.0624999609375	0.00699300650399	0.9067695962
0.599869549274	0.0512806049009	0.0909090082645	0.0277777700617	0.912114014252	0.0129856849043	0.0909090082645	0.00699300650399	0.90973871734
0.656098246574	0.0512806049009	0.0999999000001	0.0277777700617	0.912114014252	0.013070672077	0.0999999000001	0.00699300650399	0.910332541568
0.575774312019	0.0	0.199999600001	0.0	0.912114014252	0.0135128588689	0.199999600001	0.00699300650399	0.913301662708
0.595420598984	0.0	0.249999375002	0.0	0.912114014252	0.0136049109361	0.249999375002	0.00699300650399	0.913895486936
0.518465280533	0.0	0.249999375002	0.0	0.912114014252	0.0136049109361	0.249999375002	0.00699300650399	0.913895486936
0.669860839844	0.0	0.249999375002	0.0	0.912114014252	0.0136049109361	0.249999375002	0.00699300650399	0.913895486936
0.429501235485	0.0	0.0	0.0	0.914489311164	0.0	0.0	0.0	0.913895486936
0.538985490799	0.0	0.0	0.0	0.914489311164	0.0	0.0	0.0	0.913895486936
0.568568885326	0.0	0.0	0.0	0.914489311164	0.0	0.0	0.0	0.914489311164
