cnn_hidden_size	(80, 40)
loss_weights	[0.20000000000000007, 0.7999999999999999]
lr	0.000114008637011
0.595771312714	0.0	0.111110987654	0.0	0.926365795724	0.0125775468639	0.111110987654	0.00666666622222	0.9067695962
0.331982761621	0.0	0.9999900001	0.0	0.931116389549	0.0132448997851	0.9999900001	0.00666666622222	0.911520190024
0.666851699352	0.0	0.9999900001	0.0	0.931116389549	0.0132448997851	0.9999900001	0.00666666622222	0.911520190024
0.650975167751	0.0	0.9999900001	0.0	0.931116389549	0.0132448997851	0.9999900001	0.00666666622222	0.911520190024
0.515691280365	0.0	0.9999900001	0.0	0.931116389549	0.0132448997851	0.9999900001	0.00666666622222	0.911520190024
0.602430582047	0.0	0.0	0.0	0.931116389549	0.0	0.0	0.0	0.910926365796
0.656746804714	0.0	0.9999900001	0.0	0.931116389549	0.0132448997851	0.9999900001	0.00666666622222	0.911520190024
0.622641384602	0.0	0.9999900001	0.0	0.931116389549	0.0132448997851	0.9999900001	0.00666666622222	0.911520190024
0.580762267113	0.0	0.444443950618	0.0	0.923990498812	0.0503133911059	0.444443950618	0.0266666648889	0.910332541568
0.379973769188	0.0	0.428570816327	0.0	0.926365795724	0.0382157036976	0.428570816327	0.0199999986667	0.910332541568
0.593788444996	0.0	0.499998750003	0.0	0.931116389549	0.0259735166219	0.499998750003	0.0133333324444	0.910926365796
0.69350540638	0.0	0.555554938272	0.0	0.923990498812	0.0628920058713	0.555554938272	0.0333333311111	0.911520190024
0.377543151379	0.0	0.466666355556	0.0	0.919239904988	0.0848468217026	0.466666355556	0.0466666635556	0.910332541568
0.447884380817	0.0	0.413792960761	0.0	0.919239904988	0.134075482093	0.413792960761	0.0799999946667	0.907957244656
0.361164182425	0.0	0.555554938272	0.0	0.928741092637	0.0628920058713	0.555554938272	0.0333333311111	0.911520190024
0.611415684223	0.0	0.333332222226	0.0	0.931116389549	0.0130715092587	0.333332222226	0.00666666622222	0.910332541568
0.363447159529	0.0975567878013	0.310810768809	0.0689654934602	0.912114014252	0.205352700191	0.310810768809	0.153333323111	0.894299287411
0.58860450983	0.0	0.4499998875	0.0	0.914489311164	0.189470340224	0.4499998875	0.119999992	0.908551068884
0.60078471899	0.0	0.456521639887	0.0	0.90973871734	0.214282100227	0.456521639887	0.139999990667	0.908551068884
0.769610643387	0.0540506357111	0.472222091049	0.0344827467301	0.916864608076	0.182792557574	0.472222091049	0.113333325778	0.90973871734
0.419141680002	0.0	0.555555246914	0.0	0.923990498812	0.11904569164	0.555555246914	0.0666666622222	0.912114014252
0.661801695824	0.0	0.666666111112	0.0	0.926365795724	0.0987640481815	0.666666111112	0.0533333297778	0.913301662708
0.447672575712	0.085101620905	0.358695613185	0.0689654934602	0.897862232779	0.272722537476	0.358695613185	0.219999985333	0.895486935867
0.640179097652	0.085101620905	0.36585361392	0.0689654934602	0.897862232779	0.258616096989	0.36585361392	0.199999986667	0.897862232779
0.680445671082	0.0487763239675	0.418181742149	0.0344827467301	0.907363420428	0.224386295845	0.418181742149	0.153333323111	0.905581947743
0.536620557308	0.0799950962966	0.337349356946	0.0689654934602	0.890736342043	0.240338740532	0.337349356946	0.186666654222	0.894893111639
0.491486698389	0.0555523921499	0.476190362812	0.0344827467301	0.919239904988	0.208329893719	0.476190362812	0.133333324444	0.90973871734
0.446867763996	0.0476147509499	0.428571360544	0.0344827467301	0.904988123515	0.253516937184	0.428571360544	0.179999988	0.905581947743
0.495977222919	0.0512782119852	0.438596414281	0.0344827467301	0.912114014252	0.24154187969	0.438596414281	0.166666655556	0.9067695962
0.358208417892	0.0465072151247	0.385714230612	0.0344827467301	0.902612826603	0.245450184374	0.385714230612	0.179999988	0.901425178147
0.41326597333	0.0540506357111	0.438596414281	0.0344827467301	0.916864608076	0.24154187969	0.438596414281	0.166666655556	0.9067695962
0.432977080345	0.109085884525	0.374999966518	0.10344824019	0.883610451306	0.320605767804	0.374999966518	0.279999981333	0.894299287411
0.274887770414	0.0952337757014	0.406249936523	0.0689654934602	0.90973871734	0.242986439062	0.406249936523	0.173333321778	0.903800475059
0.682232022285	0.151510179224	0.369127492005	0.17241373365	0.866983372922	0.367887952104	0.369127492005	0.366666642222	0.887767220903
0.460490971804	0.172834866758	0.324324309715	0.241379227111	0.840855106888	0.387091940747	0.324324309715	0.479999968	0.86460807601
0.43866237998	0.0909045560068	0.463414577632	0.0689654934602	0.904988123515	0.327581608268	0.463414577632	0.253333316444	0.907363420428
0.409690707922	0.0	0.666666111112	0.0	0.931116389549	0.0987640481815	0.666666111112	0.0533333297778	0.913301662708
0.407501548529	0.122444098483	0.415730290367	0.10344824019	0.897862232779	0.309618730835	0.415730290367	0.246666650222	0.902019002375
0.401600539684	0.0571399838122	0.499999895833	0.0344827467301	0.9216152019	0.242420544898	0.499999895833	0.159999989333	0.910926365796
0.81518548727	0.149995937605	0.499999919355	0.10344824019	0.919239904988	0.292448664174	0.499999919355	0.206666652889	0.910926365796
