cnn_hidden_size	(20, 10)
loss_weights	[0.4, 0.6]
lr	2.40040759435e-05
0.703413307667	0.175435803368	0.0802212990288	0.52631565097	0.553444180523	0.134256524967	0.0802212990288	0.411347488557	0.555819477435
0.600140810013	0.0833300001292	0.119047590703	0.052631565097	0.895486935867	0.0546412663159	0.119047590703	0.0354609903928	0.897268408551
0.53397154808	0.0	0.0833332638889	0.0	0.907363420428	0.0130704482772	0.0833332638889	0.00709219807857	0.910332541568
0.529583215714	0.0	0.0	0.0	0.90973871734	0.0	0.0	0.0	0.915083135392
0.481504112482	0.0	0.0	0.0	0.90973871734	0.0	0.0	0.0	0.91567695962
0.360570192337	0.0	0.0	0.0	0.90973871734	0.0	0.0	0.0	0.91567695962
0.316278398037	0.0	0.0	0.0	0.90973871734	0.0	0.0	0.0	0.916270783848
0.40121614933	0.0	0.0	0.0	0.90973871734	0.0	0.0	0.0	0.916270783848
0.508971869946	0.0	0.0	0.0	0.90973871734	0.0	0.0	0.0	0.916270783848
0.313274979591	0.0	0.0	0.0	0.90973871734	0.0	0.0	0.0	0.916270783848
0.386580944061	0.0	0.0	0.0	0.90973871734	0.0	0.0	0.0	0.916270783848
0.365454107523	0.0	0.0	0.0	0.90973871734	0.0	0.0	0.0	0.916270783848
0.224157467484	0.0	0.0	0.0	0.90973871734	0.0	0.0	0.0	0.916270783848
0.146400272846	0.0	0.0	0.0	0.90973871734	0.0	0.0	0.0	0.916270783848
0.243032693863	0.0	0.0	0.0	0.90973871734	0.0	0.0	0.0	0.916270783848
0.368821233511	0.0	0.0	0.0	0.90973871734	0.0	0.0	0.0	0.916270783848
0.237241759896	0.0	0.0	0.0	0.90973871734	0.0	0.0	0.0	0.916270783848
0.619321644306	0.0	0.0	0.0	0.90973871734	0.0	0.0	0.0	0.916270783848
0.387235790491	0.0	0.0	0.0	0.90973871734	0.0	0.0	0.0	0.916270783848
0.379762649536	0.0	0.0	0.0	0.90973871734	0.0	0.0	0.0	0.916270783848
0.481537610292	0.0	0.0	0.0	0.90973871734	0.0	0.0	0.0	0.916270783848
0.364638060331	0.0	0.0	0.0	0.90973871734	0.0	0.0	0.0	0.916270783848
0.243344292045	0.0	0.0	0.0	0.90973871734	0.0	0.0	0.0	0.916270783848
0.485813856125	0.0	0.0	0.0	0.90973871734	0.0	0.0	0.0	0.916270783848
0.276705980301	0.0	0.0	0.0	0.90973871734	0.0	0.0	0.0	0.916270783848
0.23908855021	0.0	0.0	0.0	0.90973871734	0.0	0.0	0.0	0.916270783848
0.298095315695	0.0	0.0	0.0	0.90973871734	0.0	0.0	0.0	0.916270783848
0.326375305653	0.0	0.0	0.0	0.90973871734	0.0	0.0	0.0	0.916270783848
0.388110816479	0.0	0.0	0.0	0.90973871734	0.0	0.0	0.0	0.916270783848
0.288262039423	0.0	0.0	0.0	0.90973871734	0.0	0.0	0.0	0.916270783848
0.512942254543	0.0	0.0	0.0	0.90973871734	0.0	0.0	0.0	0.916270783848
0.547233998775	0.0	0.0	0.0	0.90973871734	0.0	0.0	0.0	0.916270783848
0.221621975303	0.0	0.0	0.0	0.90973871734	0.0	0.0	0.0	0.916270783848
0.217363297939	0.0	0.0	0.0	0.90973871734	0.0	0.0	0.0	0.916270783848
0.391603976488	0.0	0.0	0.0	0.90973871734	0.0	0.0	0.0	0.916270783848
0.349600940943	0.0	0.0	0.0	0.90973871734	0.0	0.0	0.0	0.916270783848
0.379070460796	0.0	0.0	0.0	0.90973871734	0.0	0.0	0.0	0.916270783848
0.229527413845	0.0	0.0	0.0	0.90973871734	0.0	0.0	0.0	0.916270783848
0.319338530302	0.0	0.0	0.0	0.90973871734	0.0	0.0	0.0	0.916270783848
0.528694570065	0.0	0.0	0.0	0.90973871734	0.0	0.0	0.0	0.916270783848
