cnn_hidden_size	(40, 20)
loss_weights	[0.20000000000000007, 0.7999999999999999]
lr	2.75554620778e-06
0.793133735657	0.162994090429	0.0851449270221	0.99999972973	0.0973871733967	0.156839477854	0.0851449270221	0.992957676552	0.0997624703088
0.791812837124	0.164078309166	0.0855063669769	0.99999972973	0.104513064133	0.157452474621	0.0855063669769	0.992957676552	0.103919239905
0.742008090019	0.164078309166	0.0857142851932	0.99999972973	0.104513064133	0.157804914685	0.0857142851932	0.992957676552	0.106294536817
0.772823691368	0.157656122793	0.086366439936	0.945945690285	0.111638954869	0.158818709923	0.086366439936	0.985915423527	0.119358669834
0.779813170433	0.154895943685	0.0873907610026	0.918918670563	0.118764845606	0.160548961039	0.0873907610026	0.985915423527	0.130641330166
0.799606919289	0.161903147521	0.086671043423	0.918918670563	0.163895486936	0.158556996435	0.086671043423	0.929577399326	0.168052256532
0.72678989172	0.164647271208	0.086253368691	0.918918670563	0.180522565321	0.157439978411	0.086253368691	0.901408387225	0.186460807601
0.760131418705	0.170664878952	0.086219601428	0.864864631118	0.261282660333	0.156102352194	0.086219601428	0.823943603948	0.248812351544
0.694860696793	0.171268873527	0.0860624517436	0.837837611395	0.287410926366	0.15532469697	0.0860624517436	0.795774591847	0.270190023753
0.700156450272	0.169276935589	0.0839895005775	0.729729532506	0.37054631829	0.149414374227	0.0839895005775	0.676056290419	0.350950118765
0.711375296116	0.170489660225	0.0813308680099	0.702702512783	0.399049881235	0.143788796272	0.0813308680099	0.619718266217	0.377672209026
0.688518643379	0.175570080157	0.0821309646822	0.621621453616	0.486935866983	0.141896015203	0.0821309646822	0.521126723864	0.468527315914
0.687295675278	0.183264404091	0.0794392514084	0.621621453616	0.513064133017	0.136270101609	0.0794392514084	0.478873205713	0.488123515439
0.693042874336	0.162676496469	0.0751445075846	0.459459335281	0.58432304038	0.124697411401	0.0751445075846	0.36619715731	0.566508313539
0.666175544262	0.145074606096	0.073552424514	0.378378276114	0.608076009501	0.120355536509	0.073552424514	0.330985892184	0.592042755344
0.681957960129	0.148144605327	0.0637450186505	0.324324236669	0.672209026128	0.0993754414598	0.0637450186505	0.225352096806	0.655581947743
0.644994437695	0.145691645197	0.0696629197829	0.297297216947	0.693586698337	0.10561813455	0.0696629197829	0.218309843781	0.688242280285
0.661519765854	0.162157688621	0.0771513330222	0.243243177502	0.779097387173	0.108555323228	0.0771513330222	0.183098578655	0.746437054632
0.699181079865	0.138609191411	0.0711743746913	0.189189138057	0.793349168646	0.0945581834003	0.0711743746913	0.140845060504	0.772565320665
0.651112794876	0.0963805779859	0.0603015045075	0.10810807889	0.821852731591	0.0703763675839	0.0603015045075	0.0845070363023	0.811757719715
0.624627113342	0.105258133894	0.0624999964489	0.10810807889	0.838479809976	0.0691774430967	0.0624999964489	0.0774647832771	0.824228028504
0.670212030411	0.0983558508093	0.0550458665096	0.0810810591673	0.869358669834	0.0478038480629	0.0550458665096	0.0422535181512	0.858076009501
0.618411421776	0.107138335646	0.0430107480634	0.0810810591673	0.881235154394	0.0340377683495	0.0430107480634	0.0281690121008	0.865201900238
0.615393579006	0.0816289214493	0.0303030257117	0.0540540394449	0.893111638955	0.019226435887	0.0303030257117	0.0140845060504	0.878859857482
0.622781813145	0.0816289214493	0.0363636297521	0.0540540394449	0.893111638955	0.0203005424244	0.0363636297521	0.0140845060504	0.88539192399
0.706236004829	0.0888859260202	0.0	0.0540540394449	0.902612826603	0.0	0.0	0.0	0.896674584323
0.627867341042	0.0909063740436	0.0	0.0540540394449	0.904988123515	0.0	0.0	0.0	0.899049881235
0.714228630066	0.0	0.0	0.0	0.904988123515	0.0	0.0	0.0	0.907957244656
0.655271351337	0.0	0.0	0.0	0.904988123515	0.0	0.0	0.0	0.910332541568
0.64421916008	0.0	0.0	0.0	0.904988123515	0.0	0.0	0.0	0.911520190024
0.552816033363	0.0	0.0	0.0	0.90973871734	0.0	0.0	0.0	0.911520190024
0.645508646965	0.0	0.0	0.0	0.90973871734	0.0	0.0	0.0	0.91270783848
0.537986338139	0.0	0.0	0.0	0.90973871734	0.0	0.0	0.0	0.91270783848
0.54629611969	0.0	0.0	0.0	0.912114014252	0.0	0.0	0.0	0.913895486936
0.652647018433	0.0	0.0	0.0	0.912114014252	0.0	0.0	0.0	0.913895486936
0.553543746471	0.0	0.0	0.0	0.912114014252	0.0	0.0	0.0	0.915083135392
0.622157156467	0.0	0.0	0.0	0.912114014252	0.0	0.0	0.0	0.915083135392
0.459686845541	0.0	0.0	0.0	0.912114014252	0.0	0.0	0.0	0.915083135392
0.55340898037	0.0	0.0	0.0	0.912114014252	0.0	0.0	0.0	0.915083135392
0.456934303045	0.0	0.0	0.0	0.912114014252	0.0	0.0	0.0	0.915083135392
