cnn_hidden_size	(80, 40)
loss_weights	[0.07500000000000007, 0.9249999999999999]
lr	0.00587228361644
0.687186479568	0.170401837477	0.0759178588929	0.883720724716	0.121140142518	0.139987085174	0.0759178588929	0.897058757569	0.109857482185
0.737368643284	0.176609128242	0.0859999994267	0.860464916171	0.180522565321	0.157700185197	0.0859999994267	0.94852934202	0.181710213777
0.685600161552	0.185343137927	0.0807600945323	0.999999767442	0.102137767221	0.149449164993	0.0807600945323	0.999999926471	0.0807600950119
0.701409578323	0.0	0.9999900001	0.0	0.897862232779	0.014598393095	0.9999900001	0.00735294063581	0.919833729216
0.69772541523	0.0	0.0666666222223	0.0	0.883610451306	0.0132432422039	0.0666666222223	0.00735294063581	0.911520190024
0.609897732735	0.0579663015775	0.18292680696	0.0465116170903	0.845605700713	0.137609973226	0.18292680696	0.110294109537	0.888361045131
0.728227436543	0.0999959057199	0.194029821787	0.0697674256355	0.871733966746	0.128074382933	0.194029821787	0.0955882282656	0.894893111639
0.669330835342	0.0	0.307692071006	0.0	0.888361045131	0.0536896752862	0.307692071006	0.0294117625433	0.916270783848
0.65024125576	0.0	0.333333148148	0.0	0.885985748219	0.0779200034272	0.333333148148	0.0441176438149	0.91567695962
0.701850235462	0.0322538038895	0.148648628561	0.0232558085452	0.857482185273	0.104757330811	0.148648628561	0.0808823469939	0.888361045131
0.672365486622	0.142852188841	0.140776692195	0.162790659816	0.800475059382	0.169585842959	0.140776692195	0.213235278439	0.83135391924
0.689787864685	0.0	0.0	0.0	0.897862232779	0.0	0.0	0.0	0.919239904988
0.625737667084	0.0	0.0	0.0	0.897862232779	0.0	0.0	0.0	0.919239904988
0.688381493092	0.0	0.0	0.0	0.897862232779	0.0	0.0	0.0	0.919239904988
0.704975128174	0.0	0.0	0.0	0.897862232779	0.0	0.0	0.0	0.919239904988
0.703363358974	0.0	0.0	0.0	0.897862232779	0.0	0.0	0.0	0.919239904988
0.702720165253	0.0	0.0	0.0	0.897862232779	0.0	0.0	0.0	0.919239904988
0.650973081589	0.0	0.0	0.0	0.897862232779	0.0	0.0	0.0	0.919239904988
0.700211763382	0.0	0.0	0.0	0.897862232779	0.0	0.0	0.0	0.919239904988
0.665676534176	0.0	0.0	0.0	0.897862232779	0.0	0.0	0.0	0.919239904988
0.688844263554	0.0	0.0	0.0	0.897862232779	0.0	0.0	0.0	0.919239904988
0.664791226387	0.0	0.0	0.0	0.897862232779	0.0	0.0	0.0	0.919239904988
0.715580582619	0.0	0.0	0.0	0.897862232779	0.0	0.0	0.0	0.919239904988
0.688878178596	0.0	0.0	0.0	0.897862232779	0.0	0.0	0.0	0.919239904988
0.693562090397	0.0	0.0	0.0	0.897862232779	0.0	0.0	0.0	0.919239904988
0.701252281666	0.0	0.0	0.0	0.897862232779	0.0	0.0	0.0	0.919239904988
0.708352446556	0.0	0.0	0.0	0.897862232779	0.0	0.0	0.0	0.919239904988
0.665305256844	0.0	0.0	0.0	0.897862232779	0.0	0.0	0.0	0.919239904988
0.718922674656	0.0	0.0	0.0	0.897862232779	0.0	0.0	0.0	0.919239904988
0.699955999851	0.0	0.0	0.0	0.897862232779	0.0	0.0	0.0	0.919239904988
0.70130354166	0.0	0.0	0.0	0.897862232779	0.0	0.0	0.0	0.919239904988
0.66919285059	0.0	0.0	0.0	0.897862232779	0.0	0.0	0.0	0.919239904988
0.71524065733	0.0	0.0	0.0	0.897862232779	0.0	0.0	0.0	0.919239904988
0.682953953743	0.0	0.0	0.0	0.897862232779	0.0	0.0	0.0	0.919239904988
0.670289576054	0.0	0.0	0.0	0.897862232779	0.0	0.0	0.0	0.919239904988
0.731432378292	0.0	0.0	0.0	0.897862232779	0.0	0.0	0.0	0.919239904988
0.688675820827	0.0	0.0	0.0	0.897862232779	0.0	0.0	0.0	0.919239904988
0.705781698227	0.0	0.0	0.0	0.897862232779	0.0	0.0	0.0	0.919239904988
0.707350313663	0.0	0.0	0.0	0.897862232779	0.0	0.0	0.0	0.919239904988
0.704207003117	0.0	0.0	0.0	0.897862232779	0.0	0.0	0.0	0.919239904988
