cnn_hidden_size	(60, 30)
loss_weights	[0.17500000000000004, 0.825]
lr	0.000146484574979
0.766059041023	0.166217915481	0.0805722885499	0.77499980625	0.261282660333	0.14587421985	0.0805722885499	0.769784117282	0.25593824228
0.721910536289	0.0	0.0	0.0	0.904988123515	0.0	0.0	0.0	0.917458432304
0.413245230913	0.0	0.0	0.0	0.904988123515	0.0	0.0	0.0	0.917458432304
0.648983240128	0.0	0.0	0.0	0.904988123515	0.0	0.0	0.0	0.917458432304
0.595169365406	0.0	0.0	0.0	0.904988123515	0.0	0.0	0.0	0.917458432304
0.534802079201	0.0	0.0	0.0	0.900237529691	0.0	0.0	0.0	0.914489311164
0.536016583443	0.0	0.0	0.0	0.904988123515	0.0	0.0	0.0	0.917458432304
0.716936290264	0.0	0.0	0.0	0.904988123515	0.0	0.0	0.0	0.917458432304
0.601024746895	0.0	0.0	0.0	0.904988123515	0.0	0.0	0.0	0.917458432304
0.578721761703	0.0	0.555554938272	0.0	0.897862232779	0.067566416198	0.555554938272	0.0359712204337	0.918052256532
0.673132717609	0.0	0.0	0.0	0.904988123515	0.0	0.0	0.0	0.917458432304
0.601674497128	0.0	0.799998400003	0.0	0.902612826603	0.0555548775146	0.799998400003	0.028776976347	0.919239904988
0.41529917717	0.0	0.0	0.0	0.904988123515	0.0	0.0	0.0	0.917458432304
0.391884863377	0.0	0.9999900001	0.0	0.904988123515	0.0142855704082	0.9999900001	0.00719424408675	0.918052256532
0.395975828171	0.0	0.749999062501	0.0	0.902612826603	0.0816316127658	0.749999062501	0.0431654645205	0.919833729216
0.319430977106	0.0444424494678	0.533332977778	0.02499999375	0.897862232779	0.103894332125	0.533332977778	0.057553952694	0.918052256532
0.74211615324	0.101690514407	0.352941124567	0.07499998125	0.874109263658	0.231879623879	0.352941124567	0.172661858082	0.905581947743
0.515999555588	0.11764218013	0.315789445983	0.099999975	0.857482185273	0.284580006648	0.315789445983	0.258992787123	0.892517814727
0.471652030945	0.0465103083075	0.642856683674	0.02499999375	0.902612826603	0.117645380859	0.642856683674	0.0647481967807	0.919833729216
0.309770256281	0.0476181179272	0.571428163266	0.02499999375	0.904988123515	0.104573487146	0.571428163266	0.057553952694	0.91864608076
0.575054466724	0.0	0.874998906251	0.0	0.902612826603	0.0952370530898	0.874998906251	0.0503597086072	0.921021377672
0.318422526121	0.0425506384468	0.545454297521	0.02499999375	0.893111638955	0.149065945023	0.545454297521	0.0863309290409	0.91864608076
0.539294362068	0.0454528719579	0.769230177515	0.02499999375	0.900237529691	0.131577365842	0.769230177515	0.0719424408675	0.9216152019
0.319974482059	0.0425506384468	0.545454297521	0.02499999375	0.893111638955	0.149065945023	0.545454297521	0.0863309290409	0.91864608076
0.587628245354	0.0416638717111	0.590908822314	0.02499999375	0.890736342043	0.161488303726	0.590908822314	0.0935251731277	0.919833729216
0.237936213613	0.0416638717111	0.481481303155	0.02499999375	0.890736342043	0.156623763293	0.481481303155	0.0935251731277	0.916864608076
0.632049381733	0.0425506384468	0.545454297521	0.02499999375	0.893111638955	0.149065945023	0.545454297521	0.0863309290409	0.91864608076
0.653974294662	0.0350835215822	0.442307607249	0.02499999375	0.869358669834	0.240833708571	0.442307607249	0.165467613995	0.913895486936
0.544521570206	0.144922621462	0.391752536933	0.12499996875	0.859857482185	0.322029029447	0.391752536933	0.273381275296	0.904988123515
0.494090050459	0.0333288783699	0.439999941333	0.02499999375	0.862232779097	0.308406633398	0.439999941333	0.237410054863	0.912114014252
0.565369904041	0.0384579736994	0.483870811655	0.02499999375	0.881235154394	0.176467585517	0.483870811655	0.107913661301	0.916864608076
0.509207367897	0.0392122878723	0.468749853516	0.02499999375	0.883610451306	0.175435533721	0.468749853516	0.107913661301	0.916270783848
0.661985397339	0.1894687691	0.333333316993	0.22499994375	0.817102137767	0.396496614224	0.333333316993	0.489208597899	0.877078384798
0.322608053684	0.15999497971	0.404761872638	0.1499999625	0.850356294537	0.384900643425	0.404761872638	0.366906448424	0.903206650831
0.342819541693	0.0425506384468	0.619047324263	0.02499999375	0.893111638955	0.16249769925	0.619047324263	0.0935251731277	0.920427553444
0.503956377506	0.144573285119	0.367741911759	0.1499999625	0.83135391924	0.387750090536	0.367741911759	0.410071912944	0.893111638955
0.380639046431	0.0350835215822	0.499999910714	0.02499999375	0.869358669834	0.287175363635	0.499999910714	0.201438834429	0.917458432304
0.66835474968	0.157298386723	0.348314587173	0.17499995625	0.821852731591	0.391162243492	0.348314587173	0.446043133378	0.88539192399
0.43803691864	0.0845020990763	0.406779626544	0.07499998125	0.845605700713	0.373535860412	0.406779626544	0.345323716164	0.904394299287
0.576279938221	0.153841372927	0.480519418114	0.12499996875	0.869358669834	0.342587972884	0.480519418114	0.26618703121	0.91567695962
