cnn_hidden_size	(20, 10)
loss_weights	[0.050000000000000044, 0.95]
lr	3.40178999113e-05
0.70153605938	0.187497739589	0.0896328284057	0.727272506887	0.50593824228	0.154848390511	0.0896328284057	0.568493111747	0.461995249406
0.6659065485	0.183974483546	0.0952380944425	0.939393654729	0.346793349169	0.169767233114	0.0952380944425	0.780821864327	0.337885985748
0.69960218668	0.169397257175	0.0977443601673	0.939393654729	0.277909738717	0.176149976516	0.0977443601673	0.890410897917	0.277909738717
0.658167660236	0.147266956756	0.0905562736704	0.939393654729	0.147268408551	0.165483054774	0.0905562736704	0.958904043911	0.161520190024
0.634166181087	0.147969902213	0.0908500967498	0.939393654729	0.152019002375	0.165973520696	0.0908500967498	0.958904043911	0.164489311164
0.638605296612	0.144184622729	0.0893643795509	0.939393654729	0.125890736342	0.163687217561	0.0893643795509	0.972602673109	0.138361045131
0.816564440727	0.14588091373	0.0901587295863	0.939393654729	0.137767220903	0.16501878236	0.0901587295863	0.972602673109	0.146674584323
0.671085178852	0.146570658543	0.090153452109	0.939393654729	0.142517814727	0.164910716981	0.090153452109	0.96575335851	0.152019002375
0.62898427248	0.14588091373	0.0896464640805	0.939393654729	0.137767220903	0.16416030241	0.0896464640805	0.972602673109	0.141330166271
0.641885817051	0.146917982651	0.0893426924739	0.939393654729	0.144893111639	0.163454364057	0.0893426924739	0.958904043911	0.149049881235
0.778279900551	0.14588091373	0.089759797157	0.939393654729	0.137767220903	0.164350302923	0.089759797157	0.972602673109	0.142517814727
0.63561040163	0.149182722124	0.0895334168377	0.969696675849	0.133016627078	0.163970740698	0.0895334168377	0.972602673109	0.140142517815
0.687219917774	0.149881470761	0.0895334168377	0.969696675849	0.137767220903	0.163970740698	0.0895334168377	0.972602673109	0.140142517815
0.666114211082	0.150233305464	0.0899303350859	0.969696675849	0.140142517815	0.164636129782	0.0899303350859	0.972602673109	0.144299287411
0.591976761818	0.149531280147	0.0892520421794	0.969696675849	0.13539192399	0.163498746223	0.0892520421794	0.972602673109	0.137173396675
0.667406201363	0.152017550354	0.0903882871395	0.969696675849	0.152019002375	0.165403217828	0.0903882871395	0.972602673109	0.149049881235
0.826248824596	0.15384468578	0.0912010270315	0.969696675849	0.163895486936	0.166762963608	0.0912010270315	0.972602673109	0.157363420428
0.635519564152	0.151218024642	0.094164455609	0.939393654729	0.173396674584	0.171703346035	0.094164455609	0.972602673109	0.186460807601
0.631877601147	0.152332654724	0.0940397344766	0.939393654729	0.180522565321	0.171495974659	0.0940397344766	0.972602673109	0.185273159145
0.663987696171	0.156861250614	0.0944517827315	0.969696675849	0.182897862233	0.17228755024	0.0944517827315	0.979451987709	0.184085510689
0.598454356194	0.15571627709	0.094017093399	0.969696675849	0.175771971496	0.171564086583	0.094017093399	0.979451987709	0.179928741093
0.616946339607	0.156096073184	0.0942408370796	0.969696675849	0.178147268409	0.17204141652	0.0942408370796	0.986301302308	0.176959619952
0.618022978306	0.156477726474	0.0944881883564	0.969696675849	0.180522565321	0.17245349213	0.0944881883564	0.986301302308	0.179334916865
0.607793152332	0.158023186723	0.0958083825961	0.969696675849	0.190023752969	0.174649687728	0.0958083825961	0.986301302308	0.191805225653
0.628825843334	0.157246659396	0.0941792014769	0.969696675849	0.185273159145	0.171938705137	0.0941792014769	0.986301302308	0.176365795724
0.592073619366	0.158414333535	0.0950495043231	0.969696675849	0.192399049881	0.173387918857	0.0950495043231	0.986301302308	0.184679334917
0.552625477314	0.157246659396	0.0945502291888	0.969696675849	0.185273159145	0.172556819657	0.0945502291888	0.986301302308	0.179928741093
0.729686498642	0.160399477153	0.097363082506	0.969696675849	0.204275534442	0.177229131588	0.097363082506	0.986301302308	0.206057007126
0.837306857109	0.15228272142	0.0986977375004	0.909090633609	0.206650831354	0.179437596296	0.0986977375004	0.986301302308	0.217933491686
0.675819814205	0.155777365864	0.0975609749488	0.939393654729	0.20190023753	0.177556929291	0.0975609749488	0.986301302308	0.20783847981
0.636765539646	0.155386946076	0.0976271179822	0.939393654729	0.199524940618	0.177666464817	0.0976271179822	0.986301302308	0.208432304038
0.741470515728	0.158566221324	0.0982264659057	0.939393654729	0.218527315914	0.178658400073	0.0982264659057	0.986301302308	0.21377672209
0.673451602459	0.155777365864	0.0971659912472	0.939393654729	0.20190023753	0.176902541986	0.0971659912472	0.986301302308	0.204275534442
0.610172629356	0.154611948199	0.0962566838486	0.939393654729	0.194774346793	0.175394236389	0.0962566838486	0.986301302308	0.195961995249
0.57679271698	0.154998478389	0.0965147446614	0.939393654729	0.197149643705	0.175822549925	0.0965147446614	0.986301302308	0.198337292162
0.562270343304	0.153844596859	0.0986301363108	0.909090633609	0.216152019002	0.179325866683	0.0986301363108	0.986301302308	0.217339667458
0.70693051815	0.157358863294	0.0977596734707	0.939393654729	0.211401425178	0.17788594181	0.0977596734707	0.986301302308	0.209619952494
0.656691908836	0.155386946076	0.096774192898	0.939393654729	0.199524940618	0.176252960468	0.096774192898	0.986301302308	0.200712589074
0.68572384119	0.154998478389	0.0969044408015	0.939393654729	0.197149643705	0.176468956937	0.0969044408015	0.986301302308	0.20190023753
0.688439130783	0.153451132072	0.0986301363108	0.909090633609	0.21377672209	0.179325866683	0.0986301363108	0.986301302308	0.217339667458
