cnn_hidden_size	(40, 20)
loss_weights	[0.20000000000000007, 0.7999999999999999]
lr	0.000110405119032
0.741508483887	0.180788858909	0.0774246122459	0.761904580499	0.311163895487	0.13929437863	0.0774246122459	0.693430606319	0.302850356295
0.598675072193	0.0	0.0	0.0	0.900237529691	0.0	0.0	0.0	0.91864608076
0.408625096083	0.0	0.0	0.0	0.900237529691	0.0	0.0	0.0	0.91864608076
0.309714078903	0.0	0.0	0.0	0.900237529691	0.0	0.0	0.0	0.91864608076
0.66543763876	0.0	0.0	0.0	0.900237529691	0.0	0.0	0.0	0.91864608076
0.571372687817	0.0	0.0	0.0	0.900237529691	0.0	0.0	0.0	0.91864608076
0.560771107674	0.0	0.0	0.0	0.900237529691	0.0	0.0	0.0	0.91864608076
0.467695772648	0.0	0.499997500012	0.0	0.900237529691	0.0143882035134	0.499997500012	0.0072992695402	0.91864608076
0.529512882233	0.0	0.0	0.0	0.900237529691	0.0	0.0	0.0	0.91864608076
0.455552309752	0.0	0.0	0.0	0.900237529691	0.0	0.0	0.0	0.91864608076
0.529244244099	0.0	0.0	0.0	0.900237529691	0.0	0.0	0.0	0.91864608076
0.684081733227	0.0	0.499997500012	0.0	0.900237529691	0.0143882035134	0.499997500012	0.0072992695402	0.91864608076
0.606505692005	0.0	0.249999375002	0.0	0.900237529691	0.0141838438912	0.249999375002	0.0072992695402	0.917458432304
0.238524898887	0.0	0.199999600001	0.0	0.900237529691	0.0140838256614	0.199999600001	0.0072992695402	0.916864608076
0.436654984951	0.0	0.166666388889	0.0	0.900237529691	0.0139852081237	0.166666388889	0.0072992695402	0.916270783848
0.629017174244	0.0434766541193	0.149999925	0.0238095181406	0.895486935867	0.0382143325559	0.149999925	0.0218978086206	0.910332541568
0.282876014709	0.0	0.285713877552	0.0	0.900237529691	0.027776848988	0.285713877552	0.0145985390804	0.916864608076
0.36994472146	0.0444431802784	0.333333209877	0.0238095181406	0.897862232779	0.10975333365	0.333333209877	0.0656934258618	0.913301662708
0.44558942318	0.0465111519743	0.181818016529	0.0238095181406	0.902612826603	0.0270256474394	0.181818016529	0.0145985390804	0.914489311164
0.501044332981	0.0454536570376	0.249999791667	0.0238095181406	0.900237529691	0.0402669700098	0.249999791667	0.0218978086206	0.915083135392
0.515391170979	0.0	0.285713877552	0.0	0.900237529691	0.027776848988	0.285713877552	0.0145985390804	0.916864608076
0.711684465408	0.0	0.249999375002	0.0	0.900237529691	0.0141838438912	0.249999375002	0.0072992695402	0.917458432304
0.321018517017	0.0454536570376	0.266666488889	0.0238095181406	0.900237529691	0.0526297931687	0.266666488889	0.0291970781608	0.914489311164
0.332813054323	0.0784284353233	0.279999944	0.0476190362812	0.888361045131	0.149728686653	0.279999944	0.102189773563	0.905581947743
0.284814685583	0.0465111519743	0.333332962963	0.0238095181406	0.902612826603	0.0410947279354	0.333332962963	0.0218978086206	0.916864608076
0.256477087736	0.0816301708336	0.28205120973	0.0476190362812	0.893111638955	0.124996536123	0.28205120973	0.0802919649422	0.908551068884
0.41759622097	0.0454536570376	0.333333174603	0.0238095181406	0.900237529691	0.0886052788607	0.333333174603	0.0510948867814	0.914489311164
0.608470082283	0.0416644619181	0.333333240741	0.0238095181406	0.890736342043	0.138725011939	0.333333240741	0.0875912344824	0.911520190024
0.591807067394	0.0454536570376	0.333333148148	0.0238095181406	0.900237529691	0.0774172920412	0.333333148148	0.0437956172412	0.915083135392
0.397644430399	0.0465111519743	0.307692071006	0.0238095181406	0.902612826603	0.0533317431572	0.307692071006	0.0291970781608	0.91567695962
0.29374524951	0.0434766541193	0.322580541103	0.0238095181406	0.895486935867	0.119044595455	0.322580541103	0.072992695402	0.912114014252
0.571670055389	0.0434766541193	0.322580541103	0.0238095181406	0.895486935867	0.119044595455	0.322580541103	0.072992695402	0.912114014252
0.489315479994	0.0434766541193	0.319999872	0.0238095181406	0.895486935867	0.0987628098535	0.319999872	0.0583941563216	0.913301662708
0.429583311081	0.101690778677	0.324324280497	0.0714285544218	0.874109263658	0.227483575932	0.324324280497	0.175182468965	0.903206650831
0.362041592598	0.0408138610361	0.285714204082	0.0238095181406	0.888361045131	0.116275814719	0.285714204082	0.072992695402	0.90973871734
0.489540994167	0.109087259623	0.333333267974	0.0714285544218	0.883610451306	0.180847090964	0.333333267974	0.124087582183	0.908551068884
0.431948363781	0.0416644619181	0.322580541103	0.0238095181406	0.890736342043	0.119044595455	0.322580541103	0.072992695402	0.912114014252
0.584750056267	0.0769199409524	0.352941107266	0.0476190362812	0.885985748219	0.1914853877	0.352941107266	0.131386851724	0.90973871734
0.512732923031	0.0416644619181	0.296296186557	0.0238095181406	0.890736342043	0.0975582131942	0.296296186557	0.0583941563216	0.912114014252
0.523328304291	0.0408138610361	0.380952290249	0.0238095181406	0.888361045131	0.17876733817	0.380952290249	0.116788312643	0.91270783848
