cnn_hidden_size	(20, 10)
loss_weights	[0.125, 0.875]
lr	2.64226905973e-06
0.703778326511	0.167361215711	0.0725907375145	0.499999875	0.527315914489	0.123664850252	0.0725907375145	0.417266157031	0.511876484561
0.668572604656	0.151782767116	0.0746478862726	0.42499989375	0.548693586698	0.124850026739	0.0746478862726	0.381294936597	0.558788598575
0.695736169815	0.1495296568	0.0724852060283	0.3999999	0.567695961995	0.120242566606	0.0724852060283	0.352517960251	0.574228028504
0.683879613876	0.15872680503	0.0674740472755	0.37499990625	0.622327790974	0.108783482327	0.0674740472755	0.280575519383	0.62054631829
0.703703999519	0.163040057963	0.0689655159897	0.37499990625	0.634204275534	0.110141707088	0.0689655159897	0.273381275296	0.63539192399
0.670605301857	0.166662832105	0.07066381005	0.32499991875	0.691211401425	0.108907352389	0.07066381005	0.237410054863	0.679334916865
0.681588411331	0.17449269321	0.0712643661778	0.32499991875	0.70783847981	0.10801026327	0.0712643661778	0.223021566689	0.695961995249
0.635129868984	0.198469010055	0.0771428549388	0.32499991875	0.750593824228	0.110425374416	0.0771428549388	0.194244590342	0.741686460808
0.643711149693	0.188972033082	0.0792682902662	0.299999925	0.755344418052	0.111344850745	0.0792682902662	0.187050346255	0.753562945368
0.665001153946	0.142852525658	0.0815602807957	0.19999995	0.771971496437	0.109259229815	0.0815602807957	0.165467613995	0.777315914489
0.65858912468	0.148143456937	0.0849420816625	0.19999995	0.781472684086	0.110548212984	0.0849420816625	0.158273369908	0.789786223278
0.678683757782	0.104161784081	0.0751173673654	0.12499996875	0.795724465558	0.0909043069725	0.0751173673654	0.115107905388	0.809976247031
0.651942193508	0.0652124625632	0.07499999625	0.07499998125	0.795724465558	0.0884907321586	0.07499999625	0.107913661301	0.816508313539
0.680882275105	0.0481877665211	0.0745341568612	0.0499999875	0.812351543943	0.0799950218647	0.0745341568612	0.0863309290409	0.836104513064
0.696876108646	0.0249949947498	0.0694444396219	0.02499999375	0.814726840855	0.0706663750117	0.0694444396219	0.0719424408675	0.843824228029
0.660904765129	0.0263107973435	0.0629921210242	0.02499999375	0.824228028504	0.060145382007	0.0629921210242	0.057553952694	0.851543942993
0.673941016197	0.0266616827068	0.0689655112961	0.02499999375	0.826603325416	0.0627401341866	0.0689655112961	0.057553952694	0.858076009501
0.588166832924	0.0277728326679	0.0744680771842	0.02499999375	0.833729216152	0.0600810186397	0.0744680771842	0.0503597086072	0.869952494062
0.644311070442	0.0289806267379	0.0823529314879	0.02499999375	0.840855106888	0.0624952853516	0.0823529314879	0.0503597086072	0.875296912114
0.659702122211	0.0322534761958	0.0921052510388	0.02499999375	0.857482185273	0.0651117026463	0.0921052510388	0.0503597086072	0.880641330166
0.597006380558	0.0338939275944	0.10937498291	0.02499999375	0.86460807601	0.0689611932134	0.10937498291	0.0503597086072	0.887767220903
0.697628498077	0.0357101917923	0.134615358728	0.02499999375	0.871733966746	0.0732944592475	0.134615358728	0.0503597086072	0.894893111639
0.662020027637	0.0	0.139999972	0.0	0.869358669834	0.0740701751713	0.139999972	0.0503597086072	0.896080760095
0.648074865341	0.0	0.153846114398	0.0	0.881235154394	0.0674123010192	0.153846114398	0.0431654645205	0.901425178147
0.667634189129	0.0	0.138888850309	0.0	0.883610451306	0.0571395828804	0.138888850309	0.0359712204337	0.902019002375
0.654839098454	0.0	0.0999999666667	0.0	0.885985748219	0.0355000345522	0.0999999666667	0.0215827322602	0.903206650831
0.651449143887	0.0	0.107142818878	0.0	0.888361045131	0.0359253485615	0.107142818878	0.0215827322602	0.904394299287
0.657889544964	0.0	0.111111049383	0.0	0.890736342043	0.0254756738192	0.111111049383	0.0143884881735	0.909144893112
0.6514980793	0.0	0.117646989619	0.0	0.893111638955	0.025639080521	0.117646989619	0.0143884881735	0.90973871734
0.622623085976	0.0	0.0666666222223	0.0	0.897862232779	0.0129852532309	0.0666666222223	0.00719424408675	0.90973871734
0.602739155293	0.0	0.0666666222223	0.0	0.897862232779	0.0129852532309	0.0666666222223	0.00719424408675	0.90973871734
0.649365484715	0.0	0.0714285204082	0.0	0.897862232779	0.0130702313183	0.0714285204082	0.00719424408675	0.910332541568
0.640728116035	0.0	0.0833332638889	0.0	0.897862232779	0.0132435684252	0.0833332638889	0.00719424408675	0.911520190024
0.73141348362	0.0	0.12499984375	0.0	0.897862232779	0.0136044112018	0.12499984375	0.00719424408675	0.913895486936
0.603563547134	0.0	0.12499984375	0.0	0.897862232779	0.0136044112018	0.12499984375	0.00719424408675	0.913895486936
0.701904714108	0.0	0.12499984375	0.0	0.897862232779	0.0136044112018	0.12499984375	0.00719424408675	0.913895486936
0.641869962215	0.0	0.12499984375	0.0	0.897862232779	0.0136044112018	0.12499984375	0.00719424408675	0.913895486936
0.739346325397	0.0	0.12499984375	0.0	0.897862232779	0.0136044112018	0.12499984375	0.00719424408675	0.913895486936
0.657862126827	0.0	0.142856938776	0.0	0.897862232779	0.0136977153909	0.142856938776	0.00719424408675	0.914489311164
0.717790544033	0.0	0.166666388889	0.0	0.900237529691	0.013792308249	0.166666388889	0.00719424408675	0.915083135392
