cnn_hidden_size	(20, 10)
loss_weights	[0.125, 0.875]
lr	1.03672042701e-05
0.68376493454	0.190472370949	0.0776470569965	0.374999882813	0.757719714964	0.115380792524	0.0776470569965	0.224489780647	0.699524940618
0.699418604374	0.114937851952	0.0749999973214	0.156249951172	0.817102137767	0.0983561364225	0.0749999973214	0.142857133139	0.771377672209
0.68938857317	0.105258255073	0.0848214247848	0.124999960938	0.838479809976	0.102421086092	0.0848214247848	0.129251691888	0.802256532067
0.71131503582	0.071423648295	0.0569105644788	0.0624999804688	0.87648456057	0.0518468879916	0.0569105644788	0.0476190443797	0.847980997625
0.635114729404	0.0769183139006	0.0530973404339	0.0624999804688	0.885985748219	0.0461489286297	0.0530973404339	0.040816323754	0.852731591449
0.667261362076	0.0888847409299	0.0666666555556	0.0624999804688	0.902612826603	0.0386432229172	0.0666666555556	0.0272108825027	0.881828978622
0.719720304012	0.0952344219056	0.0638297736532	0.0624999804688	0.90973871734	0.0309241608139	0.0638297736532	0.020408161877	0.888361045131
0.672363102436	0.0999967501006	0.0714285459184	0.0624999804688	0.914489311164	0.0228544525604	0.0714285459184	0.0136054412513	0.898456057007
0.656084060669	0.102561104619	0.0740740466392	0.0624999804688	0.916864608076	0.0229858815245	0.0740740466392	0.0136054412513	0.899049881235
0.684279084206	0.0	0.105263102493	0.0	0.914489311164	0.0240943556641	0.105263102493	0.0136054412513	0.903800475059
0.630838632584	0.0	0.133333244445	0.0	0.914489311164	0.0246896747058	0.133333244445	0.0136054412513	0.906175771971
0.709586441517	0.0	0.0833332638889	0.0	0.916864608076	0.0125772194095	0.0833332638889	0.00680272062567	0.9067695962
0.660867929459	0.0	0.0999999000001	0.0	0.919239904988	0.0127376592449	0.0999999000001	0.00680272062567	0.907957244656
0.708553493023	0.0	0.166666388889	0.0	0.919239904988	0.0130711402021	0.166666388889	0.00680272062567	0.910332541568
0.758595943451	0.0	0.166666388889	0.0	0.919239904988	0.0130711402021	0.166666388889	0.00680272062567	0.910332541568
0.661020815372	0.0	0.0	0.0	0.9216152019	0.0	0.0	0.0	0.90973871734
0.713031232357	0.0	0.0	0.0	0.9216152019	0.0	0.0	0.0	0.90973871734
0.712275505066	0.0	0.0	0.0	0.9216152019	0.0	0.0	0.0	0.90973871734
0.588416337967	0.0	0.0	0.0	0.9216152019	0.0	0.0	0.0	0.90973871734
0.70517295599	0.0	0.0	0.0	0.923990498812	0.0	0.0	0.0	0.90973871734
0.672279596329	0.0	0.0	0.0	0.923990498812	0.0	0.0	0.0	0.90973871734
0.691550314426	0.0	0.0	0.0	0.923990498812	0.0	0.0	0.0	0.90973871734
0.660144031048	0.0	0.0	0.0	0.923990498812	0.0	0.0	0.0	0.910926365796
0.605213582516	0.0	0.0	0.0	0.923990498812	0.0	0.0	0.0	0.910926365796
0.672925591469	0.0	0.0	0.0	0.923990498812	0.0	0.0	0.0	0.910926365796
0.720612466335	0.0	0.0	0.0	0.923990498812	0.0	0.0	0.0	0.910926365796
0.559199810028	0.0	0.0	0.0	0.923990498812	0.0	0.0	0.0	0.910926365796
0.471199780703	0.0	0.0	0.0	0.923990498812	0.0	0.0	0.0	0.910926365796
0.597097933292	0.0	0.0	0.0	0.923990498812	0.0	0.0	0.0	0.910926365796
0.687521100044	0.0	0.0	0.0	0.923990498812	0.0	0.0	0.0	0.911520190024
0.541540622711	0.0	0.0	0.0	0.923990498812	0.0	0.0	0.0	0.912114014252
0.555064082146	0.0	0.0	0.0	0.923990498812	0.0	0.0	0.0	0.912114014252
0.654281556606	0.0	0.0	0.0	0.923990498812	0.0	0.0	0.0	0.912114014252
0.628166139126	0.0	0.0	0.0	0.923990498812	0.0	0.0	0.0	0.911520190024
0.680349707603	0.0	0.0	0.0	0.923990498812	0.0	0.0	0.0	0.912114014252
0.698186576366	0.0	0.0	0.0	0.923990498812	0.0	0.0	0.0	0.912114014252
0.658384263515	0.0	0.0	0.0	0.923990498812	0.0	0.0	0.0	0.912114014252
0.613328039646	0.0	0.0	0.0	0.923990498812	0.0	0.0	0.0	0.912114014252
0.578042268753	0.0	0.0	0.0	0.923990498812	0.0	0.0	0.0	0.912114014252
0.564694702625	0.0	0.0	0.0	0.923990498812	0.0	0.0	0.0	0.912114014252
