cnn_hidden_size	(20, 10)
loss_weights	[0.125, 0.875]
lr	8.3863947804e-06
0.731408298016	0.185343137927	0.0808080803279	0.999999767442	0.102137767221	0.149531325122	0.0808080803279	0.999999926471	0.0813539192399
0.779002785683	0.185743447435	0.0809523804705	0.999999767442	0.104513064133	0.149778348418	0.0809523804705	0.999999926471	0.083135391924
0.716209590435	0.186145489886	0.0810488672166	0.999999767442	0.106888361045	0.149943484537	0.0810488672166	0.999999926471	0.08432304038
0.728770792484	0.192823361133	0.0830235434757	0.999999767442	0.144893111639	0.15314142191	0.0830235434757	0.985294045199	0.119952494062
0.69288033247	0.195897996186	0.0832803554782	0.999999767442	0.161520190024	0.153304560218	0.0832803554782	0.963235223292	0.140736342043
0.703011453152	0.179946610472	0.086257309311	0.813953299081	0.242280285036	0.156913246572	0.086257309311	0.867646995026	0.24703087886
0.721806704998	0.185674361763	0.0826188613981	0.813953299081	0.270783847981	0.149399251396	0.0826188613981	0.779411707396	0.28325415677
0.687335073948	0.176868238963	0.0820189265823	0.604651022174	0.425178147268	0.143512067598	0.0820189265823	0.573529369593	0.447149643705
0.703113377094	0.187967200276	0.0791366896986	0.581395213629	0.486935866983	0.136080060495	0.0791366896986	0.485294081964	0.502375296912
0.673442721367	0.163039878977	0.0887245824635	0.348837128177	0.634204275534	0.141798853211	0.0887245824635	0.352941150519	0.654988123515
0.662924945354	0.158532697149	0.0921658964939	0.302325511087	0.672209026128	0.140347238998	0.0921658964939	0.294117625433	0.709026128266
0.658007085323	0.1509385459	0.0903954751189	0.186046468361	0.78622327791	0.102231501221	0.0903954751189	0.117647050173	0.833135391924
0.675778985023	0.172038002225	0.0916030464425	0.186046468361	0.817102137767	0.0898826357476	0.0916030464425	0.0882352876298	0.855700712589
0.680308699608	0.0952337316153	0.0606060514233	0.0697674256355	0.86460807601	0.0395995573948	0.0606060514233	0.0294117625433	0.884798099762
0.602089524269	0.101690928047	0.0217391257089	0.0697674256355	0.874109263658	0.0109852337575	0.0217391257089	0.00735294063581	0.893111638955
0.647086799145	0.111107825882	0.0	0.0697674256355	0.885985748219	0.0	0.0	0.0	0.903206650831
0.648516833782	0.115381708649	0.0	0.0697674256355	0.890736342043	0.0	0.0	0.0	0.904988123515
0.666649162769	0.0416647830671	0.0	0.0232558085452	0.890736342043	0.0	0.0	0.0	0.909144893112
0.665711820126	0.0416647830671	0.0	0.0232558085452	0.890736342043	0.0	0.0	0.0	0.909144893112
0.598224878311	0.0416647830671	0.0	0.0232558085452	0.890736342043	0.0	0.0	0.0	0.912114014252
0.5461845994	0.04255161617	0.0	0.0232558085452	0.893111638955	0.0	0.0	0.0	0.91270783848
0.701071023941	0.04255161617	0.0	0.0232558085452	0.893111638955	0.0	0.0	0.0	0.913895486936
0.725024759769	0.0434770227152	0.0	0.0232558085452	0.895486935867	0.0	0.0	0.0	0.914489311164
0.704321205616	0.0444435753212	0.0	0.0232558085452	0.897862232779	0.0	0.0	0.0	0.914489311164
0.630186617374	0.0444435753212	0.0	0.0232558085452	0.897862232779	0.0	0.0	0.0	0.914489311164
0.622678518295	0.0	0.0	0.0	0.897862232779	0.0	0.0	0.0	0.914489311164
0.732308745384	0.0	0.0	0.0	0.897862232779	0.0	0.0	0.0	0.915083135392
0.71068751812	0.0	0.0	0.0	0.897862232779	0.0	0.0	0.0	0.91567695962
0.563030064106	0.0	0.0	0.0	0.897862232779	0.0	0.0	0.0	0.91567695962
0.482483655214	0.0	0.0	0.0	0.897862232779	0.0	0.0	0.0	0.91567695962
0.665001928806	0.0	0.0	0.0	0.897862232779	0.0	0.0	0.0	0.91567695962
0.677286863327	0.0	0.0	0.0	0.897862232779	0.0	0.0	0.0	0.916864608076
0.636110246181	0.0	0.0	0.0	0.897862232779	0.0	0.0	0.0	0.916864608076
0.554174721241	0.0	0.0	0.0	0.897862232779	0.0	0.0	0.0	0.916864608076
0.712373495102	0.0	0.0	0.0	0.897862232779	0.0	0.0	0.0	0.916864608076
0.638617575169	0.0	0.0	0.0	0.897862232779	0.0	0.0	0.0	0.918052256532
0.579330682755	0.0	0.0	0.0	0.897862232779	0.0	0.0	0.0	0.918052256532
0.796086668968	0.0	0.0	0.0	0.897862232779	0.0	0.0	0.0	0.918052256532
0.64124751091	0.0	0.0	0.0	0.897862232779	0.0	0.0	0.0	0.918052256532
0.717210769653	0.0	0.0	0.0	0.897862232779	0.0	0.0	0.0	0.918052256532
