cnn_hidden_size	(60, 30)
loss_weights	[0.050000000000000044, 0.95]
lr	0.0015352246942
0.636251747608	0.12472042858	0.0896674578998	0.999999642857	0.0665083135392	0.164576144548	0.0896674578998	0.999999933775	0.0896674584323
0.732871711254	0.116836740735	0.114341084163	0.607142640306	0.389548693587	0.199490584545	0.114341084163	0.78145690189	0.437648456057
0.786379516125	0.140843283101	0.121298948221	0.714285459184	0.420427553444	0.212017826743	0.121298948221	0.84105954695	0.439429928741
0.688296496868	0.147885536125	0.133333332007	0.749999732143	0.425178147268	0.231831634836	0.133333332007	0.887417159774	0.472684085511
0.594097316265	0.137703241514	0.119895741791	0.749999732143	0.375296912114	0.211979513081	0.119895741791	0.913907224245	0.390736342043
0.525433182716	0.144402504421	0.1339285701	0.714285459184	0.437054631829	0.232957177589	0.1339285701	0.894039675891	0.472090261283
0.750381827354	0.123247847234	0.112567462509	0.785714005102	0.256532066508	0.201655587654	0.112567462509	0.966887353186	0.313539192399
0.592315495014	0.130562266833	0.125317526458	0.785714005102	0.304038004751	0.222220208661	0.125317526458	0.980132385422	0.384798099762
0.440991312265	0.144794154125	0.160427805342	0.571428367347	0.55106888361	0.26696049159	0.160427805342	0.794701934126	0.608669833729
0.658280014992	0.146518294915	0.14225500377	0.714285459184	0.446555819477	0.245452172436	0.14225500377	0.894039675891	0.507125890736
0.47029209137	0.169640654524	0.156626503927	0.678571186225	0.558194774347	0.260576261284	0.156626503927	0.774834385773	0.605700712589
0.503611803055	0.144652473021	0.130167105276	0.821428278061	0.353919239905	0.229811591212	0.130167105276	0.980132385422	0.410926365796
0.500225543976	0.14225733376	0.154716979186	0.607142640306	0.513064133017	0.260039595006	0.154716979186	0.814569482479	0.58432304038
0.745433449745	0.150791663543	0.15248618616	0.678571186225	0.491686460808	0.261361180525	0.15248618616	0.913907224245	0.536817102138
0.519990503788	0.136361729824	0.14747039669	0.642856913265	0.458432304038	0.253701293696	0.14747039669	0.907284708127	0.521377672209
0.376952618361	0.158331259054	0.166666664654	0.678571186225	0.520190023753	0.281917712142	0.166666664654	0.913907224245	0.582541567696
0.502260804176	0.168065136668	0.172371636035	0.714285459184	0.529691211401	0.291019034893	0.172371636035	0.933774772598	0.592042755344
0.733420908451	0.138246587562	0.186141301819	0.535714094388	0.555819477435	0.308903594092	0.186141301819	0.907284708127	0.635985748219
0.444587498903	0.15384413122	0.165363126644	0.678571186225	0.503562945368	0.282980315802	0.165363126644	0.980132385422	0.554631828979
0.576637327671	0.149835466071	0.134113410134	0.821428278061	0.380047505938	0.236131011607	0.134113410134	0.986754901539	0.427553444181
0.371551334858	0.16759510756	0.191489358792	0.535714094388	0.646080760095	0.311492629762	0.191489358792	0.834437030832	0.669239904988
0.42098903656	0.164177221005	0.165363126644	0.785714005102	0.467933491686	0.282980315802	0.165363126644	0.980132385422	0.554631828979
0.398291647434	0.158588131761	0.187660665968	0.642856913265	0.546318289786	0.314313740159	0.187660665968	0.966887353186	0.621733966746
0.384693831205	0.164381316516	0.190039315989	0.642856913265	0.565320665083	0.317283886875	0.190039315989	0.960264837069	0.62945368171
0.64698779583	0.169997575034	0.205240171685	0.607142640306	0.605700712589	0.336512550678	0.205240171685	0.933774772598	0.669833729216
0.513900518417	0.189471151279	0.207936504636	0.642856913265	0.634204275534	0.335464221774	0.207936504636	0.867549611421	0.691805225653
0.447565317154	0.172411655793	0.177199502141	0.714285459184	0.543942992874	0.298535960401	0.177199502141	0.947019804833	0.600950118765
0.439651459455	0.133889133625	0.172781063044	0.571428367347	0.508313539192	0.29317011246	0.172781063044	0.966887353186	0.581947743468
0.16888204217	0.163739932332	0.24100718991	0.499999821429	0.660332541568	0.379063108128	0.24100718991	0.887417159774	0.739311163895
0.508247435093	0.194869315481	0.207207204096	0.678571186225	0.627078384798	0.337818275923	0.207207204096	0.913907224245	0.678741092637
0.490742385387	0.172411655793	0.185044357604	0.714285459184	0.543942992874	0.310635594614	0.185044357604	0.966887353186	0.615201900238
0.337334752083	0.163262840519	0.207334270701	0.571428367347	0.610451306413	0.341857562139	0.207334270701	0.973509869304	0.663895486936
0.315478354692	0.166664497565	0.193050190566	0.678571186225	0.548693586698	0.323273130341	0.193050190566	0.993377417657	0.627078384798
0.245844602585	0.146064748185	0.241554049974	0.464285548469	0.638954869359	0.384922726887	0.241554049974	0.947019804833	0.728622327791
0.435035765171	0.168418521921	0.23285486072	0.571428367347	0.624703087886	0.375318198789	0.23285486072	0.966887353186	0.711401425178
0.220447659492	0.170851836098	0.22205437731	0.607142640306	0.608076009501	0.361620582655	0.22205437731	0.973509869304	0.691805225653
0.316000491381	0.144733817583	0.277343744583	0.392857002551	0.691211401425	0.428352427247	0.277343744583	0.940397288715	0.774940617577
0.474365115166	0.147724580368	0.238562087605	0.464285548469	0.643705463183	0.382696684185	0.238562087605	0.966887353186	0.720308788599
0.298010021448	0.158727617967	0.228209188142	0.535714094388	0.622327790974	0.368283319438	0.228209188142	0.953642320951	0.706650831354
0.385167807341	0.158876215422	0.202721085677	0.607142640306	0.572446555819	0.336340279898	0.202721085677	0.986754901539	0.650831353919
