cnn_hidden_size	(80, 40)
loss_weights	[0.125, 0.875]
lr	0.00016626592254
0.680708527565	0.0	0.0698924693606	0.0	0.805225653207	0.0762413714837	0.0698924693606	0.0838709623309	0.812945368171
0.637903749943	0.0	0.158730133535	0.0	0.904988123515	0.0917390015306	0.158730133535	0.0645161248699	0.88242280285
0.601418793201	0.0384565538967	0.21874998291	0.0416666493056	0.881235154394	0.197874890309	0.21874998291	0.180645149636	0.865201900238
0.542195618153	0.0	0.333333240741	0.0	0.916864608076	0.125651378052	0.333333240741	0.0774193498439	0.900831353919
0.742144703865	0.0	0.499997500012	0.0	0.942992874109	0.0127386003527	0.499997500012	0.00645161248699	0.907957244656
0.647221803665	0.0	0.238636336519	0.0	0.907363420428	0.172834872179	0.238636336519	0.135483862227	0.880641330166
0.5858258605	0.0476141274878	0.306666625778	0.0416666493056	0.904988123515	0.19999558762	0.306666625778	0.148387087201	0.890736342043
0.602709412575	0.044439447471	0.303571401467	0.0416666493056	0.897862232779	0.254676758639	0.303571401467	0.219354824558	0.881828978622
0.645195424557	0.129027471558	0.282178203853	0.166666597222	0.871733966746	0.319322799941	0.282178203853	0.367741911759	0.855700712589
0.754466831684	0.108691772348	0.211538454758	0.208333246528	0.805225653207	0.28265079933	0.211538454758	0.425806424142	0.80106888361
0.628101289272	0.117642456924	0.256637156786	0.166666597222	0.857482185273	0.304457099986	0.256637156786	0.374193524246	0.842636579572
0.599741876125	0.126122714156	0.20256409737	0.291666545139	0.769596199525	0.289904175935	0.20256409737	0.509677386472	0.770190023753
0.517335832119	0.153842236542	0.255033548489	0.291666545139	0.817102137767	0.335536322346	0.255033548489	0.490322549011	0.821258907363
0.686935067177	0.14285259606	0.270916323868	0.208333246528	0.857482185273	0.334970632574	0.270916323868	0.438709649116	0.839667458432
0.664412200451	0.119562936007	0.178041540385	0.458333142361	0.615201900238	0.289502381002	0.178041540385	0.774193498439	0.650237529691
0.49006870389	0.158725391926	0.280193223179	0.208333246528	0.874109263658	0.320437074493	0.280193223179	0.374193524246	0.853919239905
0.401138037443	0.135588348347	0.328282811703	0.166666597222	0.878859857482	0.368267008067	0.328282811703	0.419354811655	0.86757719715
0.7345058918	0.0563335373518	0.273858909798	0.0833332986111	0.840855106888	0.333328552384	0.273858909798	0.425806424142	0.8432304038
0.600028932095	0.124135151547	0.206963245513	0.37499984375	0.698337292162	0.318448822451	0.206963245513	0.690322536108	0.728028503563
0.69260340929	0.134143826637	0.20032050961	0.458333142361	0.66270783848	0.320921066011	0.20032050961	0.806451560874	0.685866983373
0.442538261414	0.14544957372	0.32558137642	0.166666597222	0.888361045131	0.342502637898	0.32558137642	0.361290299272	0.872327790974
0.712692320347	0.141729195924	0.221006559715	0.37499984375	0.74109263658	0.330061566268	0.221006559715	0.651612861186	0.756532066508
0.500059247017	0.129626148926	0.249999993812	0.291666545139	0.776722090261	0.361355549854	0.249999993812	0.651612861186	0.788004750594
0.822255373001	0.118808234597	0.260869557656	0.249999895833	0.788598574822	0.359995707651	0.260869557656	0.580645123829	0.809976247031
0.509287655354	0.135130715993	0.310204068971	0.208333246528	0.847980997625	0.379995234184	0.310204068971	0.490322549011	0.852731591449
0.68299394846	0.142852194045	0.357615870357	0.166666597222	0.885985748219	0.352936154328	0.357615870357	0.348387074298	0.88242280285
0.506377518177	0.124997204922	0.225563905535	0.37499984375	0.700712589074	0.349341473733	0.225563905535	0.774193498439	0.734560570071
0.5633238554	0.126311986816	0.285294109256	0.249999895833	0.802850356295	0.391914874529	0.285294109256	0.625806411238	0.821258907363
0.485095590353	0.1081046994	0.266343819217	0.249999895833	0.764845605701	0.387319961668	0.266343819217	0.709677373569	0.793349168646
0.618234634399	0.14034595277	0.34736840277	0.166666597222	0.883610451306	0.382603724996	0.34736840277	0.425806424142	0.87351543943
0.647924602032	0.11110831797	0.222846437774	0.333333194445	0.695961995249	0.345424659656	0.222846437774	0.767741885952	0.732185273159
0.553058624268	0.166663865786	0.234432230139	0.499999791667	0.714964370546	0.365189127201	0.234432230139	0.825806398335	0.735748218527
0.535079479218	0.11999632811	0.292613628051	0.249999895833	0.790973871734	0.406307375992	0.292613628051	0.66451608616	0.821258907363
0.747013509274	0.133328489062	0.343137238082	0.166666597222	0.87648456057	0.389967216331	0.343137238082	0.451612874089	0.869952494062
0.435099005699	0.123073893564	0.24683543783	0.333333194445	0.729216152019	0.372015352137	0.24683543783	0.754838660978	0.765439429929
0.422979235649	0.11904350921	0.303630353015	0.208333246528	0.824228028504	0.401742229508	0.303630353015	0.593548348803	0.83729216152
0.355500042439	0.136359638545	0.324840753986	0.249999895833	0.819477434679	0.434963573224	0.324840753986	0.658064473673	0.842636579572
0.421079218388	0.191485518409	0.293103439853	0.37499984375	0.819477434679	0.405562320437	0.293103439853	0.658064473673	0.822446555819
0.379476070404	0.137251276526	0.295081959151	0.291666545139	0.790973871734	0.414583136267	0.295081959151	0.696774148595	0.818883610451
0.438946127892	0.126979370293	0.391304328922	0.166666597222	0.869358669834	0.447508890655	0.391304328922	0.522580611446	0.881235154394
