cnn_hidden_size	(80, 40)
loss_weights	[0.2250000000000001, 0.7749999999999999]
lr	0.0035346441442
0.705293178558	0.0	0.0	0.0	0.912114014252	0.0	0.0	0.0	0.91567695962
0.635305166245	0.0	0.333332962963	0.0	0.904988123515	0.039733973102	0.333332962963	0.0211267590756	0.913895486936
0.512691557407	0.0	0.0	0.0	0.912114014252	0.0	0.0	0.0	0.91567695962
0.586772382259	0.0	0.29999994	0.0	0.874109263658	0.156246131822	0.29999994	0.105633795378	0.903800475059
0.551888346672	0.0	0.235294048443	0.0	0.900237529691	0.0909059634329	0.235294048443	0.0563380242015	0.904988123515
0.0992056280375	0.0	0.499998750003	0.0	0.90973871734	0.0273967235971	0.499998750003	0.0140845060504	0.91567695962
0.46287086606	0.0363592203674	0.212389361735	0.0270270197224	0.874109263658	0.188230344151	0.212389361735	0.169014072605	0.877078384798
0.435286700726	0.105258133894	0.242424230181	0.10810807889	0.838479809976	0.282348060291	0.242424230181	0.338028145209	0.855106888361
0.489849984646	0.0294067958194	0.269999973	0.0270270197224	0.8432304038	0.223135628136	0.269999973	0.19014083168	0.888361045131
0.576996684074	0.0	0.346938704706	0.0	0.883610451306	0.178006638057	0.346938704706	0.119718301428	0.9067695962
0.381478250027	0.0	0.317073144953	0.0	0.838479809976	0.294334626214	0.317073144953	0.274647867983	0.888954869359
0.458711177111	0.032253242133	0.318181789256	0.0270270197224	0.857482185273	0.277772836444	0.318181789256	0.246478855882	0.891923990499
0.376173198223	0.044441501425	0.263157756233	0.0270270197224	0.897862232779	0.0621097118857	0.263157756233	0.035211265126	0.910332541568
0.483034402132	0.162157118489	0.271084321019	0.162162118335	0.852731591449	0.292202803677	0.271084321019	0.316901386134	0.87054631829
0.293661177158	0.12307198126	0.28787876607	0.10810807889	0.86460807601	0.277367249277	0.28787876607	0.267605614957	0.88242280285
0.493464678526	0.03508315233	0.351851786694	0.0270270197224	0.869358669834	0.193873539232	0.351851786694	0.133802807479	0.906175771971
0.369161635637	0.0416631166178	0.256410223537	0.0270270197224	0.890736342043	0.181813588545	0.256410223537	0.140845060504	0.893111638955
0.344705581665	0.0	0.478260765595	0.0	0.881235154394	0.234038832109	0.478260765595	0.154929566554	0.914489311164
0.39760684967	0.0799961201842	0.34210517313	0.0540540394449	0.890736342043	0.144441097607	0.34210517313	0.0915492893275	0.908551068884
0.379683405161	0.0983558508093	0.428571381476	0.0810810591673	0.869358669834	0.334759159382	0.428571381476	0.274647867983	0.907957244656
0.284976422787	0.0357097901032	0.430555495756	0.0270270197224	0.871733966746	0.289715134142	0.430555495756	0.218309843781	0.90973871734
0.722314715385	0.0789423514242	0.314465389027	0.0810810591673	0.833729216152	0.33222090757	0.314465389027	0.35211265126	0.880641330166
0.322769463062	0.0425498237118	0.499999924242	0.0270270197224	0.893111638955	0.317303329386	0.499999924242	0.232394349831	0.91567695962
0.953620016575	0.0	0.454545316804	0.0	0.900237529691	0.171425491646	0.454545316804	0.105633795378	0.913895486936
0.556717038155	0.0	0.435897324129	0.0	0.890736342043	0.187841902322	0.435897324129	0.119718301428	0.91270783848
0.275321900845	0.189184138189	0.37956201609	0.189189138057	0.857482185273	0.372754831583	0.37956201609	0.36619715731	0.896080760095
0.226732492447	0.107138335646	0.494117588927	0.0810810591673	0.881235154394	0.370039335579	0.494117588927	0.295774627058	0.915083135392
0.592861652374	0.131573916395	0.329113903221	0.135135098612	0.8432304038	0.346661657849	0.329113903221	0.36619715731	0.883610451306
0.308317601681	0.114280698176	0.379844931795	0.10810807889	0.852731591449	0.361618601123	0.379844931795	0.345070398234	0.897268408551
0.374018073082	0.0895472669249	0.46399996288	0.0810810591673	0.855106888361	0.434451916622	0.46399996288	0.408450675461	0.910332541568
0.485034883022	0.133328298854	0.364779851272	0.135135098612	0.845605700713	0.385377050207	0.364779851272	0.408450675461	0.890142517815
0.431234836578	0.208950216201	0.37837834429	0.189189138057	0.874109263658	0.332010859171	0.37837834429	0.295774627058	0.899643705463
0.658745467663	0.209297374371	0.377551001145	0.243243177502	0.838479809976	0.437864924252	0.377551001145	0.521126723864	0.887173396675
0.344291746616	0.151893715914	0.289017324334	0.162162118335	0.840855106888	0.317455345807	0.289017324334	0.35211265126	0.872327790974
0.347041189671	0.133328298854	0.348837189021	0.135135098612	0.845605700713	0.382160626459	0.348837189021	0.422535181512	0.884798099762
0.551581740379	0.0937450930272	0.435294066436	0.0810810591673	0.862232779097	0.325986476032	0.435294066436	0.260563361932	0.909144893112
0.433800160885	0.142852179875	0.333333305556	0.162162118335	0.828978622328	0.305338523477	0.333333305556	0.281690121008	0.891923990499
0.421075224876	0.123706595992	0.318840564307	0.162162118335	0.79809976247	0.378218647528	0.318840564307	0.464788699663	0.871140142518
0.705684185028	0.161285458	0.51612897676	0.135135098612	0.87648456057	0.40850582097	0.51612897676	0.338028145209	0.917458432304
0.264245122671	0.0882303073723	0.424242392103	0.0810810591673	0.852731591449	0.408754100972	0.424242392103	0.394366169411	0.903800475059
