cnn_hidden_size	(80, 40)
loss_weights	[0.35, 0.65]
lr	0.000513165495515
0.66111856699	0.0	0.0	0.0	0.904988123515	0.0	0.0	0.0	0.916270783848
0.315948486328	0.0	0.0	0.0	0.904988123515	0.0	0.0	0.0	0.917458432304
0.526011884212	0.0	0.0	0.0	0.904988123515	0.0	0.0	0.0	0.917458432304
0.101718150079	0.0	0.0	0.0	0.904988123515	0.0	0.0	0.0	0.917458432304
0.39421582222	0.0	0.0	0.0	0.904988123515	0.0	0.0	0.0	0.917458432304
0.53533822298	0.0	0.0	0.0	0.904988123515	0.0	0.0	0.0	0.917458432304
0.213157743216	0.0	0.0	0.0	0.904988123515	0.0	0.0	0.0	0.917458432304
0.38583740592	0.0487799881026	0.428570816327	0.02499999375	0.907363420428	0.0410949718713	0.428570816327	0.0215827322602	0.916864608076
0.38838788867	0.0	0.0	0.0	0.904988123515	0.0	0.0	0.0	0.917458432304
0.402957975864	0.0869542155578	0.583332847223	0.0499999875	0.900237529691	0.0927137564363	0.583332847223	0.0503597086072	0.91864608076
0.229496747255	0.0	0.333332222226	0.0	0.904988123515	0.014084091461	0.333332222226	0.00719424408675	0.916864608076
0.486817955971	0.0888868741153	0.526315512466	0.0499999875	0.902612826603	0.126580146646	0.526315512466	0.0719424408675	0.918052256532
0.119349479675	0.0909073967212	0.749999062501	0.0499999875	0.904988123515	0.0816316127658	0.749999062501	0.0431654645205	0.919833729216
0.308823049068	0.127656985109	0.49999984375	0.07499998125	0.902612826603	0.187131438782	0.49999984375	0.115107905388	0.917458432304
0.178129091859	0.0	0.0	0.0	0.904988123515	0.0	0.0	0.0	0.917458432304
0.321480572224	0.0425506384468	0.730768949704	0.02499999375	0.893111638955	0.230300347505	0.730768949704	0.136690637648	0.92458432304
0.26241543889	0.0799967681266	0.633333122222	0.0499999875	0.890736342043	0.224849124368	0.633333122222	0.136690637648	0.922209026128
0.158527255058	0.0	0.999996666678	0.0	0.904988123515	0.0422531015699	0.999996666678	0.0215827322602	0.919239904988
0.214173525572	0.119398137864	0.526315720222	0.099999975	0.859857482185	0.372088418012	0.526315720222	0.28776976347	0.919833729216
0.0507821813226	0.0487799881026	0.999998000004	0.02499999375	0.907363420428	0.0694437644729	0.999998000004	0.0359712204337	0.920427553444
0.284041255713	0.126577247433	0.46399996288	0.12499996875	0.836104513064	0.439388920224	0.46399996288	0.417266157031	0.912114014252
0.289634615183	0.109086902623	0.716666547222	0.07499998125	0.883610451306	0.432156548613	0.716666547222	0.30935249573	0.932897862233
0.241894319654	0.068961213107	0.5294116609	0.0499999875	0.871733966746	0.284206569029	0.5294116609	0.194244590342	0.919239904988
0.309870302677	0.122445930934	0.837837611395	0.07499998125	0.897862232779	0.352269366637	0.837837611395	0.223021566689	0.932304038005
0.20752364397	0.0895474005703	0.557894678116	0.07499998125	0.855106888361	0.45298659111	0.557894678116	0.381294936597	0.923990498812
0.102222457528	0.0476181179272	0.74999953125	0.02499999375	0.904988123515	0.154836838315	0.74999953125	0.0863309290409	0.922209026128
0.341153681278	0.123451760605	0.495798277664	0.12499996875	0.83135391924	0.457359335731	0.495798277664	0.424460401118	0.916864608076
0.405837714672	0.0952334293008	0.647058728374	0.07499998125	0.86460807601	0.425116320146	0.647058728374	0.316546739817	0.929334916865
0.353768050671	0.109086902623	0.611111026235	0.07499998125	0.883610451306	0.417057076035	0.611111026235	0.316546739817	0.926959619952
0.327559411526	0.149248875183	0.69230761623	0.12499996875	0.86460807601	0.547821257131	0.69230761623	0.453237377465	0.938242280285
0.299637764692	0.115937122658	0.607843077662	0.099999975	0.855106888361	0.514517896777	0.607843077662	0.446043133378	0.930522565321
0.253400355577	0.101690514407	0.777777654321	0.07499998125	0.874109263658	0.485144174629	0.777777654321	0.352517960251	0.938242280285
0.32371917367	0.115937122658	0.618556637262	0.099999975	0.855106888361	0.508469691586	0.618556637262	0.431654645205	0.931116389549
0.520524382591	0.20512315594	0.695238029025	0.19999995	0.852731591449	0.598355703816	0.695238029025	0.525179818332	0.941805225653
0.133362859488	0.111107229213	0.824561258849	0.07499998125	0.885985748219	0.479587662988	0.824561258849	0.338129472077	0.939429928741
0.327682465315	0.179770291766	0.514124264739	0.19999995	0.826603325416	0.575944402982	0.514124264739	0.654676211894	0.920427553444
0.241132080555	0.153841372927	0.759999898667	0.12499996875	0.869358669834	0.532705677827	0.759999898667	0.410071912944	0.940617577197
0.230520784855	0.181813181953	0.60810806702	0.19999995	0.828978622328	0.627172661599	0.60810806702	0.647481967807	0.936460807601
0.125877737999	0.105258935223	0.898304932491	0.07499998125	0.878859857482	0.535349297553	0.898304932491	0.381294936597	0.945368171021
0.269974946976	0.128200098814	0.742857072109	0.12499996875	0.838479809976	0.639339307012	0.742857072109	0.561151038766	0.947743467933
