cnn_hidden_size	(40, 20)
loss_weights	[0.35, 0.65]
lr	0.00138262321794
0.759945333004	0.0	0.0	0.0	0.914489311164	0.0	0.0	0.0	0.910332541568
0.511783182621	0.0	0.0	0.0	0.919239904988	0.0	0.0	0.0	0.913895486936
0.531769633293	0.0	0.0	0.0	0.919239904988	0.0	0.0	0.0	0.913895486936
0.50570577383	0.0	0.0	0.0	0.919239904988	0.0	0.0	0.0	0.913895486936
0.248530492187	0.0	0.0	0.0	0.919239904988	0.0	0.0	0.0	0.913895486936
0.23222707212	0.0	0.9999900001	0.0	0.919239904988	0.0136984922124	0.9999900001	0.00689655124851	0.914489311164
0.0938496589661	0.0	0.0	0.0	0.919239904988	0.0	0.0	0.0	0.913895486936
0.572027564049	0.0	0.666664444452	0.0	0.919239904988	0.0270266261916	0.666664444452	0.013793102497	0.914489311164
0.48898178339	0.0	0.9999900001	0.0	0.919239904988	0.0136984922124	0.9999900001	0.00689655124851	0.914489311164
0.469149082899	0.0	0.999996666678	0.0	0.919239904988	0.040540137877	0.999996666678	0.0206896537455	0.91567695962
0.297058194876	0.0	0.799998400003	0.0	0.919239904988	0.0533326817844	0.799998400003	0.0275862049941	0.91567695962
0.414017736912	0.0	0.999995000025	0.0	0.919239904988	0.0272106122463	0.999995000025	0.013793102497	0.915083135392
0.132933497429	0.0	0.799998400003	0.0	0.919239904988	0.0533326817844	0.799998400003	0.0275862049941	0.91567695962
0.314443141222	0.0	0.999996666678	0.0	0.919239904988	0.040540137877	0.999996666678	0.0206896537455	0.91567695962
0.281826049089	0.0	0.736841717452	0.0	0.90973871734	0.170729637888	0.736841717452	0.0965517174792	0.919239904988
0.453347921371	0.0	0.999997500006	0.0	0.919239904988	0.0536907454658	0.999997500006	0.0275862049941	0.916270783848
0.232021763921	0.0	0.999999000001	0.0	0.916864608076	0.12903103435	0.999999000001	0.0689655124851	0.919833729216
0.1830432266	0.0	0.604651022174	0.0	0.904988123515	0.27659218712	0.604651022174	0.179310332461	0.919239904988
0.257545918226	0.047615941241	0.621621453616	0.0294117560554	0.904988123515	0.252743985671	0.621621453616	0.158620678716	0.919239904988
0.172628030181	0.0	0.78571372449	0.0	0.916864608076	0.138363156538	0.78571372449	0.0758620637337	0.91864608076
0.296466261148	0.0	0.589743438527	0.0	0.893111638955	0.249996632251	0.589743438527	0.158620678716	0.918052256532
0.406662762165	0.0526296676542	0.781249755859	0.0294117560554	0.914489311164	0.282482881706	0.781249755859	0.172413781213	0.92458432304
0.386411368847	0.173909111616	0.583333236111	0.117647024221	0.90973871734	0.341459240978	0.583333236111	0.241379293698	0.919833729216
0.226153820753	0.0930199027663	0.641509312923	0.0588235121107	0.907363420428	0.34343038827	0.641509312923	0.234482742449	0.922802850356
0.502706885338	0.111106406231	0.54999993125	0.0882352681661	0.885985748219	0.391106493683	0.54999993125	0.303448254935	0.91864608076
0.297224998474	0.105261218867	0.777777561728	0.0588235121107	0.919239904988	0.309389044323	0.777777561728	0.193103434958	0.925771971496
0.371578365564	0.0499974251276	0.78571409864	0.0294117560554	0.90973871734	0.352937655672	0.78571409864	0.227586191201	0.928147268409
0.291005462408	0.177774005014	0.703703573388	0.117647024221	0.912114014252	0.381905554951	0.703703573388	0.262068947444	0.926959619952
0.191330015659	0.18181313145	0.447852733261	0.176470536332	0.871733966746	0.474020960375	0.447852733261	0.503448241142	0.903800475059
0.292729347944	0.137926135723	0.563636312397	0.117647024221	0.881235154394	0.486269565909	0.563636312397	0.427586177408	0.922209026128
0.230196788907	0.0952349660844	0.857142682216	0.0588235121107	0.90973871734	0.432985870476	0.857142682216	0.289655152438	0.934679334917
0.28154951334	0.203384878026	0.610169439816	0.176470536332	0.888361045131	0.547523528215	0.610169439816	0.496551689893	0.929334916865
0.179532855749	0.142853990994	0.928571207483	0.0882352681661	0.914489311164	0.417108771798	0.928571207483	0.268965498692	0.935273159145
0.272567749023	0.0833291668708	0.677419281998	0.0588235121107	0.895486935867	0.529406958944	0.677419281998	0.434482728656	0.933491686461
0.1338365376	0.0754670704117	0.773809431689	0.0588235121107	0.883610451306	0.567680894758	0.773809431689	0.448275831153	0.941211401425
0.160992220044	0.206891629127	0.706421953539	0.176470536332	0.890736342043	0.606294265338	0.706421953539	0.531034446136	0.940617577197
0.154899328947	0.159995584118	0.866666551111	0.117647024221	0.900237529691	0.590904543423	0.866666551111	0.448275831153	0.946555819477
0.38096383214	0.188674574694	0.676470521915	0.147058780277	0.897862232779	0.558699559779	0.676470521915	0.475862036147	0.935273159145
0.264572054148	0.15384156818	0.676470521915	0.117647024221	0.895486935867	0.558699559779	0.676470521915	0.475862036147	0.935273159145
0.173386380076	0.156858239264	0.681818119835	0.117647024221	0.897862232779	0.588230342217	0.681818119835	0.517241343639	0.937648456057
