cnn_hidden_size	(20, 10)
loss_weights	[0.25, 0.75]
lr	0.0027728241828
0.572192490101	0.0	0.0	0.0	0.885985748219	0.0	0.0	0.0	0.922209026128
0.573458433151	0.197364073848	0.11780821595	0.312499934896	0.710213776722	0.173383202724	0.11780821595	0.328244249752	0.756532066508
0.283639431	0.0	0.0	0.0	0.885985748219	0.0	0.0	0.0	0.922209026128
0.550935864449	0.079999200004	0.249999375002	0.0416666579861	0.890736342043	0.0148142376067	0.249999375002	0.00763358720354	0.921021377672
0.578246414661	0.0408159100377	0.333332222226	0.0208333289931	0.888361045131	0.0149249331814	0.333332222226	0.00763358720354	0.9216152019
0.501506328583	0.0	0.666664444452	0.0	0.885985748219	0.0298503040817	0.666664444452	0.0152671744071	0.922802850356
0.478337496519	0.0689626398312	0.171428522449	0.0416666579861	0.871733966746	0.0722858203008	0.171428522449	0.0458015232213	0.908551068884
0.272983103991	0.0	0.9999900001	0.0	0.885985748219	0.0151513624885	0.9999900001	0.00763358720354	0.922802850356
0.546126782894	0.0952344370232	0.191176442474	0.0624999869792	0.86460807601	0.130648754479	0.191176442474	0.0992366336461	0.897268408551
0.316432535648	0.133330088965	0.265306068305	0.0833333159722	0.87648456057	0.144440466158	0.265306068305	0.0992366336461	0.908551068884
0.523136913776	0.10169184726	0.204545408058	0.0624999869792	0.874109263658	0.102853366995	0.204545408058	0.0687022848319	0.9067695962
0.410301327705	0.126980458657	0.227272701446	0.0833333159722	0.869358669834	0.182643578034	0.227272701446	0.152671744071	0.893705463183
0.240479409695	0.0701727547929	0.266666577778	0.0416666579861	0.874109263658	0.099375837444	0.266666577778	0.0610686976283	0.913895486936
0.706094503403	0.079999200004	0.499999722222	0.0416666579861	0.890736342043	0.12080322872	0.499999722222	0.0687022848319	0.922209026128
0.556296050549	0.11320579568	0.478260661626	0.0624999869792	0.888361045131	0.142854583448	0.478260661626	0.083969459239	0.9216152019
0.219870731235	0.0408159100377	0.833331944447	0.0208333289931	0.888361045131	0.0729918525312	0.833331944447	0.0381679360177	0.92458432304
0.671525657177	0.0701727547929	0.59999976	0.0416666579861	0.874109263658	0.192304976204	0.59999976	0.114503808053	0.925178147268
0.116250500083	0.0408159100377	0.857141632655	0.0208333289931	0.888361045131	0.0869555461133	0.857141632655	0.0458015232213	0.925178147268
0.499414116144	0.166662176044	0.361904727438	0.124999973958	0.857482185273	0.322028931776	0.361904727438	0.290076313735	0.904988123515
0.505490124226	0.0784302345378	0.571428163266	0.0416666579861	0.888361045131	0.110343067803	0.571428163266	0.0610686976283	0.923396674584
0.130998283625	0.0408159100377	0.888887901236	0.0208333289931	0.888361045131	0.11428449491	0.888887901236	0.0610686976283	0.926365795724
0.890000522137	0.067793553711	0.357142772109	0.0416666579861	0.869358669834	0.173406707953	0.357142772109	0.114503808053	0.915083135392
0.352117538452	0.0784302345378	0.764705432526	0.0416666579861	0.888361045131	0.17567361854	0.764705432526	0.0992366336461	0.927553444181
0.273510396481	0.119398886304	0.435897380013	0.0833333159722	0.859857482185	0.325354142143	0.435897380013	0.25954196492	0.916270783848
0.0892175585032	0.0754699608764	0.566666477778	0.0416666579861	0.883610451306	0.211177065743	0.566666477778	0.12977098246	0.92458432304
0.448891162872	0.0967706660983	0.444444389575	0.0624999869792	0.866983372922	0.339617887659	0.444444389575	0.274809139328	0.916864608076
0.359956979752	0.079999200004	0.692307159764	0.0416666579861	0.890736342043	0.124998340106	0.692307159764	0.0687022848319	0.925178147268
0.377783328295	0.0937462208523	0.442622878259	0.0624999869792	0.862232779097	0.281245635375	0.442622878259	0.206106854496	0.918052256532
0.608565628529	0.0655703952256	0.394736790166	0.0416666579861	0.86460807601	0.289850397517	0.394736790166	0.229007616106	0.91270783848
0.462721794844	0.133330088965	0.515151437098	0.0833333159722	0.87648456057	0.345173174321	0.515151437098	0.25954196492	0.923396674584
0.385753840208	0.149249623634	0.36082470507	0.104166644965	0.86460807601	0.307012628194	0.36082470507	0.267175552124	0.906175771971
0.295945733786	0.171424212353	0.476744130611	0.124999973958	0.862232779097	0.377875364583	0.476744130611	0.312977075345	0.919833729216
0.198061794043	0.181813181953	0.396226390174	0.166666631944	0.828978622328	0.434477775324	0.396226390174	0.480915993823	0.902612826603
0.600676834583	0.131574259167	0.431192620992	0.104166644965	0.8432304038	0.391661676104	0.431192620992	0.358778598567	0.913301662708
0.235439509153	0.067793553711	0.532257978668	0.0416666579861	0.869358669834	0.341964515613	0.532257978668	0.251908377717	0.92458432304
0.38158595562	0.10169184726	0.621212027089	0.0624999869792	0.874109263658	0.416239156944	0.621212027089	0.312977075345	0.931710213777
0.225667715073	0.213328668544	0.424460401118	0.166666631944	0.859857482185	0.437032009111	0.424460401118	0.450381645009	0.90973871734
0.343034505844	0.0952344370232	0.507042182107	0.0624999869792	0.86460807601	0.356431049465	0.507042182107	0.274809139328	0.922802850356
0.245272710919	0.195117049496	0.396226390174	0.166666631944	0.8432304038	0.434477775324	0.396226390174	0.480915993823	0.902612826603
0.706200063229	0.0701727547929	0.699999883333	0.0416666579861	0.874109263658	0.439786220815	0.699999883333	0.320610662549	0.936460807601
