cnn_hidden_size	(60, 30)
loss_weights	[0.07500000000000007, 0.9249999999999999]
lr	0.000121153799925
0.682604789734	0.183621071509	0.0891986056502	0.948717705457	0.218527315914	0.162538060739	0.0891986056502	0.91428564898	0.21674584323
0.682352185249	0.184207674328	0.120343837817	0.538461400395	0.558194774347	0.200474539145	0.120343837817	0.599999957143	0.602137767221
0.6697691679	0.173008033939	0.120253163288	0.64102547666	0.432304038005	0.209556577324	0.120253163288	0.814285656122	0.489311163895
0.648491442204	0.184610527935	0.2155172228	0.153846114398	0.874109263658	0.195307528812	0.2155172228	0.178571415816	0.877672209026
0.641023933887	0.195873056169	0.158790167131	0.487179362262	0.62945368171	0.251117759276	0.158790167131	0.599999957143	0.702494061758
0.582586288452	0.15928748701	0.192771076596	0.230769171598	0.774346793349	0.246782012365	0.192771076596	0.342857118367	0.826009501188
0.55859786272	0.196528276984	0.170731703847	0.435897324129	0.669833729216	0.265819327476	0.170731703847	0.599999957143	0.724465558195
0.627833425999	0.216491610739	0.164948450774	0.538461400395	0.638954869359	0.265924844383	0.164948450774	0.685714236735	0.685273159145
0.692489922047	0.16782817751	0.189041090711	0.307692228797	0.717339667458	0.273263308519	0.189041090711	0.492857107653	0.782066508314
0.61436611414	0.156858926146	0.181159415914	0.307692228797	0.693586698337	0.270754336092	0.181159415914	0.535714247449	0.760095011876
0.635501682758	0.191916009132	0.167844520003	0.487179362262	0.619952494062	0.269118625899	0.167844520003	0.678571380102	0.693586698337
0.586269497871	0.183147720785	0.141509432294	0.64102547666	0.470308788599	0.242912542436	0.141509432294	0.857142795918	0.555819477435
0.529394090176	0.195741895919	0.156593404442	0.589743438527	0.55106888361	0.26267009952	0.156593404442	0.814285656122	0.619952494062
0.61405223608	0.208088969285	0.173038225895	0.461538343195	0.67458432304	0.270012260615	0.173038225895	0.614285670408	0.723871733967
0.553104281425	0.206893049999	0.187499996338	0.461538343195	0.672209026128	0.294475146262	0.187499996338	0.685714236735	0.726840855107
0.792385280132	0.146063977482	0.184971094702	0.333333247863	0.638954869359	0.291347176083	0.184971094702	0.685714236735	0.722684085511
0.822790503502	0.153841114561	0.240506313892	0.153846114398	0.8432304038	0.25502855827	0.240506313892	0.271428552041	0.868171021378
0.603855907917	0.163518289708	0.216091949055	0.333333247863	0.684085510689	0.326952826476	0.216091949055	0.671428523469	0.770190023753
0.398782372475	0.162958830282	0.213888882948	0.28205120973	0.731591448931	0.307995955733	0.213888882948	0.549999960714	0.794536817102
0.538504958153	0.196717936096	0.185823751229	0.461538343195	0.650831353919	0.293048015573	0.185823751229	0.692857093367	0.722090261283
0.652514338493	0.157138815409	0.218918913002	0.28205120973	0.719714964371	0.317643063333	0.218918913002	0.578571387245	0.793349168646
0.759470403194	0.179996842554	0.175911249193	0.461538343195	0.610451306413	0.287934763548	0.175911249193	0.792857086224	0.673990498812
0.612362742424	0.186989186699	0.158322054691	0.589743438527	0.524940617577	0.266208919978	0.158322054691	0.83571422602	0.616983372922
0.627397298813	0.196075319637	0.182266006859	0.512820381328	0.610451306413	0.296392146141	0.182266006859	0.792857086224	0.687054631829
0.440055727959	0.182737922702	0.185618725993	0.461538343195	0.61757719715	0.300809925708	0.185618725993	0.792857086224	0.693586698337
0.644820570946	0.167535999624	0.198095234322	0.410256305062	0.622327790974	0.312778621416	0.198095234322	0.742857089796	0.728622327791
0.646690905094	0.199092098074	0.175840975905	0.564102419461	0.579572446556	0.289669632157	0.175840975905	0.821428512755	0.665083135392
0.495771408081	0.162787172195	0.218894004173	0.35897426693	0.657957244656	0.331006753188	0.218894004173	0.678571380102	0.771971496437
0.5890147686	0.207917655668	0.182885902972	0.538461400395	0.619952494062	0.296192563462	0.182885902972	0.778571372959	0.692399049881
0.563578367233	0.162787172195	0.213572850028	0.35897426693	0.657957244656	0.333849929625	0.213572850028	0.764285659694	0.746437054632
0.445856601	0.156859637219	0.192434207361	0.410256305062	0.591448931116	0.312831173569	0.192434207361	0.83571422602	0.694774346793
0.544463396072	0.174860014994	0.216269836979	0.410256305062	0.641330166271	0.338505903645	0.216269836979	0.778571372959	0.74703087886
0.597437143326	0.190473367482	0.17985611252	0.564102419461	0.555819477435	0.299398399395	0.17985611252	0.892857079082	0.652612826603
0.577254891396	0.169151084437	0.195688222294	0.435897324129	0.603325415677	0.31762815782	0.195688222294	0.842857082653	0.69893111639
0.473016172647	0.176467478428	0.194719468734	0.461538343195	0.600950118765	0.316350829978	0.194719468734	0.842857082653	0.697149643705
0.503260970116	0.205354248685	0.183925808595	0.589743438527	0.577197149644	0.302411298689	0.183925808595	0.849999939286	0.673990498812
0.476686060429	0.18749674322	0.216318781474	0.461538343195	0.62945368171	0.341825758457	0.216318781474	0.814285656122	0.739311163895
0.459453940392	0.192979603381	0.179710142323	0.564102419461	0.562945368171	0.298792369078	0.179710142323	0.885714222449	0.654394299287
0.545432329178	0.199131375388	0.17908309199	0.589743438527	0.560570071259	0.298326565436	0.17908309199	0.892857079082	0.650831353919
0.474483639002	0.195873056169	0.218518514472	0.487179362262	0.62945368171	0.347055543456	0.218518514472	0.842857082653	0.736342042755
