cnn_hidden_size	(80, 40)
loss_weights	[0.10000000000000009, 0.8999999999999999]
lr	0.000279648595161
0.690288186073	0.0	0.0666666555556	0.0	0.869358669834	0.0395997808538	0.0666666555556	0.0281690121008	0.884798099762
0.65597897768	0.189471411538	0.110294116489	0.729729532506	0.451306413302	0.191953861809	0.110294116489	0.739436567645	0.475059382423
0.57099199295	0.0454518493289	0.162790659816	0.0270270197224	0.900237529691	0.0756720995105	0.162790659816	0.0492957711764	0.898456057007
0.6888281703	0.193935891338	0.151183968102	0.432432315559	0.684085510689	0.240228276185	0.151183968102	0.584507001091	0.688242280285
0.576307117939	0.14999499079	0.167664660619	0.162162118335	0.838479809976	0.181224794598	0.167664660619	0.197183084705	0.849762470309
0.602439343929	0.0980345734589	0.212996382202	0.135135098612	0.781472684086	0.281618417373	0.212996382202	0.415492928486	0.821258907363
0.604921936989	0.141171521278	0.239495788256	0.162162118335	0.826603325416	0.299995303397	0.239495788256	0.401408422436	0.842042755344
0.43606030941	0.0	0.199999600001	0.0	0.912114014252	0.0136047832227	0.199999600001	0.00704225302519	0.913895486936
0.456761151552	0.177211580748	0.188679241327	0.378378276114	0.691211401425	0.290788054464	0.188679241327	0.633802772267	0.739311163895
0.62112814188	0.198342829132	0.211699158448	0.324324236669	0.769596199525	0.30338913954	0.211699158448	0.535211229915	0.792755344418
0.539375066757	0.199994978249	0.261603364489	0.216216157779	0.847980997625	0.327172077956	0.261603364489	0.436619687562	0.848574821853
0.502175748348	0.153841540447	0.238235287111	0.216216157779	0.790973871734	0.336095414903	0.238235287111	0.570422495041	0.809976247031
0.578113496304	0.189777051603	0.212860305702	0.351351256392	0.736342042755	0.323773749774	0.212860305702	0.676056290419	0.761876484561
0.618538498878	0.218974127621	0.222727267665	0.405405295836	0.745843230404	0.336766058778	0.222727267665	0.690140796469	0.770783847981
0.520588934422	0.207647024446	0.186776856417	0.513513374726	0.655581947743	0.302540420132	0.186776856417	0.795774591847	0.690617577197
0.583588480949	0.192510174206	0.191596635435	0.486486355004	0.641330166271	0.309359160145	0.191596635435	0.802816844872	0.697743467933
0.682029724121	0.137250251982	0.266666657778	0.189189138057	0.790973871734	0.361986572809	0.266666657778	0.563380242015	0.832541567696
0.353112906218	0.0799961201842	0.360360327895	0.0540540394449	0.890736342043	0.316200583745	0.360360327895	0.281690121008	0.897268408551
0.451961785555	0.185563904292	0.190095843609	0.486486355004	0.624703087886	0.309892811105	0.190095843609	0.838028109998	0.685273159145
0.504690825939	0.15516804263	0.236559133426	0.243243177502	0.767220902613	0.342408439236	0.236559133426	0.619718266217	0.799287410926
0.588268637657	0.192303071485	0.24929177764	0.270270197224	0.800475059382	0.355551449736	0.24929177764	0.619718266217	0.810570071259
0.437450021505	0.142852971901	0.250614244457	0.243243177502	0.743467933492	0.371580850932	0.250614244457	0.71830980857	0.79513064133
0.541647553444	0.169930951422	0.225548897694	0.351351256392	0.698337292162	0.351473997165	0.225548897694	0.795774591847	0.752375296912
0.330107241869	0.169309002606	0.190327610135	0.432432315559	0.627078384798	0.311618989571	0.190327610135	0.859154869074	0.679928741093
0.572413742542	0.162157118489	0.361990933847	0.162162118335	0.852731591449	0.440766562445	0.361990933847	0.563380242015	0.87945368171
0.471243351698	0.096769349875	0.42207789467	0.0810810591673	0.866983372922	0.439184167789	0.42207789467	0.457746446638	0.901425178147
0.590557456017	0.149995709843	0.275949360103	0.243243177502	0.757719714964	0.40595512642	0.275949360103	0.767605579746	0.810570071259
0.457071721554	0.0923027600238	0.390862924322	0.0810810591673	0.859857482185	0.454272390999	0.390862924322	0.54225348294	0.890142517815
0.365003108978	0.14666293076	0.25158561836	0.297297216947	0.695961995249	0.386988305724	0.25158561836	0.838028109998	0.776128266033
0.32036831975	0.0999953182172	0.318032776458	0.135135098612	0.78622327791	0.434000119758	0.318032776458	0.683098543444	0.849762470309
0.453890830278	0.147536733526	0.271144271862	0.243243177502	0.75296912114	0.400731421561	0.271144271862	0.767605579746	0.806413301663
0.440991640091	0.137400505917	0.259911888548	0.243243177502	0.731591448931	0.395969511316	0.259911888548	0.830985856973	0.78622327791
0.44519507885	0.13845744509	0.27713625226	0.243243177502	0.733966745843	0.417387570483	0.27713625226	0.845070363023	0.80106888361
0.477659672499	0.150532810882	0.325732888413	0.189189138057	0.812351543943	0.445429953862	0.325732888413	0.704225302519	0.852137767221
0.404628634453	0.10389108474	0.377682387224	0.10810807889	0.836104513064	0.469328602785	0.377682387224	0.619718266217	0.881828978622
0.615022301674	0.182792492251	0.205974839529	0.459459335281	0.638954869359	0.336757932699	0.205974839529	0.9225351463	0.693586698337
0.338964909315	0.096769349875	0.531034446136	0.0810810591673	0.866983372922	0.536580329054	0.531034446136	0.54225348294	0.921021377672
0.432157516479	0.0975559996565	0.421800927877	0.10810807889	0.824228028504	0.504244454299	0.421800927877	0.626760519242	0.896080760095
0.425461262465	0.158936676547	0.263917520332	0.324324236669	0.698337292162	0.408289944247	0.263917520332	0.901408387225	0.779691211401
0.554952502251	0.157298477615	0.378676456666	0.189189138057	0.821852731591	0.497580010076	0.378676456666	0.725352061595	0.87648456057
