cnn_hidden_size	(40, 20)
loss_weights	[0.07500000000000007, 0.9249999999999999]
lr	8.78900434141e-06
0.691141605377	0.196607570732	0.0796812741068	0.644444301235	0.437054631829	0.140595459397	0.0796812741068	0.59701488082	0.419239904988
0.683822393417	0.204376801944	0.0809371663372	0.622222083951	0.482185273159	0.14165671192	0.0809371663372	0.567164136779	0.453087885986
0.71433788538	0.197715779653	0.0786773081109	0.577777649383	0.498812351544	0.136496214166	0.0786773081109	0.514925334707	0.481591448931
0.671870231628	0.176987945472	0.0867279883479	0.444444345679	0.558194774347	0.14748348418	0.0867279883479	0.492537276676	0.546912114014
0.736077070236	0.171942442681	0.0863213799957	0.422222128395	0.565320665083	0.146558874835	0.0863213799957	0.485074590666	0.550475059382
0.679334163666	0.196717581365	0.0959119481775	0.399999911111	0.650831353919	0.15843867956	0.0959119481775	0.455223846625	0.615201900238
0.674256801605	0.198891269567	0.0993589727667	0.399999911111	0.655581947743	0.163585475647	0.0993589727667	0.462686532635	0.62351543943
0.72141212225	0.215381043056	0.0984848469927	0.466666562963	0.636579572447	0.163725149944	0.0984848469927	0.485074590666	0.605700712589
0.67220979929	0.19767053212	0.10321488827	0.377777693827	0.672209026128	0.168272844154	0.10321488827	0.455223846625	0.641923990499
0.686173737049	0.162958494497	0.102439021892	0.244444390123	0.731591448931	0.154408046153	0.102439021892	0.31343281243	0.726840855107
0.681671500206	0.160579506754	0.100961536035	0.244444390123	0.726840855107	0.152723581709	0.100961536035	0.31343281243	0.723277909739
0.656300961971	0.160579506754	0.107231917525	0.244444390123	0.726840855107	0.160743902961	0.107231917525	0.320895498441	0.733372921615
0.703468859196	0.16417461919	0.103359170456	0.244444390123	0.733966745843	0.153547036983	0.103359170456	0.29850744041	0.738123515439
0.719609558582	0.135588479049	0.116564413602	0.177777738272	0.757719714964	0.165213255302	0.116564413602	0.283582068389	0.771971496437
0.653017282486	0.119653365663	0.11671923922	0.155555520988	0.755344418052	0.164075638672	0.11671923922	0.276119382379	0.776128266033
0.71359038353	0.137926262054	0.11490682873	0.177777738272	0.762470308789	0.16227654462	0.11490682873	0.276119382379	0.773159144893
0.65054243803	0.124995170784	0.123778497597	0.155555520988	0.767220902613	0.172331362653	0.123778497597	0.283582068389	0.78325415677
0.717310845852	0.118806917174	0.125560532486	0.133333303704	0.788598574822	0.156858047202	0.125560532486	0.208955208287	0.821258907363
0.693033635616	0.115379684011	0.131687237379	0.133333303704	0.781472684086	0.169756682293	0.131687237379	0.238805952328	0.814133016627
0.684110462666	0.133328410157	0.130612239567	0.155555520988	0.783847980998	0.168860855451	0.130612239567	0.238805952328	0.812945368171
0.680031478405	0.134610449513	0.12601625504	0.155555520988	0.78622327791	0.163153320626	0.12601625504	0.231343266318	0.811163895487
0.671960055828	0.150938481824	0.129277561624	0.177777738272	0.78622327791	0.171280154169	0.129277561624	0.253731324348	0.804631828979
0.693392515182	0.148143259762	0.12363635914	0.177777738272	0.781472684086	0.16625475493	0.12363635914	0.253731324348	0.797505938242
0.64840900898	0.190471568516	0.122186491248	0.266666607407	0.757719714964	0.170782300318	0.122186491248	0.283582068389	0.780878859857
0.70537430048	0.205123436445	0.130584187952	0.266666607407	0.779097387173	0.178819203426	0.130584187952	0.283582068389	0.792755344418
0.65789103508	0.21238455019	0.127340819201	0.266666607407	0.788598574822	0.169571601537	0.127340819201	0.253731324348	0.802256532067
0.719073474407	0.194685438288	0.124999995265	0.244444390123	0.783847980998	0.165824670962	0.124999995265	0.246268638338	0.802850356295
0.733784079552	0.209672761548	0.127868848267	0.288888824691	0.767220902613	0.177672288228	0.127868848267	0.2910447544	0.785629453682
0.686186790466	0.209672761548	0.128378374041	0.288888824691	0.767220902613	0.176739887611	0.128378374041	0.283582068389	0.789786223278
0.65471881628	0.20689176735	0.124999995404	0.266666607407	0.781472684086	0.16748325426	0.124999995404	0.253731324348	0.799287410926
0.667442262173	0.198342402951	0.121863794915	0.266666607407	0.769596199525	0.164644518874	0.121863794915	0.253731324348	0.79513064133
0.720673799515	0.1935437319	0.126712324428	0.266666607407	0.762470308789	0.173704599944	0.126712324428	0.276119382379	0.790973871734
0.660540640354	0.188971772694	0.125850335855	0.266666607407	0.755344418052	0.17289288704	0.125850335855	0.276119382379	0.789786223278
0.653652846813	0.203120409038	0.134948092216	0.288888824691	0.757719714964	0.184392825859	0.134948092216	0.2910447544	0.79513064133
0.691158056259	0.190471568516	0.134545449653	0.266666607407	0.757719714964	0.180924680854	0.134545449653	0.276119382379	0.80106888361
0.65805965662	0.165284557198	0.127906971787	0.22222217284	0.760095011876	0.168362838781	0.127906971787	0.246268638338	0.806413301663
0.701523005962	0.166661951521	0.128906244965	0.22222217284	0.762470308789	0.169226249956	0.128906244965	0.246268638338	0.807600950119
0.668302714825	0.181813480073	0.130434777453	0.244444390123	0.764845605701	0.170538099727	0.130434777453	0.246268638338	0.809382422803
0.683288514614	0.177414702254	0.132075466714	0.244444390123	0.757719714964	0.175434126783	0.132075466714	0.261194010359	0.804631828979
0.672878801823	0.157475714684	0.13380281219	0.22222217284	0.745843230404	0.181813817096	0.13380281219	0.283582068389	0.796912114014
