cnn_hidden_size	(40, 20)
loss_weights	[0.35, 0.65]
lr	7.73448215665e-06
0.730184078217	0.165135741307	0.0827423161328	0.794117413495	0.351543942993	0.148513008801	0.0827423161328	0.724137881094	0.285035629454
0.713962197304	0.187842231971	0.07669172817	0.499999852941	0.650831353919	0.125922983547	0.07669172817	0.351724113674	0.579572446556
0.648673653603	0.209786555884	0.0787878771962	0.44117634083	0.731591448931	0.121871491653	0.0787878771962	0.268965498692	0.666270783848
0.639345109463	0.0869514978719	0.0476190438398	0.0882352681661	0.850356294537	0.044275464673	0.0476190438398	0.0413793074911	0.846199524941
0.61626970768	0.0999950557967	0.036585361392	0.0882352681661	0.871733966746	0.0264271016614	0.036585361392	0.0206896537455	0.868764845606
0.595322728157	0.047615941241	0.0333333222222	0.0294117560554	0.904988123515	0.0114257300116	0.0333333222222	0.00689655124851	0.897268408551
0.585913836956	0.047615941241	0.0384615236686	0.0294117560554	0.904988123515	0.0116933270614	0.0384615236686	0.00689655124851	0.899643705463
0.536557734013	0.0512797897067	0.0666666222223	0.0294117560554	0.912114014252	0.0124982994489	0.0666666222223	0.00689655124851	0.906175771971
0.55915248394	0.0512797897067	0.0833332638889	0.0294117560554	0.912114014252	0.012737440214	0.0833332638889	0.00689655124851	0.907957244656
0.462003916502	0.0526296676542	0.12499984375	0.0294117560554	0.914489311164	0.0130709027184	0.12499984375	0.00689655124851	0.910332541568
0.564957857132	0.0	0.0	0.0	0.916864608076	0.0	0.0	0.0	0.90973871734
0.466651141644	0.0	0.0	0.0	0.916864608076	0.0	0.0	0.0	0.912114014252
0.476504057646	0.0	0.0	0.0	0.916864608076	0.0	0.0	0.0	0.912114014252
0.340126186609	0.0	0.0	0.0	0.919239904988	0.0	0.0	0.0	0.913301662708
0.522965371609	0.0	0.0	0.0	0.919239904988	0.0	0.0	0.0	0.913895486936
0.320843935013	0.0	0.0	0.0	0.919239904988	0.0	0.0	0.0	0.913895486936
0.466289848089	0.0	0.0	0.0	0.919239904988	0.0	0.0	0.0	0.913895486936
0.513737916946	0.0	0.0	0.0	0.919239904988	0.0	0.0	0.0	0.913895486936
0.321079462767	0.0	0.0	0.0	0.919239904988	0.0	0.0	0.0	0.913895486936
0.298385620117	0.0	0.0	0.0	0.919239904988	0.0	0.0	0.0	0.913895486936
0.382436543703	0.0	0.0	0.0	0.919239904988	0.0	0.0	0.0	0.913895486936
0.442088156939	0.0	0.0	0.0	0.919239904988	0.0	0.0	0.0	0.913895486936
0.347373813391	0.0	0.0	0.0	0.919239904988	0.0	0.0	0.0	0.913895486936
0.275474846363	0.0	0.0	0.0	0.919239904988	0.0	0.0	0.0	0.913895486936
0.431618690491	0.0	0.0	0.0	0.919239904988	0.0	0.0	0.0	0.913895486936
0.262079298496	0.0	0.0	0.0	0.919239904988	0.0	0.0	0.0	0.913895486936
0.523925662041	0.0	0.0	0.0	0.919239904988	0.0	0.0	0.0	0.913895486936
0.352474480867	0.0	0.0	0.0	0.919239904988	0.0	0.0	0.0	0.913895486936
0.27982249856	0.0	0.0	0.0	0.919239904988	0.0	0.0	0.0	0.913895486936
0.273301243782	0.0	0.0	0.0	0.919239904988	0.0	0.0	0.0	0.913895486936
0.571384012699	0.0	0.0	0.0	0.919239904988	0.0	0.0	0.0	0.913895486936
0.265911787748	0.0	0.0	0.0	0.919239904988	0.0	0.0	0.0	0.913895486936
0.469116061926	0.0	0.0	0.0	0.919239904988	0.0	0.0	0.0	0.913895486936
0.252851456404	0.0	0.0	0.0	0.919239904988	0.0	0.0	0.0	0.913895486936
0.732997119427	0.0	0.0	0.0	0.919239904988	0.0	0.0	0.0	0.913895486936
0.366054803133	0.0	0.0	0.0	0.919239904988	0.0	0.0	0.0	0.913895486936
0.498134016991	0.0	0.0	0.0	0.919239904988	0.0	0.0	0.0	0.913895486936
0.641574621201	0.0	0.0	0.0	0.919239904988	0.0	0.0	0.0	0.913895486936
0.635262310505	0.0	0.0	0.0	0.919239904988	0.0	0.0	0.0	0.913895486936
0.487016946077	0.0	0.0	0.0	0.919239904988	0.0	0.0	0.0	0.913895486936
