cnn_hidden_size	(60, 30)
loss_weights	[0.125, 0.875]
lr	0.000601367193359
0.723131000996	0.124998781947	0.0910232260451	0.964285369898	0.102137767221	0.166282820057	0.0910232260451	0.960264837069	0.136579572447
0.624016165733	0.0	0.0	0.0	0.933491686461	0.0	0.0	0.0	0.90973871734
0.620490193367	0.157890775717	0.228070135426	0.107142818878	0.923990498812	0.12499600928	0.228070135426	0.0860927095303	0.891923990499
0.609379827976	0.0	0.279999888	0.0	0.923990498812	0.0795430082094	0.279999888	0.046357612824	0.903800475059
0.669130861759	0.179770928016	0.242290738225	0.285714183674	0.826603325416	0.291000477809	0.242290738225	0.364238386474	0.840855106888
0.880634903908	0.151510220543	0.274999982813	0.178571364796	0.866983372922	0.282953185436	0.274999982813	0.291390709179	0.86757719715
0.594489634037	0.171423722583	0.218274100595	0.214285637755	0.862232779097	0.24712151004	0.218274100595	0.284768193062	0.844418052257
0.541173160076	0.168416859936	0.254032247821	0.285714183674	0.812351543943	0.315784753432	0.254032247821	0.417218515416	0.837885985748
0.697275698185	0.224995393842	0.283582075444	0.321428456633	0.852731591449	0.323858718921	0.283582075444	0.37748341871	0.858669833729
0.532893121243	0.198469891088	0.225490190552	0.464285548469	0.750593824228	0.329155257999	0.225490190552	0.60927148283	0.777315914489
0.550907492638	0.0869516742854	0.265060224996	0.107142818878	0.850356294537	0.27759751743	0.265060224996	0.291390709179	0.864014251781
0.622941017151	0.181814088448	0.277258558341	0.321428456633	0.807600950119	0.377114276749	0.277258558341	0.589403934477	0.82541567696
0.528307199478	0.173072954971	0.27380951566	0.321428456633	0.795724465558	0.377819114688	0.27380951566	0.60927148283	0.820071258907
0.570234239101	0.177415829933	0.21700879129	0.392857002551	0.757719714964	0.300808741633	0.21700879129	0.490066192711	0.795724465558
0.573720037937	0.21817674061	0.368421020314	0.214285637755	0.897862232779	0.316976205701	0.368421020314	0.278145676944	0.892517814727
0.288558036089	0.216211453718	0.355329931202	0.285714183674	0.862232779097	0.402293914877	0.355329931202	0.46357612824	0.87648456057
0.380917876959	0.181813801756	0.288617874446	0.285714183674	0.828978622328	0.357677888	0.288617874446	0.470198644358	0.848574821853
0.453776866198	0.152938406969	0.239299606239	0.464285548469	0.657957244656	0.369921290779	0.239299606239	0.814569482479	0.751187648456
0.309438943863	0.181814088448	0.309352506858	0.321428456633	0.807600950119	0.400927820483	0.309352506858	0.569536386123	0.847387173397
0.480803608894	0.177210568937	0.377990412536	0.249999910714	0.845605700713	0.438883994344	0.377990412536	0.523178773299	0.880047505938
0.460362195969	0.156421924453	0.22563176488	0.499999821429	0.641330166271	0.354606552861	0.22563176488	0.827814514714	0.729809976247
0.535538256168	0.226411164182	0.352490407951	0.42857127551	0.805225653207	0.446597276535	0.352490407951	0.60927148283	0.86460807601
0.386685818434	0.215381202419	0.31215468751	0.499999821429	0.757719714964	0.440541637694	0.31215468751	0.748344321302	0.829572446556
0.447719067335	0.188030515082	0.318452371475	0.392857002551	0.774346793349	0.439420754862	0.318452371475	0.708609224595	0.837885985748
0.322687655687	0.176467292448	0.285035622683	0.42857127551	0.733966745843	0.419576518998	0.285035622683	0.794701934126	0.802850356295
0.516128659248	0.211378563083	0.33717578279	0.464285548469	0.769596199525	0.469875273743	0.33717578279	0.774834385773	0.8432304038
0.394601553679	0.170539210451	0.32258063649	0.392857002551	0.745843230404	0.458886888666	0.32258063649	0.794701934126	0.831947743468
0.243265151978	0.195117406409	0.436363616529	0.285714183674	0.8432304038	0.51751536073	0.436363616529	0.635761547301	0.893705463183
0.335113763809	0.178340995626	0.289532287538	0.499999821429	0.693586698337	0.43332955231	0.289532287538	0.860927095303	0.79809976247
0.409186542034	0.214762019772	0.298823522381	0.571428367347	0.722090261283	0.440968338371	0.298823522381	0.84105954695	0.808788598575
0.318190604448	0.199996771479	0.321078423503	0.499999821429	0.733966745843	0.468690136713	0.321078423503	0.867549611421	0.823634204276
0.445617884398	0.169227363381	0.348066288727	0.392857002551	0.743467933492	0.491223896923	0.348066288727	0.834437030832	0.845011876485
0.401421815157	0.184393954081	0.323671489766	0.464285548469	0.726840855107	0.474332349817	0.323671489766	0.887417159774	0.823634204276
0.461877018213	0.153842486754	0.393650781154	0.321428456633	0.764845605701	0.532184437675	0.393650781154	0.821191998597	0.87054631829
0.18214212358	0.175996495428	0.364161839186	0.392857002551	0.755344418052	0.507038002861	0.364161839186	0.834437030832	0.854513064133
0.318549901247	0.167738953642	0.321995457551	0.464285548469	0.693586698337	0.479725913391	0.321995457551	0.940397288715	0.817102137767
0.477367997169	0.176465692174	0.579881622492	0.214285637755	0.866983372922	0.61249497758	0.579881622492	0.649006579536	0.926365795724
0.19606128335	0.168416859936	0.464150925881	0.285714183674	0.812351543943	0.591341500938	0.464150925881	0.814569482479	0.899049881235
0.345118552446	0.174599690166	0.377777767284	0.392857002551	0.75296912114	0.532285443792	0.377777767284	0.900662192009	0.858076009501
0.460062891245	0.168220403617	0.417543844998	0.321428456633	0.788598574822	0.545867006918	0.417543844998	0.788079418008	0.88242280285
