cnn_hidden_size	(60, 30)
loss_weights	[0.4, 0.6]
lr	0.00184385808894
0.690176188946	0.0	0.0	0.0	0.926365795724	0.0	0.0	0.0	0.912114014252
0.705559194088	0.0	0.0	0.0	0.926365795724	0.0	0.0	0.0	0.912114014252
0.521206557751	0.0	0.190476145125	0.0	0.914489311164	0.0842070738247	0.190476145125	0.0540540504018	0.896674584323
0.48798596859	0.0	0.0	0.0	0.926365795724	0.0	0.0	0.0	0.912114014252
0.286582678556	0.0	0.0	0.0	0.926365795724	0.0	0.0	0.0	0.912114014252
0.324081003666	0.0	0.523809274377	0.0	0.923990498812	0.130175323029	0.523809274377	0.0743243193024	0.91270783848
0.283627986908	0.0	0.599999400001	0.0	0.923990498812	0.0759481717849	0.599999400001	0.0405405378013	0.913301662708
0.422301054001	0.0	0.916665902778	0.0	0.923990498812	0.137498595326	0.916665902778	0.0743243193024	0.918052256532
0.310229212046	0.0526285458759	0.545454297521	0.0322580541103	0.914489311164	0.141174200727	0.545454297521	0.0810810756026	0.913301662708
0.48700901866	0.0	0.692307159764	0.0	0.923990498812	0.111799743856	0.692307159764	0.060810806702	0.915083135392
0.450203567743	0.0	0.999996666678	0.0	0.926365795724	0.0397347046208	0.999996666678	0.0202702689007	0.913895486936
0.381770431995	0.0784265746841	0.381578897161	0.0645161082206	0.888361045131	0.258924064969	0.381578897161	0.195945932706	0.901425178147
0.345927000046	0.0	0.99999888889	0.0	0.926365795724	0.114648586159	0.99999888889	0.060810806702	0.917458432304
0.284259438515	0.0	0.849999575	0.0	0.923990498812	0.202378830803	0.849999575	0.114864857104	0.920427553444
0.274780184031	0.0	0.769230177515	0.0	0.9216152019	0.124222102559	0.769230177515	0.0675675630022	0.916270783848
0.308650672436	0.0	0.789473268698	0.0	0.923990498812	0.179638680505	0.789473268698	0.101351344503	0.91864608076
0.31174620986	0.0	0.743589552926	0.0	0.912114014252	0.31015709346	0.743589552926	0.195945932706	0.923396674584
0.289463818073	0.199995208111	0.538461455621	0.161290270552	0.904988123515	0.328634226068	0.538461455621	0.236486470508	0.915083135392
0.354974120855	0.0	0.99999923077	0.0	0.926365795724	0.161489178671	0.99999923077	0.0878378319028	0.919833729216
0.317368119955	0.0816279719428	0.703703573388	0.0645161082206	0.893111638955	0.376233669289	0.703703573388	0.256756739408	0.925178147268
0.211304068565	0.0	0.687499785156	0.0	0.916864608076	0.244441493862	0.687499785156	0.148648638605	0.919239904988
0.329696059227	0.0454503619508	0.772727097107	0.0322580541103	0.900237529691	0.354163096823	0.772727097107	0.229729714207	0.926365795724
0.329913556576	0.047615159043	0.916666412037	0.0322580541103	0.904988123515	0.358692465764	0.916666412037	0.222972957907	0.929928741093
0.552809238434	0.0	0.96296260631	0.0	0.919239904988	0.297140213573	0.96296260631	0.175675663806	0.926959619952
0.461322396994	0.0454503619508	0.777777633745	0.0322580541103	0.900237529691	0.41583762576	0.777777633745	0.283783764609	0.929928741093
0.508411467075	0.0714236036583	0.61176463391	0.0645161082206	0.87648456057	0.446347258609	0.61176463391	0.351351327611	0.923396674584
0.430280417204	0.0	0.853658328376	0.0	0.895486935867	0.370366933767	0.853658328376	0.236486470508	0.929334916865
0.277482837439	0.0526285458759	0.941176193772	0.0322580541103	0.914489311164	0.351645274751	0.941176193772	0.216216201607	0.929928741093
0.237608671188	0.163929373977	0.629213412448	0.161290270552	0.878859857482	0.472569109698	0.629213412448	0.378378352812	0.925771971496
0.310104340315	0.166661716965	0.615384562788	0.193548324662	0.857482185273	0.543391253872	0.615384562788	0.486486453616	0.928147268409
0.0760273933411	0.0	0.804877852469	0.0	0.916864608076	0.349202914845	0.804877852469	0.222972957907	0.926959619952
0.274207651615	0.0816279719428	0.893616831145	0.0645161082206	0.893111638955	0.430765527973	0.893616831145	0.283783764609	0.934085510689
0.224051967263	0.156244956214	0.532110042926	0.161290270552	0.871733966746	0.451356947773	0.532110042926	0.391891865413	0.916270783848
0.390945255756	0.222217153048	0.545454495868	0.225806378772	0.883610451306	0.465111351533	0.545454495868	0.405405378013	0.918052256532
0.17617417872	0.0869520890685	0.862068816885	0.0645161082206	0.900237529691	0.485432800486	0.862068816885	0.337837815011	0.937054631829
0.108196616173	0.101689893953	0.760416587457	0.0967741623309	0.874109263658	0.598355833819	0.760416587457	0.493243209916	0.941805225653
0.30866086483	0.162157249963	0.634146289907	0.193548324662	0.852731591449	0.575640756568	0.634146289907	0.527026991417	0.931710213777
0.606322526932	0.140345866596	0.792207689324	0.129032216441	0.883610451306	0.542217671939	0.792207689324	0.412162134313	0.938836104513
0.198885425925	0.0799952562773	0.810810701242	0.0645161082206	0.890736342043	0.540536047435	0.810810701242	0.405405378013	0.939429928741
0.124578103423	0.177773412448	0.90322566077	0.129032216441	0.912114014252	0.533329121121	0.90322566077	0.378378352812	0.941805225653
