cnn_hidden_size	(60, 30)
loss_weights	[0.35, 0.65]
lr	0.000801350875014
0.665661513805	0.0	0.0	0.0	0.890736342043	0.0	0.0	0.0	0.919239904988
0.981220006943	0.0	0.0	0.0	0.890736342043	0.0	0.0	0.0	0.921021377672
0.297751426697	0.0	0.0	0.0	0.890736342043	0.0	0.0	0.0	0.921021377672
0.370011299849	0.0	0.0	0.0	0.890736342043	0.0	0.0	0.0	0.921021377672
0.340612947941	0.0	0.0	0.0	0.890736342043	0.0	0.0	0.0	0.919239904988
0.431435406208	0.0	0.0	0.0	0.890736342043	0.0	0.0	0.0	0.921021377672
0.475465804338	0.0	0.363636198347	0.0	0.881235154394	0.103223357393	0.363636198347	0.0601503714173	0.917458432304
0.190069451928	0.0408151603791	0.526315512466	0.0217391257089	0.888361045131	0.131576742591	0.526315512466	0.0751879642716	0.9216152019
0.287087231874	0.0	0.571427755103	0.0	0.888361045131	0.0571418989942	0.571427755103	0.0300751857086	0.9216152019
0.215356141329	0.0	0.384615088758	0.0	0.888361045131	0.0684915190842	0.384615088758	0.0375939821358	0.919239904988
0.452176064253	0.0	0.999995000025	0.0	0.890736342043	0.0296293333348	0.999995000025	0.0150375928543	0.922209026128
0.402813464403	0.0	0.523809274377	0.0	0.87648456057	0.142854768971	0.523809274377	0.0827067606987	0.9216152019
0.338245600462	0.0714256123639	0.419354703434	0.0434782514178	0.87648456057	0.158533500208	0.419354703434	0.0977443535531	0.918052256532
0.379394203424	0.0	0.769230177515	0.0	0.888361045131	0.136984660367	0.769230177515	0.0751879642716	0.925178147268
0.322196096182	0.0338948581466	0.485714216327	0.0217391257089	0.86460807601	0.334970818086	0.485714216327	0.255639078523	0.919833729216
0.245390996337	0.0377335423231	0.499999833333	0.0217391257089	0.878859857482	0.18404605372	0.499999833333	0.112781946407	0.921021377672
0.217863276601	0.0634881030406	0.521126687165	0.0434782514178	0.859857482185	0.362740524374	0.521126687165	0.278195467805	0.922802850356
0.37251546979	0.0754693770701	0.575757401286	0.0434782514178	0.883610451306	0.228912449601	0.575757401286	0.142857132116	0.923990498812
0.166617378592	0.172410451904	0.513157827216	0.108695628544	0.885985748219	0.373201077871	0.513157827216	0.293233060659	0.922209026128
0.536371767521	0.0333297448275	0.434782545684	0.0217391257089	0.862232779097	0.297025175541	0.434782545684	0.225563892815	0.91567695962
0.330405652523	0.0615343056031	0.499999916667	0.0434782514178	0.855106888361	0.31087651218	0.499999916667	0.225563892815	0.921021377672
0.234417274594	0.0	0.718749775391	0.0	0.883610451306	0.278784718492	0.718749775391	0.172932317825	0.929334916865
0.133526295424	0.126980146254	0.571428469388	0.0869565028355	0.869358669834	0.338620132746	0.571428469388	0.240601485669	0.925771971496
0.195319756866	0.0344794652338	0.612903126951	0.0217391257089	0.866983372922	0.389739212671	0.612903126951	0.285714264232	0.929334916865
0.247533172369	0.0	0.85714244898	0.0	0.885985748219	0.233763848058	0.85714244898	0.135338335689	0.929928741093
0.392598032951	0.153841275629	0.496123992549	0.130434754253	0.8432304038	0.488544582243	0.496123992549	0.481202971338	0.920427553444
0.284886211157	0.0408151603791	0.888888559671	0.0217391257089	0.888361045131	0.299997157057	0.888888559671	0.180451114252	0.933491686461
0.277557075024	0.0	0.648648473338	0.0	0.874109263658	0.282349502463	0.648648473338	0.180451114252	0.927553444181
0.261727780104	0.228566857231	0.603960336242	0.173913005671	0.871733966746	0.521362570358	0.603960336242	0.458646582057	0.933491686461
0.276500672102	0.126577382017	0.508333290972	0.108695628544	0.836104513064	0.482208413868	0.508333290972	0.458646582057	0.922209026128
0.0594424419105	0.12902838721	0.679999909333	0.0869565028355	0.871733966746	0.490379957051	0.679999909333	0.383458617785	0.937054631829
0.245210632682	0.0	0.648648473338	0.0	0.871733966746	0.282349502463	0.648648473338	0.180451114252	0.927553444181
0.235928431153	0.0645122791027	0.749999875	0.0434782514178	0.862232779097	0.46631691056	0.749999875	0.338345839222	0.938836104513
0.204265370965	0.0727245091923	0.891304154064	0.0434782514178	0.878859857482	0.458096688649	0.891304154064	0.308270653513	0.942399049881
0.27292022109	0.0895479084265	0.726190389739	0.0652173771267	0.855106888361	0.562207184733	0.726190389739	0.458646582057	0.943586698337
0.209889784455	0.108103374931	0.654867198684	0.0869565028355	0.8432304038	0.601621000438	0.654867198684	0.55639093561	0.941805225653
0.216730549932	0.0377335423231	0.839999832	0.0217391257089	0.878859857482	0.459012371858	0.839999832	0.315789449941	0.941211401425
0.184808462858	0.196717538365	0.758620602457	0.130434754253	0.883610451306	0.599995164088	0.758620602457	0.496240564192	0.947743467933
0.11214479059	0.216211453718	0.637681113212	0.173913005671	0.862232779097	0.649441448276	0.637681113212	0.66165408559	0.943586698337
0.25110667944	0.187495898524	0.775280811766	0.130434754253	0.87648456057	0.621616762069	0.775280811766	0.518796953474	0.950118764846
