cnn_hidden_size	(20, 10)
loss_weights	[0.17500000000000004, 0.825]
lr	0.00507228344067
0.70856320858	0.13332843918	0.10756971683	0.159090872934	0.783847980998	0.139891817512	0.10756971683	0.199999985185	0.802850356295
0.40129005909	0.0	0.244897909205	0.0	0.855106888361	0.130430860821	0.244897909205	0.0888888823045	0.904988123515
0.805281043053	0.111108052207	0.0519480452016	0.068181802686	0.885985748219	0.037731220307	0.0519480452016	0.0296296274348	0.878859857482
0.55223608017	0.148143149076	0.115942020584	0.136363605372	0.836104513064	0.117211109446	0.115942020584	0.118518509739	0.856888361045
0.678007602692	0.0	0.749998125005	0.0	0.888361045131	0.0431649024437	0.749998125005	0.0222222205761	0.921021377672
0.683187127113	0.0	0.214285561225	0.0	0.885985748219	0.0402667484158	0.214285561225	0.0222222205761	0.915083135392
0.578270554543	0.0392133027169	0.27272714876	0.022727267562	0.883610451306	0.0764307015237	0.27272714876	0.0444444411523	0.913895486936
0.563418388367	0.179482215782	0.210144912308	0.159090872934	0.847980997625	0.212449197611	0.210144912308	0.214814798903	0.872327790974
0.499637186527	0.0357109059285	0.232142815689	0.022727267562	0.871733966746	0.136121495699	0.232142815689	0.0962962891632	0.902019002375
0.723673462868	0.0	0.279999944	0.0	0.87648456057	0.151347390607	0.279999944	0.103703696022	0.9067695962
0.519282639027	0.0952338525416	0.288461510725	0.068181802686	0.86460807601	0.251041088312	0.288461510725	0.222222205761	0.893705463183
0.471811622381	0.194169825743	0.213740449857	0.22727267562	0.802850356295	0.282111366554	0.213740449857	0.414814784088	0.830760095012
0.588594615459	0.105258255073	0.213740441699	0.0909090702479	0.838479809976	0.21052130121	0.213740441699	0.207407392044	0.875296912114
0.647789359093	0.235289989391	0.141104291593	0.409090816116	0.722090261283	0.221150448308	0.141104291593	0.511111073251	0.711401425178
0.536274492741	0.143786733424	0.127429802863	0.249999943182	0.688836104513	0.197320912412	0.127429802863	0.437037004664	0.714964370546
0.668603897095	0.0338945020033	0.327586150416	0.022727267562	0.86460807601	0.196886967257	0.327586150416	0.140740730316	0.907957244656
0.402888298035	0.114281012435	0.280991712315	0.0909090702479	0.852731591449	0.265619994295	0.280991712315	0.251851833196	0.888361045131
0.62890869379	0.0344790848113	0.462962877229	0.022727267562	0.866983372922	0.264546154986	0.462962877229	0.185185171468	0.917458432304
0.551459431648	0.0845023053609	0.349397548265	0.068181802686	0.845605700713	0.266050306034	0.349397548265	0.214814798903	0.904988123515
0.558901250362	0.0606015981217	0.323232290583	0.045454535124	0.852731591449	0.273499368558	0.323232290583	0.237037019479	0.899049881235
0.687643706799	0.0370340057314	0.409090847107	0.022727267562	0.87648456057	0.268652278976	0.409090847107	0.199999985185	0.91270783848
0.48729121685	0.0634878309668	0.417910385387	0.045454535124	0.859857482185	0.277223262006	0.417910385387	0.207407392044	0.913301662708
0.672367334366	0.225801836721	0.160771699011	0.318181745868	0.771971496437	0.224211015282	0.160771699011	0.370370342936	0.794536817102
0.609035909176	0.0350841862556	0.336956485113	0.022727267562	0.869358669834	0.273122908738	0.336956485113	0.22962961262	0.902019002375
0.618449270725	0.0895477035014	0.333333307494	0.068181802686	0.855106888361	0.325752553738	0.333333307494	0.318518494925	0.894299287411
0.3961366117	0.0298462292393	0.382978682662	0.022727267562	0.845605700713	0.31440561324	0.382978682662	0.266666646914	0.9067695962
0.603113591671	0.0312456939497	0.433962223211	0.022727267562	0.852731591449	0.381737779372	0.433962223211	0.340740715501	0.911520190024
0.545629024506	0.0588189449911	0.410256375192	0.045454535124	0.847980997625	0.380947376293	0.410256375192	0.355555529218	0.907363420428
0.271960645914	0.0821869696915	0.387596869179	0.068181802686	0.840855106888	0.37878285274	0.387596869179	0.370370342936	0.902612826603
0.563235580921	0.179995036135	0.266009839113	0.204545408058	0.805225653207	0.319521810758	0.266009839113	0.39999997037	0.863420427553
0.56392377615	0.168669676443	0.315476171698	0.159090872934	0.836104513064	0.349830019785	0.315476171698	0.392592563512	0.883016627078
0.635211110115	0.0596969662569	0.403669687737	0.045454535124	0.850356294537	0.360650764983	0.403669687737	0.325925901783	0.907363420428
0.626483619213	0.0606015981217	0.422680368796	0.045454535124	0.852731591449	0.3534433796	0.422680368796	0.303703681207	0.910926365796
0.481462448835	0.0606015981217	0.393700756402	0.045454535124	0.852731591449	0.381674364904	0.393700756402	0.370370342936	0.903800475059
0.427145540714	0.0533284697742	0.316129011863	0.045454535124	0.83135391924	0.337926035032	0.316129011863	0.362962936077	0.885985748219
0.232222363353	0.0810762384166	0.401960744906	0.068181802686	0.838479809976	0.345986628993	0.401960744906	0.303703681207	0.907957244656
0.418424546719	0.0842055360277	0.30198018307	0.0909090702479	0.793349168646	0.362012980366	0.30198018307	0.451851818381	0.872327790974
0.649481117725	0.0963805373456	0.286516837836	0.0909090702479	0.821852731591	0.325873667867	0.286516837836	0.377777749794	0.874703087886
0.417282313108	0.0322539339285	0.45833328559	0.022727267562	0.857482185273	0.380947490551	0.45833328559	0.325925901783	0.915083135392
1.28675436974	0.121946216741	0.30555553858	0.11363633781	0.828978622328	0.349201429144	0.30555553858	0.407407377229	0.878266033254
