cnn_hidden_size	(80, 40)
loss_weights	[0.07500000000000007, 0.9249999999999999]
lr	2.92043384718e-05
0.690847992897	0.191301237101	0.0740276025843	0.499999886364	0.558194774347	0.126606962025	0.0740276025843	0.437037004664	0.516627078385
0.689796388149	0.14515668849	0.0909090884784	0.204545408058	0.748218527316	0.133591382114	0.0909090884784	0.251851833196	0.738123515439
0.677594304085	0.162597004558	0.111111107774	0.22727267562	0.755344418052	0.158115546439	0.111111107774	0.274074053772	0.766033254157
0.671219944954	0.0799951291828	0.153225794095	0.068181802686	0.836104513064	0.146713144577	0.153225794095	0.140740730316	0.868764845606
0.673907339573	0.105258399721	0.136186765129	0.136363605372	0.757719714964	0.178566903878	0.136186765129	0.259259240055	0.808788598575
0.688043057919	0.091949002782	0.170886065134	0.0909090702479	0.812351543943	0.184295359661	0.170886065134	0.199999985185	0.858076009501
0.658707916737	0.1428525751	0.176666660778	0.204545408058	0.743467933492	0.243673869173	0.176666660778	0.392592563512	0.804631828979
0.619119644165	0.180641072308	0.147208118091	0.318181745868	0.698337292162	0.219277853847	0.147208118091	0.429629597805	0.754750593824
0.70358556509	0.0943347492709	0.188340798729	0.11363633781	0.771971496437	0.234632160607	0.188340798729	0.311111088066	0.83729216152
0.647680163383	0.13953036731	0.163522007436	0.204545408058	0.736342042755	0.229576379865	0.163522007436	0.385185156653	0.792755344418
0.6633644104	0.1605795579	0.169590638316	0.249999943182	0.726840855107	0.243182514297	0.169590638316	0.429629597805	0.785629453682
0.651739656925	0.0833286752587	0.172932324326	0.11363633781	0.738717339667	0.229421956169	0.172932324326	0.340740715501	0.816508313539
0.697292089462	0.152773512849	0.164772722592	0.249999943182	0.710213776722	0.238189001497	0.164772722592	0.429629597805	0.779691211401
0.671226501465	0.127995417762	0.182509498764	0.181818140496	0.74109263658	0.241201535272	0.182509498764	0.355555529218	0.820665083135
0.602939605713	0.130076684675	0.194852934013	0.181818140496	0.745843230404	0.260437814249	0.194852934013	0.392592563512	0.821258907363
0.678231954575	0.181814248752	0.164414410711	0.34090901343	0.679334916865	0.252155310051	0.164414410711	0.540740700686	0.742874109264
0.591272950172	0.193544296443	0.167848695796	0.34090901343	0.703087885986	0.254476609616	0.167848695796	0.525925886968	0.75296912114
0.617747008801	0.157475761802	0.197841719502	0.22727267562	0.745843230404	0.266339412275	0.197841719502	0.407407377229	0.820071258907
0.694183826447	0.181814076664	0.174447170161	0.318181745868	0.700712589074	0.261988869554	0.174447170161	0.525925886968	0.762470308789
0.643395364285	0.231107944339	0.136812409918	0.590908956612	0.589073634204	0.229855127134	0.136812409918	0.718518465295	0.614014251781
0.651899158955	0.198826564144	0.164926927663	0.386363548554	0.67458432304	0.257325551351	0.164926927663	0.585185141838	0.729216152019
0.574992656708	0.201179556812	0.16740087737	0.386363548554	0.679334916865	0.258060974045	0.16740087737	0.562962921262	0.740498812352
0.620015323162	0.173329164543	0.183288404763	0.295454478306	0.705463182898	0.26877078065	0.183288404763	0.503703666392	0.780285035629
0.566184282303	0.197670588229	0.166666663059	0.386363548554	0.672209026128	0.257952940405	0.166666663059	0.570370328121	0.736935866983
0.624680399895	0.161486691197	0.17216980726	0.295454478306	0.679334916865	0.261177006909	0.17216980726	0.540740700686	0.754750593824
0.643295824528	0.1578906026	0.186111105941	0.272727210744	0.695961995249	0.270703092885	0.186111105941	0.496296259534	0.785629453682
0.573747038841	0.161069642015	0.190217386135	0.272727210744	0.703087885986	0.278326081736	0.190217386135	0.51851848011	0.784441805226
0.546755969524	0.193544296443	0.191919187073	0.34090901343	0.703087885986	0.286248551304	0.191919187073	0.562962921262	0.774940617577
0.599399328232	0.20454168137	0.169456063401	0.409090816116	0.667458432304	0.264270618856	0.169456063401	0.599999955556	0.732185273159
0.578415989876	0.192767165124	0.1807780279	0.363636280992	0.681710213777	0.276220160385	0.1807780279	0.585185141838	0.754156769596
0.577291786671	0.168827065371	0.189393934611	0.295454478306	0.695961995249	0.282482073103	0.189393934611	0.555555514403	0.773752969121
0.676119565964	0.172181278113	0.194225716687	0.295454478306	0.703087885986	0.286817830786	0.194225716687	0.548148107545	0.781472684086
0.539119064808	0.163517989101	0.190709041792	0.295454478306	0.684085510689	0.286760963838	0.190709041792	0.577777734979	0.769596199525
0.776337921619	0.224595307901	0.16599999668	0.477272618802	0.655581947743	0.261413966637	0.16599999668	0.614814769273	0.721496437055
0.632928907871	0.235290493921	0.16799999664	0.499999886364	0.660332541568	0.264563572837	0.16799999664	0.622222176132	0.722684085511
0.589447677135	0.210522469205	0.176972277676	0.409090816116	0.679334916865	0.274830956964	0.176972277676	0.614814769273	0.739904988124
0.531141757965	0.145691215414	0.185567005527	0.249999943182	0.693586698337	0.275330767613	0.185567005527	0.533333293827	0.774940617577
0.609944164753	0.235893917211	0.162872151263	0.522727153926	0.646080760095	0.263452990149	0.162872151263	0.68888883786	0.691211401425
0.67105358839	0.237620331389	0.161290319842	0.545454421488	0.634204275534	0.262427898107	0.161290319842	0.703703651578	0.682897862233
0.615502774715	0.210522469205	0.179704013114	0.409090816116	0.679334916865	0.279601799244	0.179704013114	0.62962958299	0.739904988124
