cnn_hidden_size	(80, 40)
loss_weights	[0.125, 0.875]
lr	0.000460987794153
0.712664365768	0.0	0.0	0.0	0.90973871734	0.0	0.0	0.0	0.914489311164
0.524365484715	0.0	0.166666388889	0.0	0.912114014252	0.0135127337909	0.166666388889	0.00704225302519	0.913301662708
0.60038036108	0.0	0.199999866667	0.0	0.897862232779	0.0382148274537	0.199999866667	0.0211267590756	0.910332541568
0.754076063633	0.0	0.326530545606	0.0	0.878859857482	0.167535434971	0.326530545606	0.112676048403	0.905581947743
0.623460292816	0.16841626163	0.185483863489	0.216216157779	0.812351543943	0.235892793253	0.185483863489	0.323943639159	0.823040380048
0.634942471981	0.0923027600238	0.266666644444	0.0810810591673	0.859857482185	0.244269825869	0.266666644444	0.225352096806	0.88242280285
0.537724077702	0.0476169275273	0.19999992	0.0270270197224	0.904988123515	0.0598776866507	0.19999992	0.035211265126	0.9067695962
0.651061534882	0.199995298109	0.232394358014	0.270270197224	0.809976247031	0.309854696001	0.232394358014	0.464788699663	0.82541567696
0.981416523457	0.0	0.0	0.0	0.912114014252	0.0	0.0	0.0	0.91567695962
0.695437312126	0.159995306136	0.234482750535	0.216216157779	0.800475059382	0.31481038715	0.234482750535	0.478873205713	0.824228028504
0.619778096676	0.150532810882	0.284482746359	0.189189138057	0.812351543943	0.352936447202	0.284482746359	0.464788699663	0.856294536817
0.546783030033	0.174996422728	0.19385796173	0.378378276114	0.686460807601	0.304672341171	0.19385796173	0.711267555545	0.726247030879
0.424862146378	0.204720248084	0.213720310984	0.351351256392	0.760095011876	0.310936521799	0.213720310984	0.570422495041	0.786817102138
0.537734270096	0.237283790655	0.26190475411	0.378378276114	0.78622327791	0.368196645064	0.26190475411	0.619718266217	0.820665083135
0.415406316519	0.157298477615	0.30769229377	0.189189138057	0.821852731591	0.374650863617	0.30769229377	0.478873205713	0.865201900238
0.319008052349	0.15533517216	0.324324311802	0.216216157779	0.793349168646	0.418948023259	0.324324311802	0.591549254116	0.861638954869
0.400453954935	0.0563330216681	0.398437468872	0.0540540394449	0.840855106888	0.377772763303	0.398437468872	0.359154904285	0.900237529691
0.509778916836	0.205123845514	0.285714277211	0.324324236669	0.779097387173	0.401669447007	0.285714277211	0.676056290419	0.830166270784
0.685126900673	0.129625101322	0.284697498765	0.189189138057	0.776722090261	0.378246113092	0.284697498765	0.563380242015	0.843824228029
0.50671762228	0.164943700847	0.300751868393	0.216216157779	0.807600950119	0.392152305416	0.300751868393	0.563380242015	0.852731591449
0.539502203465	0.187495860686	0.24597700584	0.324324236669	0.75296912114	0.370880158629	0.24597700584	0.753521073696	0.784441805226
0.507667899132	0.181813684407	0.336956509531	0.270270197224	0.78622327791	0.444971569148	0.336956509531	0.654929531343	0.862232779097
0.453042238951	0.210522604808	0.251063824445	0.432432315559	0.714964370546	0.385617338663	0.251063824445	0.830985856973	0.776722090261
0.505911231041	0.189777051603	0.234234228959	0.351351256392	0.736342042755	0.354945121356	0.234234228959	0.73239431462	0.775534441805
0.518702089787	0.0895472669249	0.415730313723	0.0810810591673	0.855106888361	0.462495034428	0.415730313723	0.521126723864	0.897862232779
0.573318779469	0.164175082521	0.26573425954	0.297297216947	0.733966745843	0.399295723824	0.26573425954	0.802816844872	0.796318289786
0.326096236706	0.12194623756	0.366812211056	0.135135098612	0.828978622328	0.452825439272	0.366812211056	0.591549254116	0.87945368171
0.561430990696	0.173072305964	0.374074060219	0.243243177502	0.795724465558	0.490286720986	0.374074060219	0.711267555545	0.875296912114
0.369939297438	0.102559089657	0.376288640397	0.10810807889	0.833729216152	0.43451890347	0.376288640397	0.514084470839	0.887173396675
0.56414949894	0.124995236725	0.371527764878	0.162162118335	0.800475059382	0.497669971916	0.371527764878	0.753521073696	0.871733966746
0.367626070976	0.218177314141	0.35493826065	0.324324236669	0.795724465558	0.493557973291	0.35493826065	0.809859097897	0.859857482185
0.520804822445	0.17821314393	0.369863001032	0.243243177502	0.802850356295	0.497691426911	0.369863001032	0.760563326721	0.87054631829
0.521707296371	0.212762056305	0.255186716697	0.405405295836	0.736342042755	0.394227241053	0.255186716697	0.866197122099	0.775534441805
0.640284001827	0.134826572577	0.40304180977	0.162162118335	0.817102137767	0.523452210617	0.40304180977	0.746478820671	0.88539192399
0.251230061054	0.15503464466	0.303652961104	0.270270197224	0.74109263658	0.45861697613	0.303652961104	0.936619652351	0.813539192399
0.169034004211	0.0845020276703	0.540697642983	0.0810810591673	0.845605700713	0.592351695851	0.540697642983	0.654929531343	0.923990498812
0.273572176695	0.201434913382	0.276859498412	0.378378276114	0.736342042755	0.428111494685	0.276859498412	0.943661905376	0.787410926366
0.416651695967	0.181813464053	0.39575970333	0.243243177502	0.807600950119	0.527054349103	0.39575970333	0.788732338822	0.880641330166
0.293003082275	0.101260817422	0.497674395457	0.10810807889	0.83135391924	0.599434951431	0.497674395457	0.753521073696	0.915083135392
0.446500360966	0.13332874392	0.401253905917	0.189189138057	0.783847980998	0.555310246644	0.401253905917	0.901408387225	0.878266033254
