cnn_hidden_size	(20, 10)
loss_weights	[0.15000000000000002, 0.85]
lr	0.000369935989996
0.649418056011	0.177776108779	0.0819228159653	0.972972710007	0.209026128266	0.149473382415	0.0819228159653	0.852112616048	0.182304038005
0.721912801266	0.0	0.0	0.0	0.90973871734	0.0	0.0	0.0	0.91567695962
0.570192337036	0.0	0.0	0.0	0.907363420428	0.0	0.0	0.0	0.914489311164
0.711096942425	0.0	0.0	0.0	0.90973871734	0.0	0.0	0.0	0.91567695962
0.584086358547	0.0	0.0	0.0	0.90973871734	0.0	0.0	0.0	0.915083135392
0.411802500486	0.0	0.181818099174	0.0	0.902612826603	0.048778158944	0.181818099174	0.0281690121008	0.907363420428
0.550834774971	0.0	0.0	0.0	0.912114014252	0.0	0.0	0.0	0.91567695962
0.675451219082	0.0	0.0	0.0	0.90973871734	0.0	0.0	0.0	0.91567695962
0.609539270401	0.0	0.166666388889	0.0	0.90973871734	0.0135127337909	0.166666388889	0.00704225302519	0.913301662708
0.620863676071	0.0416631166178	0.244444390123	0.0270270197224	0.890736342043	0.117643391689	0.244444390123	0.0774647832771	0.902019002375
0.557552278042	0.204540534724	0.185567000744	0.243243177502	0.833729216152	0.214280821398	0.185567000744	0.253521108907	0.8432304038
0.549012184143	0.226410793955	0.33962257743	0.162162118335	0.902612826603	0.184611407317	0.33962257743	0.126760554453	0.905581947743
0.71572381258	0.0454518493289	0.333333209877	0.0270270197224	0.900237529691	0.106506178422	0.333333209877	0.0633802772267	0.910332541568
0.763457238674	0.0816289214493	0.34146333135	0.0540540394449	0.893111638955	0.153001970875	0.34146333135	0.0985915423527	0.907957244656
0.542838156223	0.137926367574	0.277777739198	0.10810807889	0.881235154394	0.186911405469	0.277777739198	0.140845060504	0.896674584323
0.548600792885	0.17072671341	0.210191069415	0.189189138057	0.838479809976	0.220730783885	0.210191069415	0.232394349831	0.861638954869
0.653706371784	0.0384574190765	0.307692260355	0.0270270197224	0.881235154394	0.19323238825	0.307692260355	0.140845060504	0.900831353919
0.695803523064	0.03508315233	0.274193504162	0.0270270197224	0.869358669834	0.166662419369	0.274193504162	0.119718301428	0.899049881235
0.341050237417	0.0727228432414	0.304347781979	0.0540540394449	0.878859857482	0.199047712413	0.304347781979	0.147887313529	0.899643705463
0.420705348253	0.135588497719	0.304347781979	0.10810807889	0.878859857482	0.199047712413	0.304347781979	0.147887313529	0.899643705463
0.477014422417	0.219995294099	0.240343337324	0.297297216947	0.814726840855	0.298661945247	0.240343337324	0.394366169411	0.843824228029
0.647710442543	0.140346272847	0.318181769972	0.10810807889	0.883610451306	0.20191872513	0.318181769972	0.147887313529	0.901425178147
0.594708561897	0.24527842835	0.232142848852	0.351351256392	0.809976247031	0.308052392194	0.232142848852	0.457746446638	0.826603325416
0.261609256268	0.147053819371	0.284482734096	0.135135098612	0.862232779097	0.255808984532	0.284482734096	0.232394349831	0.885985748219
0.479748159647	0.224294499174	0.218637984995	0.324324236669	0.802850356295	0.289781739057	0.218637984995	0.429577434537	0.822446555819
0.771624982357	0.194439394419	0.267123269375	0.189189138057	0.862232779097	0.270828315582	0.267123269375	0.274647867983	0.875296912114
0.554757595062	0.075467454845	0.343749946289	0.0540540394449	0.883610451306	0.213587929203	0.343749946289	0.154929566554	0.903800475059
0.479574501514	0.179770382659	0.289772710808	0.216216157779	0.826603325416	0.320749754042	0.289772710808	0.359154904285	0.871733966746
0.256865411997	0.040812611746	0.307692248521	0.0270270197224	0.888361045131	0.164944512794	0.307692248521	0.112676048403	0.903800475059
0.322680771351	0.103443620896	0.329268252528	0.0810810591673	0.87648456057	0.241066765874	0.329268252528	0.19014083168	0.899049881235
0.325983434916	0.0377316202637	0.346153779586	0.0270270197224	0.878859857482	0.185563067359	0.346153779586	0.126760554453	0.906175771971
0.423305630684	0.227267802274	0.282051267587	0.270270197224	0.838479809976	0.32640459992	0.282051267587	0.387323916386	0.865201900238
0.27727881074	0.0434750947442	0.419354703434	0.0270270197224	0.895486935867	0.150286058395	0.419354703434	0.0915492893275	0.91270783848
0.762347698212	0.12657726666	0.310344806183	0.135135098612	0.836104513064	0.313583828947	0.310344806183	0.316901386134	0.883016627078
0.449377566576	0.233005059946	0.269531239471	0.324324236669	0.812351543943	0.346729061196	0.269531239471	0.485915458738	0.845605700713
0.518699944019	0.111106755997	0.353846099408	0.0810810591673	0.885985748219	0.222217892683	0.353846099408	0.161971819579	0.904394299287
0.338411509991	0.224485050077	0.289592747077	0.297297216947	0.819477434679	0.352612297342	0.289592747077	0.450704193612	0.860451306413
0.469796448946	0.222217164464	0.357142833952	0.216216157779	0.866983372922	0.371616604797	0.357142833952	0.387323916386	0.889548693587
0.494804859161	0.224994971985	0.337142837878	0.243243177502	0.852731591449	0.3722347784	0.337142837878	0.415492928486	0.881828978622
0.419781059027	0.219995294099	0.277533027421	0.297297216947	0.814726840855	0.341458661503	0.277533027421	0.443661940587	0.855700712589
