cnn_hidden_size	(40, 20)
loss_weights	[0.17500000000000004, 0.825]
lr	0.00341288013612
0.764981985092	0.0	0.0	0.0	0.928741092637	0.0	0.0	0.0	0.911520190024
0.689011394978	0.0	0.12499984375	0.0	0.9216152019	0.0127378847736	0.12499984375	0.00671140894554	0.907957244656
0.602971017361	0.0	0.2999997	0.0	0.919239904988	0.037734665595	0.2999997	0.0201342268366	0.909144893112
0.620154857635	0.116274499907	0.180232547661	0.166666611111	0.819477434679	0.193141431209	0.180232547661	0.208053677312	0.846199524941
0.571364223957	0.052628227355	0.321428456633	0.0333333222222	0.914489311164	0.101692240485	0.321428456633	0.0604026805099	0.905581947743
0.664350152016	0.168416695955	0.182539675296	0.266666577778	0.812351543943	0.229421752447	0.182539675296	0.308724811495	0.816508313539
0.69814658165	0.0779173016901	0.216216204529	0.0999999666667	0.83135391924	0.239516001931	0.216216204529	0.268456357822	0.849168646081
0.743279397488	0.0540509570749	0.21739120983	0.0333333222222	0.916864608076	0.0581372114221	0.21739120983	0.0335570447277	0.903800475059
0.68271458149	0.0	0.499999166668	0.0	0.9216152019	0.038708928213	0.499999166668	0.0201342268366	0.911520190024
0.554802656174	0.0	0.333333148148	0.0	0.914489311164	0.0718543555314	0.333333148148	0.0402684536733	0.907957244656
0.472004204988	0.0	0.333333111111	0.0	0.923990498812	0.0609739404074	0.333333111111	0.0335570447277	0.908551068884
0.417456388474	0.166661759401	0.19871793598	0.199999933333	0.857482185273	0.203273677951	0.19871793598	0.208053677312	0.855700712589
0.642527699471	0.14285220425	0.228758154983	0.166666611111	0.857482185273	0.231783065105	0.228758154983	0.234899313094	0.862232779097
0.39675539732	0.0816278719961	0.241758215191	0.0666666444445	0.893111638955	0.18332861019	0.241758215191	0.147650996802	0.883610451306
0.460556149483	0.0	0.433333188889	0.0	0.916864608076	0.145248590297	0.433333188889	0.0872483162921	0.909144893112
0.606865823269	0.0701704281782	0.276785689573	0.0666666444445	0.874109263658	0.237542975101	0.276785689573	0.208053677312	0.881828978622
0.711776733398	0.0967691677916	0.274074053772	0.0999999666667	0.866983372922	0.260558374178	0.274074053772	0.248322130985	0.875296912114
0.456864923239	0.115937080654	0.300699279671	0.133333288889	0.855106888361	0.294515529968	0.300699279671	0.288590584658	0.877672209026
0.673098504543	0.131574134522	0.247190997349	0.166666611111	0.8432304038	0.269108172804	0.247190997349	0.295301993604	0.858076009501
0.27455547452	0.137925993046	0.285714258503	0.133333288889	0.881235154394	0.236215603981	0.285714258503	0.201342268366	0.884798099762
0.388083845377	0.20587736171	0.204225337731	0.233333255556	0.871733966746	0.199307704097	0.204225337731	0.194630859421	0.861638954869
0.445852786303	0.0857093635451	0.313559295461	0.0999999666667	0.847980997625	0.277148604781	0.313559295461	0.248322130985	0.88539192399
0.581112980843	0.0	0.408163182008	0.0	0.895486935867	0.202016457063	0.408163182008	0.134228178911	0.906175771971
0.803983747959	0.103891320845	0.245398757951	0.133333288889	0.836104513064	0.256405250138	0.245398757951	0.268456357822	0.862232779097
0.545679211617	0.0833284493576	0.304347807183	0.0999999666667	0.8432304038	0.316124019434	0.304347807183	0.328859038332	0.874109263658
0.548208475113	0.0999949669167	0.394736807479	0.0999999666667	0.871733966746	0.342200385792	0.394736807479	0.302013402549	0.897268408551
0.383943378925	0.0350827215456	0.309090880992	0.0333333222222	0.869358669834	0.262543355736	0.309090880992	0.228187904148	0.886579572447
0.641991019249	0.239995136096	0.304093549468	0.2999999	0.86460807601	0.324995003397	0.304093549468	0.348993265168	0.871733966746
0.598988831043	0.0975570019416	0.406779592071	0.0666666444445	0.912114014252	0.230765144764	0.406779592071	0.161073814693	0.904988123515
0.50111502409	0.0	0.562499824219	0.0	0.923990498812	0.198892094911	0.562499824219	0.12080536102	0.913895486936
0.360426515341	0.0799951682878	0.390243854848	0.0666666444445	0.890736342043	0.27705167377	0.390243854848	0.214765086257	0.900831353919
0.534410178661	0.190471553398	0.27488150356	0.266666577778	0.838479809976	0.322217352696	0.27488150356	0.389261718841	0.855106888361
0.604039788246	0.0	0.377049118517	0.0	0.907363420428	0.219043476268	0.377049118517	0.154362405747	0.902612826603
0.216302767396	0.148143155171	0.393939354148	0.133333288889	0.890736342043	0.31451130698	0.393939354148	0.261744948876	0.899049881235
0.44644600153	0.102560499793	0.465517161118	0.0666666444445	0.916864608076	0.260865506375	0.465517161118	0.18120804153	0.909144893112
0.491990506649	0.166661759401	0.310975590794	0.199999933333	0.857482185273	0.325873584986	0.310975590794	0.342281856223	0.874703087886
0.385070294142	0.190471141476	0.356060579086	0.199999933333	0.878859857482	0.334514567519	0.356060579086	0.315436220441	0.888954869359
0.469944596291	0.0	0.593749814453	0.0	0.919239904988	0.209941817445	0.593749814453	0.127516769965	0.915083135392
0.481439888477	0.0370320857063	0.339285683992	0.0333333222222	0.87648456057	0.291182817716	0.339285683992	0.255033539931	0.890142517815
0.302198320627	0.197797734672	0.261029402168	0.2999999	0.826603325416	0.337287572351	0.261029402168	0.476510035134	0.83432304038
