cnn_hidden_size	(20, 10)
loss_weights	[0.20000000000000007, 0.7999999999999999]
lr	0.00456918457683
0.692404747009	0.0	0.0	0.0	0.900237529691	0.0	0.0	0.0	0.91864608076
0.565397202969	0.0999957668425	0.149253709067	0.0714285544218	0.871733966746	0.0980347949888	0.149253709067	0.072992695402	0.890736342043
0.685785531998	0.0	0.499997500012	0.0	0.900237529691	0.0143882035134	0.499997500012	0.0072992695402	0.91864608076
0.461328595877	0.0	0.0	0.0	0.900237529691	0.0	0.0	0.0	0.918052256532
0.507017552853	0.0	0.0	0.0	0.900237529691	0.0	0.0	0.0	0.91864608076
0.550017356873	0.0408138610361	0.208333246528	0.0238095181406	0.888361045131	0.0621092566903	0.208333246528	0.036496347701	0.910332541568
0.558859586716	0.035710523352	0.258064432882	0.0238095181406	0.871733966746	0.0952350744994	0.258064432882	0.0583941563216	0.90973871734
0.632643699646	0.0799972800885	0.13793098692	0.0476190362812	0.890736342043	0.0481898818675	0.13793098692	0.0291970781608	0.906175771971
0.506331980228	0.0937454592012	0.194444417438	0.0714285544218	0.862232779097	0.133966762818	0.194444417438	0.102189773563	0.892517814727
0.927193641663	0.0645117380688	0.235294083045	0.0476190362812	0.862232779097	0.156093112321	0.235294083045	0.116788312643	0.897268408551
0.498209089041	0.0	0.263157756233	0.0	0.883610451306	0.0641004167373	0.263157756233	0.036496347701	0.913301662708
0.247063830495	0.240958798188	0.249999981061	0.238095181406	0.850356294537	0.245348143439	0.249999981061	0.240875894827	0.87945368171
0.453709036112	0.0714247961143	0.233333255556	0.0476190362812	0.87648456057	0.0838293779941	0.233333255556	0.0510948867814	0.909144893112
0.247766599059	0.0816301708336	0.466666511111	0.0476190362812	0.893111638955	0.167661703232	0.466666511111	0.102189773563	0.917458432304
0.575712859631	0.0666624447085	0.247190983462	0.0476190362812	0.866983372922	0.194685473921	0.247190983462	0.160583929884	0.891923990499
0.363696753979	0.0	0.571427755103	0.0	0.895486935867	0.0555546228924	0.571427755103	0.0291970781608	0.919239904988
0.282671868801	0.0	0.380952199547	0.0	0.895486935867	0.101263505099	0.380952199547	0.0583941563216	0.91567695962
0.750353574753	0.0333291227508	0.319148868266	0.0238095181406	0.862232779097	0.16303965687	0.319148868266	0.109489043103	0.908551068884
0.43359836936	0.0344787519485	0.386363548554	0.0238095181406	0.866983372922	0.187841603197	0.386363548554	0.124087582183	0.91270783848
0.225948050618	0.111107613275	0.378378276114	0.0714285544218	0.885985748219	0.160916173276	0.378378276114	0.102189773563	0.913301662708
0.537084817886	0.175434656902	0.333333282828	0.119047590703	0.888361045131	0.216744358845	0.333333282828	0.160583929884	0.905581947743
0.34246724844	0.0344787519485	0.289855030456	0.0238095181406	0.866983372922	0.194170283352	0.289855030456	0.145985390804	0.901425178147
0.501103878021	0.11363134836	0.261146480182	0.119047590703	0.814726840855	0.27890656888	0.261146480182	0.299270051148	0.874109263658
0.411965847015	0.170726668796	0.281690121008	0.166666626984	0.838479809976	0.286733332393	0.281690121008	0.291970781608	0.881828978622
0.368426084518	0.133329089021	0.457142791837	0.0952380725624	0.87648456057	0.30917423797	0.457142791837	0.233576625286	0.915083135392
0.41940253973	0.129027846141	0.347222173997	0.0952380725624	0.871733966746	0.239229910573	0.347222173997	0.182481738505	0.905581947743
0.367873668671	0.13332836996	0.327433599342	0.119047590703	0.845605700713	0.295995022483	0.327433599342	0.270072972987	0.895486935867
0.932042181492	0.169009204661	0.412843998822	0.142857108844	0.859857482185	0.365848693635	0.412843998822	0.328467129309	0.907363420428
0.312438935041	0.123451766701	0.261744948876	0.119047590703	0.83135391924	0.272722262549	0.261744948876	0.284671512068	0.87648456057
0.647931694984	0.0338941918201	0.4999999	0.0238095181406	0.86460807601	0.267375732849	0.4999999	0.182481738505	0.91864608076
0.613687336445	0.0740705900093	0.499999903846	0.0476190362812	0.881235154394	0.275128257385	0.499999903846	0.189781008045	0.91864608076
0.591222524643	0.140840198539	0.3571428207	0.119047590703	0.855106888361	0.297867452863	0.3571428207	0.255474433907	0.902019002375
0.536185383797	0.145450882733	0.5294116609	0.0952380725624	0.888361045131	0.287230058338	0.5294116609	0.197080277585	0.920427553444
0.342348843813	0.0909044354971	0.44871789119	0.0714285544218	0.857482185273	0.325576741656	0.44871789119	0.255474433907	0.913895486936
0.376632064581	0.109584124819	0.41121491484	0.0952380725624	0.845605700713	0.360650783795	0.41121491484	0.321167859769	0.907363420428
0.622227668762	0.0	0.722221820988	0.0	0.888361045131	0.167739861003	0.722221820988	0.0948905040226	0.923396674584
0.446903288364	0.158725664019	0.269230743343	0.119047590703	0.874109263658	0.232360219797	0.269230743343	0.204379547126	0.890142517815
0.511986553669	0.172038020723	0.238578668092	0.190476145125	0.817102137767	0.281432270333	0.238578668092	0.343065668389	0.857482185273
0.332819402218	0.0655694601027	0.358974312952	0.0476190362812	0.86460807601	0.26046046866	0.358974312952	0.204379547126	0.905581947743
0.625323534012	0.136981377543	0.319327704258	0.119047590703	0.850356294537	0.296870001609	0.319327704258	0.277372242528	0.893111638955
