cnn_hidden_size	(20, 10)
loss_weights	[0.10000000000000009, 0.8999999999999999]
lr	0.000144332576788
0.719124376774	0.173650760894	0.0929009632524	0.80555533179	0.344418052257	0.165107052374	0.0929009632524	0.741258689422	0.363420427553
0.79984909296	0.0	0.0	0.0	0.904988123515	0.0	0.0	0.0	0.909144893112
0.643890619278	0.0	0.0	0.0	0.914489311164	0.0	0.0	0.0	0.915083135392
0.583314180374	0.105258467426	0.191176442474	0.0833333101852	0.878859857482	0.123218369014	0.191176442474	0.0909090845518	0.890142517815
0.628708064556	0.0869530814172	0.184210477839	0.0555555401235	0.900237529691	0.0773447405344	0.184210477839	0.0489510455279	0.900831353919
0.679745674133	0.0	0.357142602041	0.0	0.914489311164	0.0636926350359	0.357142602041	0.0349650325199	0.91270783848
0.544500827789	0.0465088806336	0.212121147842	0.0277777700617	0.902612826603	0.0795423987475	0.212121147842	0.0489510455279	0.903800475059
0.703216135502	0.0	0.380952199547	0.0	0.912114014252	0.0975587307167	0.380952199547	0.0559440520319	0.912114014252
0.682622373104	0.109086347295	0.223684181094	0.0833333101852	0.883610451306	0.155246595491	0.223684181094	0.118881110568	0.890142517815
0.571229696274	0.197525877276	0.227027014755	0.222222160494	0.845605700713	0.256092627437	0.227027014755	0.293706273167	0.855106888361
0.682254433632	0.191775770444	0.208955208287	0.194444390432	0.859857482185	0.202161055787	0.208955208287	0.195804182112	0.868764845606
0.594139814377	0.0754673124618	0.239436585995	0.0555555401235	0.883610451306	0.158874055936	0.239436585995	0.118881110568	0.893111638955
0.655925631523	0.129027346698	0.224489773011	0.111111080247	0.871733966746	0.18256777341	0.224489773011	0.153846143088	0.883016627078
0.562477767467	0.156245029452	0.238938031952	0.138888850309	0.871733966746	0.2109325523	0.238938031952	0.188811175608	0.880047505938
0.562730967999	0.158725210532	0.245901619188	0.138888850309	0.874109263658	0.22641010876	0.245901619188	0.20979019512	0.878266033254
0.616059601307	0.138883850489	0.230769214632	0.138888850309	0.852731591449	0.23076421474	0.230769214632	0.230769214632	0.869358669834
0.508976578712	0.177210184404	0.240963840906	0.194444390432	0.845605700713	0.258894687415	0.240963840906	0.279720260159	0.864014251781
0.538117110729	0.159995360133	0.222222212726	0.222222160494	0.800475059382	0.275857345731	0.222222212726	0.363636338207	0.837885985748
0.579365253448	0.180175765061	0.220532311006	0.277777700617	0.783847980998	0.28570970851	0.220532311006	0.405594377231	0.827790973872
0.725652337074	0.172834525366	0.219512181737	0.194444390432	0.840855106888	0.234522695519	0.219512181737	0.251748234143	0.860451306413
0.652119100094	0.178857619238	0.211409388879	0.305555470679	0.760095011876	0.285709890493	0.211409388879	0.440559409751	0.812945368171
0.556161165237	0.17910052136	0.194999995125	0.333333240741	0.738717339667	0.287288927198	0.194999995125	0.545454507311	0.770190023753
0.535920143127	0.186041600993	0.240196066657	0.222222160494	0.833729216152	0.2824158876	0.240196066657	0.342657318695	0.852137767221
0.575082957745	0.222217372943	0.237623750613	0.277777700617	0.833729216152	0.278255999749	0.237623750613	0.335664312191	0.852137767221
0.597227454185	0.206892235522	0.229235872783	0.333333240741	0.781472684086	0.310806430039	0.229235872783	0.482517448775	0.818289786223
0.509146153927	0.212761186162	0.232456130155	0.277777700617	0.824228028504	0.285709532849	0.232456130155	0.370629344711	0.842636579572
0.766005992889	0.247614494413	0.218867916269	0.361111010802	0.812351543943	0.28430915869	0.218867916269	0.405594377231	0.826603325416
0.550886273384	0.228065814178	0.239616605763	0.361111010802	0.790973871734	0.328943048975	0.239616605763	0.524475487799	0.818289786223
0.661646962166	0.217817151356	0.236220463141	0.305555470679	0.812351543943	0.302262378234	0.236220463141	0.419580390239	0.835510688836
0.689159989357	0.204375657807	0.194647197211	0.388888780864	0.74109263658	0.288804823976	0.194647197211	0.559440520319	0.766033254157
0.573863267899	0.205602973282	0.226351343704	0.305555470679	0.79809976247	0.30523477344	0.226351343704	0.468531435767	0.818883610451
0.53086990118	0.206180856732	0.241379299941	0.277777700617	0.817102137767	0.298661932448	0.241379299941	0.391608364223	0.843824228029
0.570092737675	0.252096577996	0.227963518907	0.416666550926	0.788598574822	0.317792373207	0.227963518907	0.524475487799	0.808788598575
0.586371064186	0.212117213113	0.209476304003	0.388888780864	0.75296912114	0.308819642742	0.209476304003	0.587412546335	0.776722090261
0.576833188534	0.226082616339	0.23920264986	0.361111010802	0.788598574822	0.324319942941	0.23920264986	0.503496468287	0.821852731591
0.623044192791	0.206892790555	0.206896546968	0.416666550926	0.726840855107	0.311414950476	0.206896546968	0.629370585359	0.763657957245
0.468298822641	0.223995863115	0.215425526185	0.388888780864	0.769596199525	0.312134724083	0.215425526185	0.566433526823	0.788004750594
0.644062042236	0.225559927707	0.210256404865	0.416666550926	0.755344418052	0.307688369962	0.210256404865	0.573426533327	0.780878859857
0.518052995205	0.214281313864	0.249999991883	0.333333240741	0.790973871734	0.341459068791	0.249999991883	0.538461500807	0.823634204276
0.558114826679	0.226187081966	0.188509870942	0.527777631173	0.691211401425	0.299996740402	0.188509870942	0.734265682918	0.709026128266
