cnn_hidden_size	(80, 40)
loss_weights	[0.10000000000000009, 0.8999999999999999]
lr	0.00238855581787
0.709486782551	0.0	0.17241373365	0.0	0.885985748219	0.059877362538	0.17241373365	0.0362318814325	0.9067695962
0.757424473763	0.126979541609	0.124999987981	0.0975609518144	0.869358669834	0.107433106569	0.124999987981	0.0942028917244	0.871733966746
0.706659078598	0.0	0.0999999000001	0.0	0.900237529691	0.01351225176	0.0999999000001	0.00724637628649	0.913301662708
0.869794726372	0.0727225837716	0.148760324431	0.0975609518144	0.757719714964	0.189469048866	0.148760324431	0.260869546314	0.817102137767
0.708694159985	0.0	0.222222139918	0.0	0.902612826603	0.0727245268242	0.222222139918	0.043478257719	0.909144893112
0.702714800835	0.0357103511952	0.149999975	0.0243902379536	0.871733966746	0.0909048578637	0.149999975	0.0652173865785	0.893111638955
0.601566076279	0.0769180706717	0.172661858082	0.0731707138608	0.828978622328	0.173280186254	0.172661858082	0.173913030876	0.864014251781
0.679475009441	0.196716816817	0.117263839829	0.292682855443	0.767220902613	0.161793466797	0.117263839829	0.260869546314	0.778503562945
0.487631797791	0.121207378511	0.20270267531	0.0975609518144	0.862232779097	0.141504876436	0.20270267531	0.108695644297	0.891923990499
0.625980377197	0.154834798849	0.122685182345	0.292682855443	0.688836104513	0.185961236022	0.122685182345	0.384057943184	0.724465558195
0.659451067448	0.0533283631272	0.17117115575	0.0487804759072	0.83135391924	0.152605488459	0.17117115575	0.137681149443	0.874703087886
0.805680155754	0.183481511777	0.169421480602	0.243902379536	0.788598574822	0.215784836941	0.169421480602	0.297101427746	0.823040380048
0.53336673975	0.151255962284	0.162544163868	0.219512141582	0.760095011876	0.218522898741	0.162544163868	0.333333309179	0.804631828979
0.721912384033	0.0895474629383	0.257142820408	0.0731707138608	0.855106888361	0.173072440944	0.257142820408	0.130434773157	0.897862232779
0.380554080009	0.217683022889	0.165680468471	0.390243807258	0.726840855107	0.235289990539	0.165680468471	0.405797072044	0.783847980998
0.68409961462	0.193099365602	0.149863756135	0.34146333135	0.722090261283	0.217817801778	0.149863756135	0.398550695757	0.765439429929
0.598940074444	0.178767398091	0.139630387277	0.390243807258	0.650831353919	0.217596552144	0.139630387277	0.492753587482	0.709619952494
0.647699952126	0.129027736888	0.239436585995	0.0975609518144	0.871733966746	0.162674924232	0.239436585995	0.12318839687	0.896080760095
0.727951526642	0.0963805199283	0.203007503533	0.0975609518144	0.821852731591	0.199256979742	0.203007503533	0.195652159735	0.871140142518
0.607148110867	0.178078128258	0.177177171857	0.317073093397	0.714964370546	0.250526632026	0.177177171857	0.427536200903	0.790380047506
0.60817861557	0.126577253842	0.217741917924	0.121951189768	0.836104513064	0.206101868893	0.217741917924	0.195652159735	0.87648456057
0.479595005512	0.142852476235	0.165354324199	0.195121903629	0.771971496437	0.214281141288	0.165354324199	0.304347804033	0.817102137767
0.463451176882	0.185426483133	0.169444439738	0.34146333135	0.70783847981	0.244975903519	0.169444439738	0.442028953476	0.776722090261
0.707355439663	0.15037165256	0.192691023499	0.243902379536	0.731591448931	0.264232579395	0.192691023499	0.420289824617	0.808194774347
0.570506453514	0.205475384767	0.175977648716	0.365853569304	0.724465558195	0.254028231561	0.175977648716	0.456521706049	0.780285035629
0.574631690979	0.168416110946	0.223529398616	0.195121903629	0.812351543943	0.246748284801	0.223529398616	0.275362298887	0.862232779097
0.657577753067	0.222218118323	0.18085105902	0.390243807258	0.733966745843	0.264587501459	0.18085105902	0.492753587482	0.775534441805
0.6848051548	0.198014939829	0.213197958721	0.243902379536	0.807600950119	0.250741408871	0.213197958721	0.304347804033	0.850950118765
0.592134594917	0.165132891304	0.203065126319	0.219512141582	0.783847980998	0.265659622316	0.203065126319	0.384057943184	0.826009501188
0.340283095837	0.235290163677	0.180327864629	0.439024283165	0.722090261283	0.272562670267	0.180327864629	0.55797097406	0.75593824228
0.506647229195	0.22221747095	0.208333325442	0.292682855443	0.800475059382	0.273627318457	0.208333325442	0.398550695757	0.826603325416
0.535692811012	0.205354133892	0.154078547521	0.560975472933	0.577197149644	0.254997138782	0.154078547521	0.739130381222	0.646080760095
0.720917165279	0.17999512613	0.231092427265	0.219512141582	0.805225653207	0.292548529669	0.231092427265	0.398550695757	0.842042755344
0.5155377388	0.184206562584	0.182432428324	0.34146333135	0.705463182898	0.278346888133	0.182432428324	0.586956479206	0.750593824228
0.610541164875	0.209786090353	0.201044381174	0.365853569304	0.731591448931	0.295581507045	0.201044381174	0.55797097406	0.782066508314
0.640043020248	0.196716816817	0.197802190557	0.292682855443	0.767220902613	0.26276924937	0.197802190557	0.391304319471	0.820071258907
0.422388702631	0.260865350833	0.205479446425	0.439024283165	0.757719714964	0.298206742106	0.205479446425	0.543478221487	0.790380047506
0.572363436222	0.165284748431	0.167346931945	0.243902379536	0.760095011876	0.214094595877	0.167346931945	0.297101427746	0.821258907363
0.74519354105	0.203120614107	0.177083327185	0.317073093397	0.757719714964	0.239432228474	0.177083327185	0.369565190611	0.807600950119
0.674895346165	0.189650569373	0.223048318846	0.26829261749	0.776722090261	0.294835798413	0.223048318846	0.43478257719	0.829572446556
