cnn_hidden_size	(60, 30)
loss_weights	[0.30000000000000004, 0.7]
lr	0.00131451032322
0.735569596291	0.0	0.0	0.0	0.902612826603	0.0	0.0	0.0	0.918052256532
0.23963521421	0.0	0.0	0.0	0.902612826603	0.0	0.0	0.0	0.918052256532
0.405943721533	0.0	0.0	0.0	0.902612826603	0.0	0.0	0.0	0.918052256532
0.27181443572	0.0	0.0	0.0	0.902612826603	0.0	0.0	0.0	0.918052256532
0.53768569231	0.0	0.799998400003	0.0	0.900237529691	0.055943373277	0.799998400003	0.028985505146	0.919833729216
0.39283272624	0.0	0.999997500006	0.0	0.902612826603	0.0563374727277	0.999997500006	0.028985505146	0.920427553444
0.505134284496	0.041664158133	0.333333263889	0.0243902379536	0.890736342043	0.172039162994	0.333333263889	0.115942020584	0.908551068884
0.432099193335	0.0	0.823528927336	0.0	0.900237529691	0.180643185036	0.823528927336	0.101449268011	0.92458432304
0.30098643899	0.162157176922	0.352380918821	0.146341427722	0.852731591449	0.304521816198	0.352380918821	0.2681159226	0.899643705463
0.409579128027	0.131143090715	0.382352884948	0.0975609518144	0.874109263658	0.252422737376	0.382352884948	0.188405783449	0.908551068884
0.293111532927	0.0476185600909	0.999998750002	0.0243902379536	0.904988123515	0.109587990251	0.999998750002	0.057971010292	0.922802850356
0.508111715317	0.153842758947	0.522387981733	0.0975609518144	0.895486935867	0.341458981139	0.522387981733	0.253623170027	0.919833729216
0.688826262951	0.0	0.99999909091	0.0	0.897862232779	0.147649619398	0.99999909091	0.0797101391514	0.92458432304
0.310087263584	0.111106176914	0.47887317199	0.0975609518144	0.847980997625	0.325354334441	0.47887317199	0.246376793741	0.916270783848
0.292469024658	0.0784281892833	0.774193298647	0.0487804759072	0.888361045131	0.284020639364	0.774193298647	0.173913030876	0.928147268409
0.537073075771	0.0	0.789473268698	0.0	0.902612826603	0.191080650759	0.789473268698	0.108695644297	0.92458432304
0.338828265667	0.0769197116818	0.624999869792	0.0487804759072	0.885985748219	0.322576781176	0.624999869792	0.217391288595	0.925178147268
0.35219758749	0.0	0.928570765307	0.0	0.900237529691	0.17105093665	0.928570765307	0.0942028917244	0.925178147268
0.398537188768	0.0754681667688	0.731707138608	0.0487804759072	0.883610451306	0.335191961586	0.731707138608	0.217391288595	0.929334916865
0.101986326277	0.0434763044315	0.839999664	0.0243902379536	0.895486935867	0.257666083055	0.839999664	0.152173902016	0.928147268409
0.288178861141	0.162157176922	0.421487568472	0.146341427722	0.852731591449	0.393817385015	0.421487568472	0.369565190611	0.9067695962
0.372860938311	0.117642037582	0.427672929077	0.121951189768	0.821852731591	0.457907452128	0.427672929077	0.492753587482	0.904394299287
0.23365393281	0.153842758947	0.76744168199	0.0975609518144	0.895486935867	0.364637221122	0.76744168199	0.239130417454	0.931710213777
0.317574381828	0.171423669525	0.553398004524	0.146341427722	0.862232779097	0.473024111894	0.553398004524	0.41304344833	0.92458432304
0.2695569098	0.137926843168	0.657142763265	0.0975609518144	0.881235154394	0.442303184217	0.657142763265	0.333333309179	0.931116389549
0.315276503563	0.181813163876	0.506578914041	0.195121903629	0.828978622328	0.531029457835	0.506578914041	0.55797097406	0.919239904988
0.256344050169	0.158725563244	0.723076811834	0.121951189768	0.874109263658	0.463049788194	0.723076811834	0.340579685465	0.935273159145
0.447322458029	0.159085896333	0.462499971094	0.170731665675	0.824228028504	0.496639289271	0.462499971094	0.536231845201	0.910926365796
0.147107496858	0.135588934346	0.724999909375	0.0975609518144	0.878859857482	0.532105396893	0.724999909375	0.420289824617	0.939429928741
0.470055907965	0.219507141696	0.443749972266	0.219512141582	0.847980997625	0.476505062436	0.443749972266	0.514492716341	0.907363420428
0.165143787861	0.193543845057	0.616438271721	0.146341427722	0.881235154394	0.426535718473	0.616438271721	0.326086932892	0.928147268409
0.44824847579	0.208950412226	0.723684115305	0.170731665675	0.874109263658	0.514014063278	0.723684115305	0.398550695757	0.938242280285
0.176887586713	0.115937173063	0.686956462004	0.0975609518144	0.855106888361	0.624500920847	0.686956462004	0.572463726633	0.943586698337
0.368690222502	0.227843050903	0.700854640953	0.219512141582	0.855106888361	0.643132238408	0.700854640953	0.594202855493	0.945961995249
0.34999191761	0.122446197477	0.830188522606	0.0731707138608	0.897862232779	0.460728926325	0.830188522606	0.318840556606	0.938836104513
0.379844397306	0.235289260478	0.626262563004	0.195121903629	0.87648456057	0.523201842343	0.626262563004	0.449275329763	0.932897862233
0.304979860783	0.202893669512	0.640776636818	0.170731665675	0.869358669834	0.54771290237	0.640776636818	0.478260834909	0.935273159145
0.207204028964	0.210521291669	0.698275801873	0.195121903629	0.857482185273	0.637790262919	0.698275801873	0.586956479206	0.945368171021
0.283148109913	0.219507141696	0.644927489498	0.219512141582	0.847980997625	0.644922489537	0.644927489498	0.644927489498	0.941805225653
0.219828739762	0.268036301502	0.55151511809	0.317073093397	0.83135391924	0.600655066102	0.55151511809	0.659420242071	0.928147268409
