cnn_hidden_size	(20, 10)
loss_weights	[0.25, 0.75]
lr	0.000580431471741
0.71300381422	0.133328341518	0.0591397817667	0.147058780277	0.845605700713	0.0664603298615	0.0591397817667	0.0758620637337	0.816508313539
0.300585180521	0.0	0.0	0.0	0.919239904988	0.0	0.0	0.0	0.913895486936
0.441036820412	0.0	0.0	0.0	0.919239904988	0.0	0.0	0.0	0.913895486936
0.424049466848	0.0	0.0	0.0	0.919239904988	0.0	0.0	0.0	0.913895486936
0.441879630089	0.0	0.0	0.0	0.919239904988	0.0	0.0	0.0	0.913895486936
0.564008057117	0.0	0.399999200002	0.0	0.914489311164	0.0266660186811	0.399999200002	0.013793102497	0.913301662708
0.639569759369	0.0	0.190476099773	0.0	0.907363420428	0.0481905553337	0.190476099773	0.0275862049941	0.906175771971
0.481849402189	0.0	0.0	0.0	0.916864608076	0.0	0.0	0.0	0.913301662708
0.369466871023	0.0	0.0	0.0	0.919239904988	0.0	0.0	0.0	0.913895486936
0.610389053822	0.0	0.666664444452	0.0	0.914489311164	0.0270266261916	0.666664444452	0.013793102497	0.914489311164
0.369059354067	0.0	0.499997500012	0.0	0.914489311164	0.0136051719231	0.499997500012	0.00689655124851	0.913895486936
0.542149186134	0.0499974251276	0.259259163237	0.0294117560554	0.90973871734	0.0813926927572	0.259259163237	0.0482758587396	0.906175771971
0.388358592987	0.0	0.333332222226	0.0	0.916864608076	0.0135131145101	0.333332222226	0.00689655124851	0.913301662708
0.574950993061	0.048777632524	0.311111041975	0.0294117560554	0.907363420428	0.14736479067	0.311111041975	0.0965517174792	0.903800475059
0.704491257668	0.0	0.0	0.0	0.919239904988	0.0	0.0	0.0	0.913895486936
0.50709271431	0.0	0.0	0.0	0.919239904988	0.0	0.0	0.0	0.913895486936
0.41997396946	0.101689997362	0.299999975	0.0882352681661	0.874109263658	0.271693137292	0.299999975	0.248275844946	0.88539192399
0.387110561132	0.0526296676542	0.470587958478	0.0294117560554	0.914489311164	0.0987635414158	0.470587958478	0.0551724099881	0.913301662708
0.30546605587	0.0526296676542	0.384615088758	0.0294117560554	0.914489311164	0.0632896210895	0.384615088758	0.0344827562426	0.912114014252
0.564904212952	0.0816283717323	0.35064930511	0.0588235121107	0.893111638955	0.243238690532	0.35064930511	0.18620688371	0.900237529691
0.293803870678	0.0540525347342	0.466666355556	0.0294117560554	0.916864608076	0.0874982898759	0.466666355556	0.0482758587396	0.913301662708
0.528212785721	0.0540525347342	0.555554938272	0.0294117560554	0.916864608076	0.0649339559967	0.555554938272	0.0344827562426	0.914489311164
0.456857293844	0.14814324052	0.267942570912	0.176470536332	0.836104513064	0.316379326417	0.267942570912	0.386206869917	0.856294536817
0.584960639477	0.107138048682	0.425531869624	0.0882352681661	0.881235154394	0.334723233205	0.425531869624	0.275862049941	0.905581947743
0.328970760107	0.0512797897067	0.484848337925	0.0294117560554	0.912114014252	0.179772240298	0.484848337925	0.110344819976	0.913301662708
0.40772113204	0.231878991916	0.33333331675	0.235294048443	0.874109263658	0.387278345646	0.33333331675	0.46206893365	0.874109263658
0.483271181583	0.0555544753241	0.636363057852	0.0294117560554	0.919239904988	0.0897422674409	0.636363057852	0.0482758587396	0.91567695962
0.329831302166	0.0784268975986	0.431192620992	0.0588235121107	0.888361045131	0.370073811522	0.431192620992	0.32413790868	0.904988123515
0.362645477057	0.0465082966104	0.545454380165	0.0294117560554	0.902612826603	0.20224414788	0.545454380165	0.124137922473	0.91567695962
0.486085891724	0.102561814642	0.521738903592	0.0588235121107	0.916864608076	0.142854762652	0.521738903592	0.0827586149822	0.914489311164
0.334574073553	0.190471161631	0.396341439247	0.176470536332	0.878859857482	0.420706965843	0.396341439247	0.448275831153	0.893705463183
0.421899318695	0.11764256841	0.471153800851	0.0882352681661	0.893111638955	0.393569401199	0.471153800851	0.337931011177	0.910332541568
0.25873363018	0.203384878026	0.469026507166	0.176470536332	0.888361045131	0.410847758307	0.469026507166	0.365517216171	0.90973871734
0.416006922722	0.0930199027663	0.562499882813	0.0588235121107	0.907363420428	0.279788980157	0.562499882813	0.18620688371	0.917458432304
0.441950976849	0.263152880979	0.372972952812	0.294117560554	0.866983372922	0.418176866357	0.372972952812	0.475862036147	0.885985748219
0.252248883247	0.0540525347342	0.739130113422	0.0294117560554	0.916864608076	0.202378565078	0.739130113422	0.117241371225	0.920427553444
0.366789638996	0.172408882419	0.47933880336	0.147058780277	0.885985748219	0.436085233535	0.47933880336	0.399999972414	0.910926365796
0.286237895489	0.0851023451398	0.605263078255	0.0588235121107	0.897862232779	0.416285042534	0.605263078255	0.317241357432	0.923396674584
0.14181907475	0.0952349660844	0.676470389273	0.0588235121107	0.90973871734	0.256980134239	0.676470389273	0.158620678716	0.921021377672
0.498566240072	0.243897525379	0.379629612054	0.294117560554	0.852731591449	0.454288797098	0.379629612054	0.565517202378	0.883016627078
