cnn_hidden_size	(40, 20)
loss_weights	[0.15000000000000002, 0.85]
lr	0.00224305758737
0.702229440212	0.0	0.0	0.0	0.923990498812	0.0	0.0	0.0	0.910332541568
0.594946444035	0.0	0.0	0.0	0.923990498812	0.0	0.0	0.0	0.91270783848
0.711870372295	0.111106142195	0.141104285822	0.124999960938	0.847980997625	0.148382100688	0.141104285822	0.15646257439	0.8432304038
0.616923451424	0.0	0.19565213138	0.0	0.904988123515	0.0932606084795	0.19565213138	0.061224485631	0.896080760095
0.659382104874	0.114280718583	0.169312160354	0.124999960938	0.852731591449	0.19047125739	0.169312160354	0.217687060021	0.838479809976
0.564563691616	0.194439452286	0.262068947444	0.218749931641	0.862232779097	0.260268955106	0.262068947444	0.258503383775	0.871733966746
0.667465746403	0.179482294673	0.197740101823	0.218749931641	0.847980997625	0.21604441236	0.197740101823	0.238095221898	0.849168646081
0.58756840229	0.264700821893	0.265624979248	0.281249912109	0.881235154394	0.247267733257	0.265624979248	0.231292501273	0.877078384798
0.515847742558	0.166661633482	0.254098339828	0.156249951172	0.881235154394	0.230478297532	0.254098339828	0.210884339396	0.877078384798
0.932244300842	0.211534160588	0.219354831634	0.343749892578	0.805225653207	0.297588620934	0.219354831634	0.462585002545	0.809382422803
0.532419025898	0.195117144673	0.284210511357	0.249999921875	0.8432304038	0.320469839909	0.284210511357	0.367346913786	0.864014251781
0.305265158415	0.166661682245	0.242718434819	0.187499941406	0.857482185273	0.28328124269	0.242718434819	0.340136031283	0.849762470309
0.439032524824	0.198194059008	0.255882345415	0.343749892578	0.788598574822	0.357285298381	0.255882345415	0.591836694433	0.814133016627
0.840350210667	0.166662187618	0.284644184096	0.249999921875	0.809976247031	0.367145160854	0.284644184096	0.517006767551	0.844418052257
0.699107289314	0.181813512514	0.258426956613	0.249999921875	0.828978622328	0.333328737373	0.258426956613	0.469387723171	0.836104513064
0.582515001297	0.16666246581	0.254180593506	0.281249912109	0.78622327791	0.34080274041	0.254180593506	0.517006767551	0.82541567696
1.33676242828	0.0952344219056	0.387755022907	0.0624999804688	0.90973871734	0.193873781309	0.387755022907	0.129251691888	0.906175771971
0.708746254444	0.204077192931	0.278350505899	0.312499902344	0.814726840855	0.369858537303	0.278350505899	0.551020370679	0.836104513064
0.416103392839	0.226410836675	0.267100968498	0.374999882813	0.805225653207	0.361229085325	0.267100968498	0.557823091305	0.827790973872
0.54353761673	0.182854133599	0.214788728613	0.49999984375	0.660332541568	0.341255465237	0.214788728613	0.829931916331	0.720308788599
0.410753637552	0.204540780063	0.329317255851	0.281249912109	0.833729216152	0.414136725004	0.329317255851	0.557823091305	0.862232779097
0.677410542965	0.166661910564	0.336099571116	0.218749931641	0.833729216152	0.417521045196	0.336099571116	0.551020370679	0.865795724466
0.469034522772	0.188230555134	0.374999982639	0.249999921875	0.836104513064	0.446276147856	0.374999982639	0.551020370679	0.880641330166
0.418415904045	0.113631709899	0.374999983836	0.156249951172	0.814726840855	0.459098129692	0.374999983836	0.591836694433	0.878266033254
0.33626383543	0.168669920296	0.369047604403	0.218749931641	0.836104513064	0.466160736474	0.369047604403	0.632653018187	0.87351543943
0.476622134447	0.105258668333	0.335877849776	0.156249951172	0.79809976247	0.430313222711	0.335877849776	0.598639415059	0.861638954869
0.525323331356	0.191484830345	0.373584891563	0.281249912109	0.819477434679	0.480577911133	0.373584891563	0.673469341941	0.872921615202
0.574257493019	0.0722844015297	0.387096753382	0.0937499707031	0.817102137767	0.432427475099	0.387096753382	0.489795885048	0.887767220903
0.328955978155	0.157139308242	0.28192770405	0.343749892578	0.719714964371	0.416366228997	0.28192770405	0.795918313203	0.805225653207
0.615469813347	0.164943998418	0.319999989333	0.249999921875	0.807600950119	0.429525767954	0.319999989333	0.653061180064	0.848574821853
0.568077087402	0.0789424726002	0.352422891964	0.0937499707031	0.833729216152	0.427802692581	0.352422891964	0.544217650053	0.872921615202
0.493073970079	0.0869515230738	0.410810788605	0.0937499707031	0.850356294537	0.457826363277	0.410810788605	0.517006767551	0.893111638955
0.249464467168	0.135918020683	0.318181807851	0.218749931641	0.788598574822	0.430764837914	0.318181807851	0.666666621315	0.846199524941
0.504977107048	0.129028408022	0.308123240669	0.249999921875	0.743467933492	0.436503787281	0.308123240669	0.748299268823	0.83135391924
0.291361808777	0.173224549651	0.327823682429	0.343749892578	0.750593824228	0.466662545288	0.327823682429	0.809523754454	0.838479809976
0.275086134672	0.169010569403	0.245495489966	0.374999882813	0.719714964371	0.368862578535	0.245495489966	0.741496548198	0.778503562945
0.444323718548	0.146336668804	0.414937742119	0.187499941406	0.833729216152	0.515459184467	0.414937742119	0.680272062567	0.888361045131
0.668367266655	0.17020823914	0.415384599408	0.249999921875	0.814726840855	0.530707890097	0.415384599408	0.734693827572	0.886579572447
0.158639878035	0.115937021847	0.466292108635	0.124999960938	0.855106888361	0.510764244876	0.466292108635	0.56462581193	0.905581947743
0.306885302067	0.113631709899	0.390557923152	0.156249951172	0.814726840855	0.478942599354	0.390557923152	0.619047576936	0.88242280285
