cnn_hidden_size	(80, 40)
loss_weights	[0.07500000000000007, 0.9249999999999999]
lr	0.00105061994516
0.625555753708	0.0	0.166666527778	0.0	0.893111638955	0.0270255333171	0.166666527778	0.0147058812716	0.914489311164
0.707333862782	0.190473680212	0.103857565738	0.651162639265	0.434679334917	0.183084218724	0.103857565738	0.77205876676	0.443586698337
0.721516191959	0.186331465689	0.144404329523	0.348837128177	0.688836104513	0.231880886243	0.144404329523	0.588235250865	0.685273159145
0.764199614525	0.196823026886	0.115203020631	0.7209300649	0.399049881235	0.204182079913	0.115203020631	0.897058757569	0.435273159145
0.709152817726	0.175820547713	0.15409835813	0.372092936723	0.643705463183	0.252007735734	0.15409835813	0.691176419766	0.66864608076
0.718046784401	0.195119050541	0.131701630167	0.558139405084	0.529691211401	0.227361818541	0.131701630167	0.830882291847	0.543942992874
0.558800518513	0.176467243911	0.151862462008	0.418604553813	0.600950118765	0.254193907062	0.151862462008	0.779411707396	0.630641330166
0.517002701759	0.232254025459	0.175781246567	0.418604553813	0.717339667458	0.277774452676	0.175781246567	0.661764657223	0.722090261283
0.579129993916	0.241755570075	0.124117052229	0.76744168199	0.508313539192	0.2182764897	0.124117052229	0.904411698205	0.476840855107
0.616317689419	0.212116787281	0.1854636545	0.325581319632	0.75296912114	0.276631712027	0.1854636545	0.54411760705	0.770190023753
0.500991880894	0.191384273309	0.160739684769	0.465116170903	0.598574821853	0.269365572755	0.160739684769	0.830882291847	0.635985748219
0.532002449036	0.231402017317	0.146433039469	0.651162639265	0.558194774347	0.2502648884	0.146433039469	0.86029405439	0.583729216152
0.47530156374	0.216491372677	0.163265303559	0.488371979448	0.638954869359	0.269078594041	0.163265303559	0.764705826125	0.664489311164
0.609822392464	0.200910067813	0.153342068764	0.511627787994	0.58432304038	0.260286636592	0.153342068764	0.86029405439	0.605106888361
0.623674035072	0.20370049602	0.158823527076	0.511627787994	0.591448931116	0.264703098116	0.158823527076	0.794117588668	0.643705463183
0.628236830235	0.213988839139	0.1455847238	0.604651022174	0.546318289786	0.250510939227	0.1455847238	0.897058757569	0.566508313539
0.572860717773	0.187231036716	0.151439297229	0.511627787994	0.546318289786	0.258821037949	0.151439297229	0.889705816933	0.588479809976
0.753161907196	0.17340664915	0.193321613474	0.348837128177	0.660332541568	0.312053614879	0.193321613474	0.808823469939	0.711995249406
0.357416689396	0.267376109172	0.187835417033	0.581395213629	0.67458432304	0.30215511689	0.187835417033	0.77205876676	0.711995249406
0.612169086933	0.229505274492	0.158647592215	0.651162639265	0.553444180523	0.269610699868	0.158647592215	0.897058757569	0.607482185273
0.446352511644	0.242770802957	0.212765953331	0.488371979448	0.688836104513	0.336903276839	0.212765953331	0.808823469939	0.742874109264
0.593334913254	0.234231089644	0.171428569096	0.604651022174	0.596199524941	0.289319975823	0.171428569096	0.926470520112	0.63242280285
0.664277255535	0.207788155753	0.26252982667	0.372092936723	0.710213776722	0.396392682187	0.26252982667	0.808823469939	0.80106888361
0.48001781106	0.247308246669	0.22346368299	0.534883596539	0.667458432304	0.356608948805	0.22346368299	0.882352876298	0.742874109264
0.463464528322	0.175671529498	0.266832911052	0.302325511087	0.710213776722	0.398506444903	0.266832911052	0.786764648032	0.808194774347
0.390425920486	0.191078800845	0.23182710743	0.348837128177	0.698337292162	0.365888133676	0.23182710743	0.867646995026	0.757125890736
0.441325992346	0.21100598818	0.187772923031	0.534883596539	0.591448931116	0.313484475368	0.187772923031	0.94852934202	0.664489311164
0.78785943985	0.228567139875	0.281653739492	0.372092936723	0.743467933492	0.416822139553	0.281653739492	0.801470529304	0.818883610451
0.350432097912	0.263469198664	0.223735404207	0.511627787994	0.70783847981	0.353842833924	0.223735404207	0.845588173119	0.750593824228
0.435052454472	0.183094343481	0.282710273768	0.302325511087	0.724465558195	0.429074339224	0.282710273768	0.889705816933	0.808788598575
0.452997982502	0.164831537936	0.224699824619	0.348837128177	0.638954869359	0.36439191547	0.224699824619	0.963235223292	0.728622327791
0.312135487795	0.244440780918	0.24084777956	0.511627787994	0.676959619952	0.381676087249	0.24084777956	0.919117579477	0.759501187648
0.348136395216	0.180446725189	0.322222213272	0.279069702542	0.74109263658	0.467737936428	0.322222213272	0.852941113754	0.8432304038
0.375033289194	0.245610241841	0.249504945554	0.488371979448	0.693586698337	0.393132370131	0.249504945554	0.926470520112	0.769002375297
0.499318003654	0.230765207991	0.27499999375	0.418604553813	0.714964370546	0.420135267079	0.27499999375	0.889705816933	0.801662707838
0.379653483629	0.249996038343	0.271739124527	0.465116170903	0.714964370546	0.419459550838	0.271739124527	0.919117579477	0.794536817102
0.467570513487	0.168062583278	0.378091859431	0.232558085452	0.764845605701	0.510735447888	0.378091859431	0.786764648032	0.878266033254
0.217333897948	0.246749189642	0.281249993722	0.441860362358	0.724465558195	0.431503261664	0.281249993722	0.926470520112	0.802850356295
0.274242818356	0.217139125614	0.258130076054	0.441860362358	0.67458432304	0.404455192633	0.258130076054	0.933823460748	0.777909738717
0.265735626221	0.215185884546	0.276824028394	0.395348745268	0.705463182898	0.428567916828	0.276824028394	0.94852934202	0.795724465558
