cnn_hidden_size	(80, 40)
loss_weights	[0.07500000000000007, 0.9249999999999999]
lr	3.04279720596e-05
0.711023509502	0.196529475118	0.0745062829937	0.739130274102	0.339667458432	0.133117579051	0.0745062829937	0.624060103454	0.358076009501
0.739264965057	0.0599950204113	0.0904977334616	0.0652173771267	0.776722090261	0.112989653072	0.0904977334616	0.150375928543	0.813539192399
0.671082735062	0.0944835540729	0.0883392194933	0.130434754253	0.726840855107	0.12018795215	0.0883392194933	0.187969910679	0.782660332542
0.686255395412	0.0987605001676	0.0825687997643	0.0869565028355	0.826603325416	0.0743752086486	0.0825687997643	0.0676691678444	0.866983372922
0.722763240337	0.0779172477247	0.112149522229	0.0652173771267	0.83135391924	0.0999950505914	0.112149522229	0.0902255571259	0.871733966746
0.682332515717	0.119653327679	0.129032252862	0.152173879962	0.755344418052	0.167974449458	0.129032252862	0.240601485669	0.811757719715
0.671156287193	0.130429754445	0.142857134354	0.130434754253	0.809976247031	0.159463495699	0.142857134354	0.180451114252	0.849762470309
0.705876946449	0.163260291697	0.162162153397	0.173913005671	0.805225653207	0.188674367239	0.162162153397	0.225563892815	0.846793349169
0.685259759426	0.217386828488	0.134453777746	0.326086885633	0.743467933492	0.195914404328	0.134453777746	0.360902228504	0.766033254157
0.630614757538	0.166661745685	0.159817344301	0.19565213138	0.78622327791	0.198858923633	0.159817344301	0.263157874951	0.832541567696
0.740323066711	0.157889917042	0.170454526085	0.130434754253	0.847980997625	0.135741801525	0.170454526085	0.112781946407	0.886579572447
0.598479151726	0.172037974478	0.189781008045	0.173913005671	0.817102137767	0.192587579554	0.189781008045	0.195488707106	0.87054631829
0.586572945118	0.201829947092	0.172690756117	0.239130382798	0.793349168646	0.225126339419	0.172690756117	0.323308246368	0.824228028504
0.651030659676	0.205877846118	0.139275762137	0.304347759924	0.743467933492	0.203248079345	0.139275762137	0.375939821358	0.767220902613
0.726933181286	0.210521759383	0.136752132856	0.304347759924	0.750593824228	0.198343113682	0.136752132856	0.360902228504	0.769596199525
0.593346655369	0.157889917042	0.172413773286	0.130434754253	0.847980997625	0.13635884273	0.172413773286	0.112781946407	0.887173396675
0.69176453352	0.168416022309	0.189189176406	0.173913005671	0.812351543943	0.199283256416	0.189189176406	0.21052629996	0.866389548694
0.689577460289	0.194440069541	0.138957812929	0.304347759924	0.724465558195	0.208951484877	0.138957812929	0.421052599921	0.748218527316
0.71675992012	0.209146094322	0.147392286907	0.347826011342	0.712589073634	0.226477268021	0.147392286907	0.488721767765	0.736342042755
0.618434786797	0.220583726302	0.153638809875	0.326086885633	0.748218527316	0.22618658225	0.153638809875	0.428571396348	0.768408551069
0.632078766823	0.211263195885	0.159999996	0.326086885633	0.733966745843	0.240146339551	0.159999996	0.481202971338	0.759501187648
0.660762190819	0.231288185558	0.153669721246	0.369565137051	0.731591448931	0.235497288363	0.153669721246	0.50375936062	0.741686460808
0.631614267826	0.194025313092	0.172043006128	0.282608634216	0.743467933492	0.253461456466	0.172043006128	0.481202971338	0.776128266033
0.68175393343	0.217386828488	0.161458329129	0.326086885633	0.743467933492	0.239841430423	0.161458329129	0.466165378484	0.766627078385
0.629447638988	0.246749025202	0.156779657695	0.413043388469	0.724465558195	0.244624660986	0.156779657695	0.55639093561	0.728622327791
0.662205576897	0.209785816512	0.160493823198	0.326086885633	0.731591448931	0.241631956843	0.160493823198	0.488721767765	0.757719714964
0.670393228531	0.201434391692	0.172499995688	0.304347759924	0.736342042755	0.258908064921	0.172499995688	0.518796953474	0.765439429929
0.760907053947	0.186910951303	0.191235052142	0.217391257089	0.793349168646	0.249995459202	0.191235052142	0.360902228504	0.828978622328
0.536515593529	0.228183620637	0.165898613689	0.369565137051	0.726840855107	0.253964654145	0.165898613689	0.541353342755	0.748812351544
0.705174922943	0.260865451242	0.16737287781	0.456521639887	0.717339667458	0.261153586057	0.16737287781	0.593984917745	0.734560570071
0.584736824036	0.239995715631	0.170114938618	0.39130426276	0.729216152019	0.260559784628	0.170114938618	0.55639093561	0.750593824228
0.600671470165	0.244677128847	0.148083621114	0.499999891304	0.66270783848	0.240449555324	0.148083621114	0.639097696308	0.681116389549
0.625826179981	0.272185354912	0.160396036428	0.499999891304	0.70783847981	0.253915187246	0.160396036428	0.6090225106	0.717339667458
0.62233376503	0.261359745666	0.158192087416	0.499999891304	0.691211401425	0.253008837	0.158192087416	0.631578899881	0.705463182898
0.583490073681	0.207995315304	0.182089546803	0.282608634216	0.764845605701	0.260679681103	0.182089546803	0.458646582057	0.794536817102
0.608157277107	0.214281271519	0.187499995117	0.326086885633	0.738717339667	0.278526148454	0.187499995117	0.541353342755	0.778503562945
0.566986620426	0.227637557106	0.191082796462	0.304347759924	0.774346793349	0.2684521837	0.191082796462	0.451127785629	0.805819477435
0.672394394875	0.254541402451	0.172043007053	0.456521639887	0.70783847981	0.26755506067	0.172043007053	0.601503714173	0.739904988124
0.57349050045	0.238989568521	0.177777773827	0.413043388469	0.712589073634	0.274439007486	0.177777773827	0.601503714173	0.748812351544
0.660203695297	0.252521660085	0.149593493503	0.543478142722	0.648456057007	0.245986374431	0.149593493503	0.691729271299	0.665083135392
