cnn_hidden_size	(40, 20)
loss_weights	[0.07500000000000007, 0.9249999999999999]
lr	0.000314351974471
0.684432387352	0.157475516296	0.063636361708	0.19999996	0.745843230404	0.0914992229844	0.063636361708	0.162790685055	0.752375296912
0.780780255795	0.199995861307	0.172839484835	0.139999972	0.866983372922	0.133328582028	0.172839484835	0.10852712337	0.891923990499
0.633244037628	0.20471960331	0.14983712867	0.259999948	0.760095011876	0.211004998083	0.14983712867	0.356589119644	0.795724465558
0.655325591564	0.196527659546	0.119001917102	0.339999932	0.669833729216	0.190766043461	0.119001917102	0.480620117781	0.687648456057
0.627764225006	0.230766696221	0.0998263880223	0.779999844	0.38242280285	0.179545414711	0.0998263880223	0.891472799111	0.375890736342
0.63001459837	0.244441408542	0.110382512455	0.659999868	0.515439429929	0.193484420449	0.110382512455	0.782945675741	0.5
0.642699956894	0.21052306976	0.117572691308	0.519999896	0.536817102138	0.202171497548	0.117572691308	0.720930176672	0.564133016627
0.60632288456	0.253803293107	0.140961855042	0.4999999	0.650831353919	0.232237527396	0.140961855042	0.658914677604	0.666270783848
0.582396090031	0.232554548459	0.153238544183	0.4999999	0.608076009501	0.254590356566	0.153238544183	0.751937926206	0.66270783848
0.574517011642	0.217191049379	0.134180789065	0.479999904	0.589073634204	0.226998581983	0.134180789065	0.736434051439	0.615795724466
0.478153824806	0.23076555664	0.140822782582	0.479999904	0.619952494062	0.233899937836	0.140822782582	0.689922427138	0.653800475059
0.643770039082	0.233330015324	0.139917693554	0.559999888	0.562945368171	0.237759677355	0.139917693554	0.790697613124	0.611638954869
0.66425383091	0.240737160546	0.142647056726	0.519999896	0.610451306413	0.239799538473	0.142647056726	0.751937926206	0.634798099762
0.673338830471	0.246372155096	0.206128127963	0.339999932	0.75296912114	0.303274786817	0.206128127963	0.573643366384	0.79809976247
0.611503005028	0.207404374255	0.136200715219	0.559999888	0.491686460808	0.23602252571	0.136200715219	0.883720861727	0.561757719715
0.601135909557	0.248516514197	0.189130430671	0.419999916	0.698337292162	0.29541252831	0.189130430671	0.674418552371	0.753562945368
0.510657608509	0.243897574291	0.230452665413	0.29999994	0.779097387173	0.301070722261	0.230452665413	0.43410849348	0.845605700713
0.591100990772	0.273376649319	0.215517235186	0.379999924	0.760095011876	0.314461449623	0.215517235186	0.581395303768	0.805819477435
0.831310749054	0.260865250639	0.197149639023	0.419999916	0.717339667458	0.301814580208	0.197149639023	0.643410802836	0.771971496437
0.552224457264	0.231756265959	0.153400866087	0.539999892	0.574821852732	0.258533927719	0.153400866087	0.821705362658	0.638954869359
0.523353338242	0.252627674298	0.188118808156	0.479999904	0.66270783848	0.299681291768	0.188118808156	0.736434051439	0.736342042755
0.640923142433	0.243474837098	0.163690473755	0.559999888	0.586698337292	0.27465397008	0.163690473755	0.852713112193	0.654988123515
0.463978111744	0.266662186741	0.229651156115	0.39999992	0.738717339667	0.334034073949	0.229651156115	0.612403053302	0.812945368171
0.785074651241	0.234738169289	0.176767673792	0.4999999	0.612826603325	0.290453491762	0.176767673792	0.813953425275	0.695368171021
0.79098290205	0.196423593874	0.254464274354	0.219999956	0.78622327791	0.322941519539	0.254464274354	0.441860430864	0.858076009501
0.412358283997	0.209872249744	0.220095688514	0.339999932	0.695961995249	0.336376639378	0.220095688514	0.713178239289	0.784441805226
0.54025220871	0.219043970128	0.177852346009	0.459999908	0.610451306413	0.292410859634	0.177852346009	0.821705362658	0.695368171021
0.501421630383	0.225637189282	0.194980691217	0.439999912	0.641330166271	0.312206998735	0.194980691217	0.782945675741	0.735748218527
0.380584150553	0.251492780736	0.213930342937	0.419999916	0.703087885986	0.323913446937	0.213930342937	0.666666614987	0.786817102138
0.640701174736	0.226186268501	0.223021577386	0.379999924	0.691211401425	0.340655719355	0.223021577386	0.720930176672	0.78622327791
0.559463083744	0.257728106125	0.195075753881	0.4999999	0.657957244656	0.313543257725	0.195075753881	0.798449550508	0.732185273159
0.461330443621	0.268037383411	0.192377491971	0.519999896	0.66270783848	0.311761622392	0.192377491971	0.821705362658	0.722090261283
0.517105340958	0.258988162185	0.276666657444	0.359999928	0.755344418052	0.386942163368	0.276666657444	0.643410802836	0.843824228029
0.410295307636	0.210522153222	0.243107763331	0.359999928	0.679334916865	0.367420536008	0.243107763331	0.751937926206	0.801662707838
0.612204730511	0.207250025575	0.216494840897	0.39999992	0.636579572447	0.342016213732	0.216494840897	0.813953425275	0.760095011876
0.609716296196	0.255315217352	0.215415015506	0.479999904	0.667458432304	0.343303838235	0.215415015506	0.844961174809	0.752375296912
0.392012804747	0.253057955227	0.169784170219	0.619999876	0.565320665083	0.286405119174	0.169784170219	0.914728611261	0.650831353919
0.486945152283	0.235289937789	0.248210017942	0.39999992	0.691211401425	0.379558430225	0.248210017942	0.806201487891	0.79809976247
0.456830114126	0.21538078008	0.214843745804	0.419999916	0.636579572447	0.343210502925	0.214843745804	0.852713112193	0.75
0.465488702059	0.233761818264	0.27299702454	0.359999928	0.719714964371	0.394845764652	0.27299702454	0.713178239289	0.832541567696
