cnn_hidden_size	(80, 40)
loss_weights	[0.15000000000000002, 0.85]
lr	0.000171069983869
0.681779682636	0.190868989888	0.0989988865517	0.696969485767	0.536817102138	0.170332521139	0.0989988865517	0.609588999343	0.485154394299
0.545053899288	0.0	0.0	0.0	0.9216152019	0.0	0.0	0.0	0.913301662708
0.474391132593	0.0	0.0	0.0	0.9216152019	0.0	0.0	0.0	0.913301662708
0.781291365623	0.0	0.0	0.0	0.9216152019	0.0	0.0	0.0	0.912114014252
0.679686665535	0.0555539969518	0.0	0.0303030211203	0.919239904988	0.0	0.0	0.0	0.908551068884
0.715664207935	0.173908913137	0.289473608033	0.121212084481	0.90973871734	0.119561927074	0.289473608033	0.075342460593	0.903800475059
0.443850755692	0.212761684101	0.215686232218	0.151515105601	0.912114014252	0.111671278443	0.215686232218	0.075342460593	0.896080760095
0.67238843441	0.207542842737	0.223684200716	0.333333232323	0.800475059382	0.272722498582	0.223684200716	0.349315044567	0.838479809976
0.597526371479	0.111106317076	0.263888852238	0.0909090633609	0.885985748219	0.174307486856	0.263888852238	0.130136977388	0.893111638955
0.695706963539	0.237283125641	0.226190449263	0.212121147842	0.893111638955	0.165212740395	0.226190449263	0.130136977388	0.885985748219
0.581800699234	0.136359824482	0.296874953613	0.0909090633609	0.90973871734	0.180948126176	0.296874953613	0.130136977388	0.897862232779
0.678751587868	0.163260841434	0.253521091053	0.121212084481	0.902612826603	0.165894199611	0.253521091053	0.123287662789	0.892517814727
0.674274504185	0.0975577871309	0.368420955679	0.0606060422406	0.912114014252	0.152170619163	0.368420955679	0.0958904043911	0.907363420428
0.469952315092	0.186041738898	0.23611110018	0.242424168962	0.833729216152	0.281763127276	0.23611110018	0.349315044567	0.845605700713
0.508234977722	0.15384145724	0.30769227388	0.121212084481	0.895486935867	0.236282169263	0.30769227388	0.191780808782	0.892517814727
0.617178738117	0.282604033629	0.272277214244	0.393939274564	0.8432304038	0.316087065407	0.272277214244	0.376712302965	0.858669833729
0.784093916416	0.0784267745832	0.36585361392	0.0606060422406	0.888361045131	0.263153265701	0.36585361392	0.205479437981	0.900237529691
0.672930240631	0.196717332785	0.23939393214	0.363636253444	0.767220902613	0.331928506339	0.23939393214	0.54109585335	0.811163895487
0.646685600281	0.224294757702	0.259689912415	0.363636253444	0.802850356295	0.331678536237	0.259689912415	0.458904078157	0.839667458432
0.504588663578	0.119995464167	0.315068449991	0.0909090633609	0.895486935867	0.210041198568	0.315068449991	0.157534235785	0.897268408551
0.52854436636	0.199994983456	0.289062477417	0.181818126722	0.885985748219	0.270067994657	0.289062477417	0.253424640176	0.881235154394
0.470496147871	0.186911587135	0.281746020566	0.303030211203	0.793349168646	0.356779256392	0.281746020566	0.486301336555	0.847980997625
0.49288469553	0.178566524366	0.32142854273	0.151515105601	0.890736342043	0.279064832729	0.32142854273	0.246575325577	0.889548693587
0.506716251373	0.176465540799	0.375796154408	0.181818126722	0.866983372922	0.389433924843	0.375796154408	0.404109561362	0.890142517815
0.414951235056	0.213587836831	0.285714274973	0.333333232323	0.807600950119	0.368927445151	0.285714274973	0.520547909552	0.845605700713
0.671777129173	0.172834635099	0.31034480975	0.212121147842	0.840855106888	0.33749501726	0.31034480975	0.369862988366	0.874109263658
0.535740792751	0.246150020176	0.252941169031	0.484848337925	0.767220902613	0.353905247217	0.252941169031	0.589041055545	0.813539192399
0.539630293846	0.164378562731	0.322751305675	0.181818126722	0.855106888361	0.364174165181	0.322751305675	0.417808190561	0.87351543943
0.533954679966	0.0727224465976	0.459183626614	0.0606060422406	0.878859857482	0.368847622342	0.459183626614	0.308219156971	0.908551068884
0.465501278639	0.218177578593	0.278571418622	0.363636253444	0.795724465558	0.366192660683	0.278571418622	0.53424653875	0.839667458432
0.56672668457	0.195647530826	0.314655158851	0.272727190083	0.824228028504	0.386238624677	0.314655158851	0.499999965753	0.862232779097
0.432866066694	0.234037947123	0.313364040859	0.333333232323	0.828978622328	0.374650818084	0.313364040859	0.465753392757	0.865201900238
0.387556821108	0.222217338925	0.365714264816	0.272727190083	0.850356294537	0.398748910107	0.365714264816	0.438356134359	0.88539192399
0.58701300621	0.181813453117	0.33490564458	0.242424168962	0.828978622328	0.396643192531	0.33490564458	0.486301336555	0.871733966746
0.556693017483	0.219174553443	0.251282044839	0.484848337925	0.729216152019	0.365667664333	0.251282044839	0.671232830737	0.79809976247
0.396517038345	0.135588244936	0.463917477947	0.121212084481	0.878859857482	0.370365543255	0.463917477947	0.308219156971	0.909144893112
0.674139618874	0.232553355964	0.350230398607	0.303030211203	0.8432304038	0.418727950635	0.350230398607	0.520547909552	0.874703087886
0.456170797348	0.243898473194	0.283582081087	0.454545316804	0.779097387173	0.395006150606	0.283582081087	0.650684886939	0.827197149644
0.746356546879	0.0	0.772726921488	0.0	0.914489311164	0.202378652236	0.772726921488	0.116438348189	0.920427553444
0.37038731575	0.217817339565	0.313868601684	0.333333232323	0.812351543943	0.409519254472	0.313868601684	0.589041055545	0.852731591449
