cnn_hidden_size	(60, 30)
loss_weights	[0.15000000000000002, 0.85]
lr	0.00144777863069
0.704749464989	0.159200836674	0.0798122053238	0.410256305062	0.598574821853	0.130934147166	0.0798122053238	0.364285688265	0.597980997625
0.697176516056	0.168417772362	0.139784943731	0.410256305062	0.624703087886	0.223492488778	0.139784943731	0.557142817347	0.678147268409
0.624164223671	0.0454525104171	0.193548324662	0.0256410190664	0.900237529691	0.0701724620792	0.193548324662	0.0428571397959	0.905581947743
0.690916538239	0.0	0.428571306122	0.0	0.888361045131	0.171425351896	0.428571306122	0.10714284949	0.913895486936
0.716980516911	0.18556216401	0.171548109977	0.230769171598	0.812351543943	0.216354168896	0.171548109977	0.292857121939	0.823634204276
1.07192194462	0.181813292139	0.290697640617	0.153846114398	0.871733966746	0.221234204032	0.290697640617	0.178571415816	0.895486935867
0.320407748222	0.0	0.999996666678	0.0	0.907363420428	0.0419576253145	0.999996666678	0.021428569898	0.91864608076
0.441759079695	0.138883885208	0.213592212273	0.128205095332	0.852731591449	0.181065059997	0.213592212273	0.157142845918	0.881828978622
0.577154934406	0.212761925531	0.178191484623	0.384615285996	0.736342042755	0.259685958386	0.178191484623	0.478571394388	0.773159144893
0.518528521061	0.14034650675	0.27160490474	0.102564076266	0.883610451306	0.199090361075	0.27160490474	0.157142845918	0.894893111639
0.496912866831	0.202015386298	0.205882342849	0.256410190664	0.812351543943	0.244181205477	0.205882342849	0.299999978571	0.845605700713
0.738676607609	0.0677921060126	0.28169010117	0.0512820381328	0.869358669834	0.189568976543	0.28169010117	0.142857132653	0.898456057007
0.478438764811	0.225347097907	0.284552822394	0.205128152531	0.869358669834	0.266154696561	0.284552822394	0.249999982143	0.88539192399
0.425226122141	0.170726677719	0.333333310185	0.179487133465	0.838479809976	0.338023146275	0.333333310185	0.342857118367	0.888361045131
0.525182247162	0.102559076509	0.292553175928	0.102564076266	0.833729216152	0.33536094036	0.292553175928	0.392857114796	0.87054631829
0.651094734669	0.208328465823	0.269430037853	0.256410190664	0.819477434679	0.312307420289	0.269430037853	0.371428544898	0.864014251781
0.541018545628	0.229161794806	0.32596683282	0.28205120973	0.824228028504	0.367596304838	0.32596683282	0.421428541327	0.87945368171
0.502648413181	0.175819239359	0.30601091224	0.205128152531	0.821852731591	0.346744293219	0.30601091224	0.399999971429	0.874703087886
0.541312396526	0.262621434634	0.271551712433	0.333333247863	0.826603325416	0.33870496509	0.271551712433	0.449999967857	0.853919239905
0.67134976387	0.249995007845	0.306603759122	0.28205120973	0.8432304038	0.369313370091	0.306603759122	0.464285681122	0.868171021378
0.591380476952	0.299060732013	0.292134820519	0.410256305062	0.821852731591	0.383287851353	0.292134820519	0.557142817347	0.850950118765
0.553606390953	0.308638281555	0.241935478296	0.64102547666	0.733966745843	0.365849957545	0.241935478296	0.749999946429	0.783847980998
0.37530335784	0.207787154784	0.427710817608	0.205128152531	0.855106888361	0.464047293402	0.427710817608	0.507142820918	0.902612826603
0.542020797729	0.249995007845	0.391534370818	0.28205120973	0.8432304038	0.449843107933	0.391534370818	0.528571390816	0.892517814727
0.427236527205	0.188230283868	0.350961521588	0.205128152531	0.836104513064	0.419535396739	0.350961521588	0.521428534184	0.880047505938
0.277262300253	0.259735193215	0.401162767374	0.256410190664	0.86460807601	0.442302716607	0.401162767374	0.492857107653	0.896674584323
0.402784407139	0.287874581098	0.295321628792	0.487179362262	0.776722090261	0.419082997751	0.295321628792	0.721428519898	0.833729216152
0.394522309303	0.229161794806	0.361607126714	0.28205120973	0.824228028504	0.445050186924	0.361607126714	0.578571387245	0.880047505938
0.316390961409	0.246571393381	0.284289269718	0.461538343195	0.738717339667	0.421437922688	0.284289269718	0.814285656122	0.814133016627
0.18863517046	0.214280688891	0.406862725154	0.230769171598	0.8432304038	0.482553284594	0.406862725154	0.59285710051	0.894299287411
0.328397721052	0.277222927245	0.402255623975	0.35897426693	0.826603325416	0.527089051702	0.402255623975	0.764285659694	0.885985748219
0.73005515337	0.309854116326	0.483443676593	0.28205120973	0.883610451306	0.50171318577	0.483443676593	0.521428534184	0.913895486936
0.283266216516	0.244270590363	0.282548468627	0.410256305062	0.764845605701	0.407181585452	0.282548468627	0.728571376531	0.823634204276
0.436170369387	0.246149608355	0.325581385884	0.410256305062	0.767220902613	0.462805786526	0.325581385884	0.799999942857	0.845605700713
0.255696445704	0.276590830778	0.426778224821	0.333333247863	0.838479809976	0.538253887997	0.426778224821	0.728571376531	0.896080760095
0.374285668135	0.289651200053	0.31578946577	0.538461400395	0.755344418052	0.467528604711	0.31578946577	0.899999935714	0.829572446556
0.388901293278	0.269226030037	0.468879648594	0.35897426693	0.819477434679	0.593171173285	0.468879648594	0.80714279949	0.907957244656
0.421403616667	0.270265663578	0.410071927695	0.384615285996	0.807600950119	0.545450064366	0.410071927695	0.814285656122	0.887173396675
0.261932015419	0.33734433452	0.514150919144	0.35897426693	0.869358669834	0.619313355861	0.514150919144	0.778571372959	0.920427553444
0.504060208797	0.265730261685	0.303827743928	0.487179362262	0.750593824228	0.455193357388	0.303827743928	0.907142792347	0.819477434679
