loss_weights	[0.125, 0.875]
lr	1.03672042701e-05
lstm_hidden_size	20
0.718569815159	0.0	0.0930232341806	0.0	0.838926174497	0.042777202958	0.0930232341806	0.0277777758488	0.849706129303
0.643207788467	0.0	0.0930232341806	0.0	0.838926174497	0.042777202958	0.0930232341806	0.0277777758488	0.849706129303
0.708920180798	0.0	0.0952380725624	0.0	0.838926174497	0.0430072519893	0.0952380725624	0.0277777758488	0.850545759866
0.698316514492	0.0	0.116279042726	0.0	0.838926174497	0.0534723889213	0.116279042726	0.034722219811	0.851385390428
0.641145348549	0.0408122286456	0.116279042726	0.0285714204082	0.842281879195	0.0534723889213	0.116279042726	0.034722219811	0.851385390428
0.663543999195	0.0408122286456	0.116279042726	0.0285714204082	0.842281879195	0.0534723889213	0.116279042726	0.034722219811	0.851385390428
0.675841450691	0.0408122286456	0.133333303704	0.0285714204082	0.842281879195	0.0634884288624	0.133333303704	0.0416666637731	0.851385390428
0.67108052969	0.0408122286456	0.133333303704	0.0285714204082	0.842281879195	0.0634884288624	0.133333303704	0.0416666637731	0.851385390428
0.699290692806	0.0408122286456	0.130434754253	0.0285714204082	0.842281879195	0.0631542184955	0.130434754253	0.0416666637731	0.850545759866
0.640364527702	0.0408122286456	0.130434754253	0.0285714204082	0.842281879195	0.0631542184955	0.130434754253	0.0416666637731	0.850545759866
0.694787740707	0.0399957844403	0.127659547306	0.0285714204082	0.838926174497	0.0628235083464	0.127659547306	0.0416666637731	0.849706129303
0.744147777557	0.0399957844403	0.124999973958	0.0285714204082	0.838926174497	0.0624962437143	0.124999973958	0.0416666637731	0.848866498741
0.71525490284	0.0399957844403	0.142857113703	0.0285714204082	0.838926174497	0.0725350642262	0.142857113703	0.0486111077353	0.849706129303
0.731864511967	0.0399957844403	0.142857113703	0.0285714204082	0.838926174497	0.0725350642262	0.142857113703	0.0486111077353	0.849706129303
0.693625926971	0.0392113653319	0.139999972	0.0285714204082	0.835570469799	0.0721611150926	0.139999972	0.0486111077353	0.848866498741
0.732784330845	0.0392113653319	0.139999972	0.0285714204082	0.835570469799	0.0721611150926	0.139999972	0.0486111077353	0.848866498741
0.689253091812	0.0384571232841	0.137254875048	0.0285714204082	0.832214765101	0.071791001917	0.137254875048	0.0486111077353	0.848026868178
0.743925988674	0.0384571232841	0.137254875048	0.0285714204082	0.832214765101	0.071791001917	0.137254875048	0.0486111077353	0.848026868178
0.629671037197	0.0377313497673	0.137254875048	0.0285714204082	0.828859060403	0.071791001917	0.137254875048	0.0486111077353	0.848026868178
0.75439709425	0.0370324628384	0.137254875048	0.0285714204082	0.825503355705	0.071791001917	0.137254875048	0.0486111077353	0.848026868178
