loss_weights	[0.4, 0.6]
lr	3.01035576867e-05
lstm_hidden_size	60
0.654903709888	0.113632084353	0.10822510354	0.185185116598	0.738255033557	0.130543508959	0.10822510354	0.16447367339	0.72040302267
0.694560050964	0.0547898446448	0.0878378319028	0.0740740466392	0.768456375839	0.0866616620661	0.0878378319028	0.0855263101627	0.769941225861
0.644796490669	0.0624951029197	0.0416666623264	0.0740740466392	0.798657718121	0.0322533175553	0.0416666623264	0.0263157877424	0.798488664987
0.666011452675	0.0408113625322	0.0499999916667	0.0370370233196	0.842281879195	0.0282978263204	0.0499999916667	0.0197368408068	0.827036104114
0.625477075577	0.0512777649817	0.0606060422406	0.0370370233196	0.875838926174	0.0216186884904	0.0606060422406	0.0131578938712	0.848026868178
0.593486070633	0.0606030488121	0.043478241966	0.0370370233196	0.895973154362	0.0114262874758	0.043478241966	0.0065789469356	0.854743912678
0.686225295067	0.0	0.0	0.0	0.89932885906	0.0	0.0	0.0	0.860621326616
0.58496171236	0.0	0.0	0.0	0.89932885906	0.0	0.0	0.0	0.863979848866
0.622370481491	0.0	0.0	0.0	0.909395973154	0.0	0.0	0.0	0.864819479429
0.566531479359	0.0	0.0	0.0	0.909395973154	0.0	0.0	0.0	0.866498740554
0.566725075245	0.0	0.0	0.0	0.909395973154	0.0	0.0	0.0	0.868178001679
0.543181955814	0.0	0.0	0.0	0.909395973154	0.0	0.0	0.0	0.868178001679
0.568527877331	0.0	0.0	0.0	0.909395973154	0.0	0.0	0.0	0.869017632242
0.565733730793	0.0	0.0	0.0	0.909395973154	0.0	0.0	0.0	0.869017632242
0.583459913731	0.0	0.0	0.0	0.909395973154	0.0	0.0	0.0	0.869017632242
0.555049836636	0.0	0.0	0.0	0.909395973154	0.0	0.0	0.0	0.869017632242
0.454171091318	0.0	0.0	0.0	0.909395973154	0.0	0.0	0.0	0.869017632242
0.521332383156	0.0	0.0	0.0	0.909395973154	0.0	0.0	0.0	0.869857262804
0.593833982944	0.0	0.0	0.0	0.909395973154	0.0	0.0	0.0	0.870696893367
0.461035400629	0.0	0.0	0.0	0.909395973154	0.0	0.0	0.0	0.870696893367
