loss_weights	[0.32500000000000007, 0.6749999999999999]
lr	6.78838791242e-06
lstm_hidden_size	40
0.67738109827	0.124996097728	0.0949227352114	0.236842042936	0.577181208054	0.144777519448	0.0949227352114	0.304964517378	0.573467674223
0.683015525341	0.12675662579	0.0972850656723	0.236842042936	0.58389261745	0.147509192327	0.0972850656723	0.304964517378	0.582703610411
0.730897903442	0.114281742994	0.0988235270865	0.210526260388	0.58389261745	0.148406147693	0.0988235270865	0.2978723193	0.59529806885
0.655194103718	0.115938021561	0.100478466496	0.210526260388	0.590604026846	0.150264558772	0.100478466496	0.2978723193	0.601175482788
0.669476747513	0.106056490057	0.098522165061	0.184210477839	0.604026845638	0.146248453455	0.098522165061	0.283687923143	0.607892527288
0.682185173035	0.0923035410136	0.0974999975625	0.157894695291	0.604026845638	0.144173589916	0.0974999975625	0.276595725064	0.611251049538
0.675325572491	0.0923035410136	0.100257066831	0.157894695291	0.604026845638	0.147165900638	0.100257066831	0.276595725064	0.620486985726
0.6955114007	0.0944839805938	0.0989304786382	0.157894695291	0.614093959732	0.14368533837	0.0989304786382	0.262411328907	0.629722921914
0.656923413277	0.0819629107321	0.104519771059	0.131578912742	0.624161073826	0.149490869369	0.104519771059	0.262411328907	0.646515533165
0.686757385731	0.0826403062144	0.105571844411	0.131578912742	0.627516778523	0.149373448144	0.105571844411	0.255319130828	0.655751469353
0.672743499279	0.0877148386368	0.10670731382	0.131578912742	0.651006711409	0.149249519988	0.10670731382	0.24822693275	0.664987405542
0.636995375156	0.0892812151484	0.109374996582	0.131578912742	0.657718120805	0.15183956515	0.109374996582	0.24822693275	0.671704450042
0.679435014725	0.0909045522909	0.112903222164	0.131578912742	0.664429530201	0.155206338338	0.112903222164	0.24822693275	0.680100755668
0.65315502882	0.0917385609519	0.108910887495	0.131578912742	0.667785234899	0.148644307711	0.108910887495	0.234042536593	0.682619647355
0.662829101086	0.0934533463681	0.107023407792	0.131578912742	0.674496644295	0.145450183705	0.107023407792	0.226950338514	0.68429890848
0.639379382133	0.0943350055641	0.0999999965517	0.131578912742	0.677852348993	0.13456635713	0.0999999965517	0.205673744278	0.686817800168
0.608297884464	0.0952334587272	0.100358419342	0.131578912742	0.681208053691	0.133328866929	0.100358419342	0.1985815462	0.694374475231
0.663248419762	0.0961491903123	0.101123591718	0.131578912742	0.684563758389	0.132348411703	0.101123591718	0.191489348121	0.702770780856
0.699333190918	0.0961491903123	0.0976562461853	0.131578912742	0.684563758389	0.125939997756	0.0976562461853	0.177304951964	0.708648194794
0.668475687504	0.0961491903123	0.0979591796751	0.131578912742	0.684563758389	0.124347688299	0.0979591796751	0.170212753886	0.716204869857
