loss_weights	[0.17500000000000004, 0.825]
lr	8.20729581949e-06
lstm_hidden_size	60
0.680181026459	0.0952336358837	0.0432276644603	0.142857108844	0.61744966443	0.0619794100567	0.0432276644603	0.109489043103	0.618807724601
0.731812953949	0.0959955227672	0.0383480814647	0.142857108844	0.620805369128	0.0546177472005	0.0383480814647	0.0948905040226	0.622166246851
0.717627227306	0.0959955227672	0.0393939382002	0.142857108844	0.620805369128	0.0556703701118	0.0393939382002	0.0948905040226	0.629722921914
0.67221224308	0.0991690050564	0.034267911705	0.142857108844	0.634228187919	0.0480307397683	0.034267911705	0.0802919649422	0.633921074727
0.694057643414	0.102559483003	0.0357142845547	0.142857108844	0.647651006711	0.0494339387084	0.0357142845547	0.0802919649422	0.64483627204
0.703795909882	0.106190000988	0.0374149647138	0.142857108844	0.661073825503	0.0510397449864	0.0374149647138	0.0802919649422	0.656591099916
0.718399643898	0.106190000988	0.0385964898738	0.142857108844	0.661073825503	0.0521283143105	0.0385964898738	0.0802919649422	0.664147774979
0.70756483078	0.107138150715	0.0402930388171	0.142857108844	0.664429530201	0.0536540844855	0.0402930388171	0.0802919649422	0.67422334173
0.721807062626	0.109086168799	0.0408921917884	0.142857108844	0.671140939597	0.0541827183431	0.0408921917884	0.0802919649422	0.67758186398
0.714657187462	0.115379778307	0.04399999824	0.142857108844	0.691275167785	0.0568429689395	0.04399999824	0.0802919649422	0.693534844668
0.687414646149	0.116500002085	0.046218485453	0.142857108844	0.694630872483	0.0586620266065	0.046218485453	0.0802919649422	0.703610411419
0.654215455055	0.118806999512	0.0491071406649	0.142857108844	0.701342281879	0.0609371156408	0.0491071406649	0.0802919649422	0.715365239295
0.667319118977	0.121207211706	0.0526315764291	0.142857108844	0.708053691275	0.0635790282258	0.0526315764291	0.0802919649422	0.727959697733
0.715590298176	0.12631083011	0.05499999725	0.142857108844	0.721476510067	0.0652770703317	0.05499999725	0.0802919649422	0.735516372796
0.682549238205	0.131863132659	0.0572916636827	0.142857108844	0.734899328859	0.0668644369345	0.0572916636827	0.0802919649422	0.742233417296
0.690807878971	0.112354541314	0.061111107716	0.119047590703	0.734899328859	0.0693957188834	0.061111107716	0.0802919649422	0.752308984047
0.673238039017	0.0930182371533	0.0465116252028	0.0952380725624	0.738255033557	0.051774996543	0.0465116252028	0.0583941563216	0.753988245172
0.690693020821	0.0722841402789	0.0473372753055	0.0714285544218	0.741610738255	0.0522826334294	0.0473372753055	0.0583941563216	0.75650713686
0.665907382965	0.0749949940816	0.0493827130011	0.0714285544218	0.751677852349	0.0535067375217	0.0493827130011	0.0583941563216	0.762384550798
0.708833932877	0.0769180871061	0.0516128998959	0.0714285544218	0.758389261745	0.0547895362475	0.0516128998959	0.0583941563216	0.768261964736
