loss_weights	[0.25, 0.75]
lr	3.6084925884e-06
lstm_hidden_size	40
0.62109208107	0.126577285886	0.0994764345824	0.138888850309	0.768456375839	0.113767551754	0.0994764345824	0.132867123576	0.751469353484
0.711432099342	0.128200125111	0.0999999944444	0.138888850309	0.771812080537	0.111450167286	0.0999999944444	0.125874117072	0.759026028547
0.670301795006	0.129865117411	0.10404623676	0.138888850309	0.775167785235	0.113919088703	0.10404623676	0.125874117072	0.764903442485
0.61658602953	0.129865117411	0.107142850765	0.138888850309	0.775167785235	0.115750652088	0.107142850765	0.125874117072	0.769101595298
0.681433737278	0.135130102449	0.109090902479	0.138888850309	0.785234899329	0.116878135015	0.109090902479	0.125874117072	0.771620486986
0.690890789032	0.13698126496	0.112499992969	0.138888850309	0.788590604027	0.118806889294	0.112499992969	0.125874117072	0.775818639798
0.638874471188	0.13698126496	0.113924043423	0.138888850309	0.788590604027	0.119596333582	0.113924043423	0.125874117072	0.777497900924
0.631215691566	0.13698126496	0.116129024766	0.138888850309	0.788590604027	0.120800369334	0.116129024766	0.125874117072	0.780016792611
0.686438858509	0.138883850489	0.116129024766	0.138888850309	0.791946308725	0.120800369334	0.116129024766	0.125874117072	0.780016792611
0.659363806248	0.138883850489	0.111111103849	0.138888850309	0.791946308725	0.114859863028	0.111111103849	0.118881110568	0.780016792611
0.686695694923	0.138883850489	0.114093952074	0.138888850309	0.791946308725	0.116433350515	0.114093952074	0.118881110568	0.783375314861
0.674217104912	0.142852106297	0.116438348189	0.138888850309	0.798657718121	0.117642051433	0.116438348189	0.118881110568	0.785894206549
0.662461817265	0.142852106297	0.111888104064	0.138888850309	0.798657718121	0.111883104287	0.111888104064	0.111888104064	0.786733837112
0.659611403942	0.142852106297	0.106382971179	0.138888850309	0.798657718121	0.105628795863	0.106382971179	0.10489509756	0.786733837112
0.663631558418	0.142852106297	0.10714284949	0.138888850309	0.798657718121	0.106002060444	0.10714284949	0.10489509756	0.787573467674
0.696592569351	0.142852106297	0.107913661301	0.138888850309	0.798657718121	0.106377972419	0.107913661301	0.10489509756	0.788413098237
0.712739288807	0.142852106297	0.102189773563	0.138888850309	0.798657718121	0.0999949954028	0.102189773563	0.0979020910558	0.788413098237
0.651994466782	0.144922503848	0.10526314998	0.138888850309	0.802013422819	0.10144427482	0.10526314998	0.0979020910558	0.791771620487
0.649162769318	0.144922503848	0.10687022085	0.138888850309	0.802013422819	0.102184783397	0.10687022085	0.0979020910558	0.793450881612
0.712170660496	0.147053797747	0.10687022085	0.138888850309	0.805369127517	0.102184783397	0.10687022085	0.0979020910558	0.793450881612
