loss_weights	[0.25, 0.75]
lr	6.07198949344e-05
lstm_hidden_size	60
0.708180427551	0.146339248826	0.119318180462	0.580644973985	0.295302013423	0.204277686861	0.119318180462	0.709459411523	0.313182199832
0.754550039768	0.137336737131	0.121980674855	0.516128865765	0.325503355705	0.206964636008	0.121980674855	0.682432386322	0.350125944584
0.719446539879	0.138246386248	0.122368419443	0.483870811655	0.372483221477	0.204843081942	0.122368419443	0.62837833592	0.393786733837
0.728193283081	0.127448390575	0.123695974312	0.419354703434	0.402684563758	0.202683236725	0.123695974312	0.560810772918	0.451721242653
0.666740179062	0.122902150436	0.115942026885	0.354838595213	0.473154362416	0.182853803163	0.115942026885	0.432432403214	0.51973131822
0.664324045181	0.118417790082	0.11888111611	0.290322486993	0.55033557047	0.176772609618	0.11888111611	0.344594571311	0.601175482788
0.671228647232	0.0967704280846	0.119999996	0.193548324662	0.624161073826	0.160709854235	0.119999996	0.243243226808	0.68429890848
0.628088414669	0.117642804842	0.132701415512	0.193548324662	0.697986577181	0.155984003378	0.132701415512	0.189189176406	0.745591939547
0.622944831848	0.133328787807	0.133333324444	0.193548324662	0.738255033557	0.134223179322	0.133333324444	0.135135126004	0.783375314861
0.65020442009	0.0810761909424	0.142857130852	0.0967741623309	0.771812080537	0.127335873608	0.142857130852	0.114864857104	0.804366078925
0.667472064495	0.0606010610155	0.15384613694	0.0645161082206	0.791946308725	0.117150086498	0.15384613694	0.0945945882031	0.822837951301
0.645914018154	0.0677916004817	0.173913018273	0.0645161082206	0.815436241611	0.110594730999	0.173913018273	0.0810810756026	0.837951301427
0.67919075489	0.0769182325498	0.196428536352	0.0645161082206	0.838926174497	0.107839143746	0.196428536352	0.0743243193024	0.847187237615
0.492005676031	0.0799952562773	0.19148932096	0.0645161082206	0.845637583893	0.0923040243393	0.19148932096	0.060810806702	0.851385390428
0.671022891998	0.08510185628	0.195121903629	0.0645161082206	0.855704697987	0.0846526783925	0.195121903629	0.0540540504018	0.854743912678
0.569315969944	0.0975572398764	0.199999942857	0.0645161082206	0.875838926174	0.076499630451	0.199999942857	0.0472972941015	0.858102434929
0.549306035042	0.105260097037	0.275861973841	0.0645161082206	0.885906040268	0.090392730141	0.275861973841	0.0540540504018	0.864819479429
0.558882117271	0.108105332425	0.346153713018	0.0645161082206	0.889261744966	0.103445722086	0.346153713018	0.060810806702	0.869017632242
0.533694863319	0.105260097037	0.346153713018	0.0645161082206	0.885906040268	0.103445722086	0.346153713018	0.060810806702	0.869017632242
0.444895535707	0.105260097037	0.359999856	0.0645161082206	0.885906040268	0.104043758286	0.359999856	0.060810806702	0.869857262804
