loss_weights	[0.4, 0.6]
lr	4.93862354772e-05
lstm_hidden_size	60
0.684520721436	0.152170555957	0.12769783943	0.35897426693	0.476510067114	0.204019768927	0.12769783943	0.507142820918	0.534844668346
0.688112080097	0.148644747179	0.128205124918	0.28205120973	0.577181208054	0.188675350739	0.128205124918	0.357142831633	0.638958858102
0.657403349876	0.0952334079386	0.0999999961538	0.128205095332	0.681208053691	0.129995443659	0.0999999961538	0.185714272449	0.707808564232
0.629784166813	0.0533283275783	0.0967741873049	0.0512820381328	0.761744966443	0.101689921532	0.0967741873049	0.10714284949	0.777497900924
0.635694682598	0.0327822634809	0.0970873692148	0.0256410190664	0.802013422819	0.0822996361854	0.0970873692148	0.0714285663265	0.812762384551
0.591459572315	0.0	0.115942012182	0.0	0.825503355705	0.0765505938774	0.115942012182	0.0571428530612	0.837951301427
0.593890011311	0.0	0.121951189768	0.0	0.852348993289	0.0552451087351	0.121951189768	0.0357142831633	0.856423173804
0.541903913021	0.0	0.0769230473373	0.0	0.862416107383	0.0240937410352	0.0769230473373	0.0142857132653	0.863979848866
0.548242211342	0.0	0.049999975	0.0	0.862416107383	0.0124978113195	0.049999975	0.00714285663265	0.867338371117
0.474737495184	0.0	0.0666666222223	0.0	0.869127516779	0.0129014761985	0.0666666222223	0.00714285663265	0.871536523929
0.484783887863	0.0	0.12499984375	0.0	0.869127516779	0.0135124891194	0.12499984375	0.00714285663265	0.877413937867
0.606789648533	0.0	0.0	0.0	0.869127516779	0.0	0.0	0.0	0.88161209068
0.551009297371	0.0	0.0	0.0	0.869127516779	0.0	0.0	0.0	0.882451721243
0.484048217535	0.0	0.0	0.0	0.869127516779	0.0	0.0	0.0	0.882451721243
0.375613212585	0.0	0.0	0.0	0.869127516779	0.0	0.0	0.0	0.882451721243
0.56018269062	0.0	0.0	0.0	0.869127516779	0.0	0.0	0.0	0.882451721243
0.458738774061	0.0	0.0	0.0	0.869127516779	0.0	0.0	0.0	0.882451721243
0.353562116623	0.0	0.0	0.0	0.869127516779	0.0	0.0	0.0	0.882451721243
0.34107413888	0.0	0.0	0.0	0.869127516779	0.0	0.0	0.0	0.882451721243
0.447248905897	0.0	0.0	0.0	0.869127516779	0.0	0.0	0.0	0.882451721243
