loss_weights	[0.2250000000000001, 0.7749999999999999]
lr	1.6813042706e-06
lstm_hidden_size	40
0.724688768387	0.151256397257	0.120401333766	0.264705804498	0.661073825503	0.16215775649	0.120401333766	0.248275844946	0.68765743073
0.68096101284	0.151256397257	0.120401333766	0.264705804498	0.661073825503	0.16215775649	0.120401333766	0.248275844946	0.68765743073
0.717716693878	0.152538244867	0.122033894168	0.264705804498	0.664429530201	0.163631937413	0.122033894168	0.248275844946	0.691015952981
0.678217113018	0.152538244867	0.122448975427	0.264705804498	0.664429530201	0.164004680253	0.122448975427	0.248275844946	0.691855583543
0.66806948185	0.152538244867	0.124567469738	0.264705804498	0.664429530201	0.165894160433	0.124567469738	0.248275844946	0.696053736356
0.699979364872	0.152538244867	0.125874121473	0.264705804498	0.664429530201	0.16704889176	0.125874121473	0.248275844946	0.698572628044
0.67335999012	0.152538244867	0.126760558917	0.264705804498	0.664429530201	0.167827685037	0.126760558917	0.248275844946	0.700251889169
0.678478181362	0.153842004639	0.128113874444	0.264705804498	0.667785234899	0.16900958629	0.128113874444	0.248275844946	0.702770780856
0.669418394566	0.155168243273	0.128113874444	0.264705804498	0.671140939597	0.16900958629	0.128113874444	0.248275844946	0.702770780856
0.67292457819	0.155168243273	0.12857142398	0.264705804498	0.671140939597	0.169407261351	0.12857142398	0.248275844946	0.703610411419
0.701864421368	0.15651754718	0.12949639822	0.264705804498	0.674496644295	0.170208252331	0.12949639822	0.248275844946	0.705289672544
0.724318981171	0.15651754718	0.126353786052	0.264705804498	0.674496644295	0.16587225872	0.126353786052	0.241379293698	0.704450041982
0.714476883411	0.15651754718	0.127737221615	0.264705804498	0.674496644295	0.167059905227	0.127737221615	0.241379293698	0.706968933669
0.678579866886	0.15651754718	0.128205123509	0.264705804498	0.674496644295	0.167459575796	0.128205123509	0.241379293698	0.707808564232
0.691980183125	0.15651754718	0.129151286747	0.264705804498	0.674496644295	0.168264681497	0.129151286747	0.241379293698	0.709487825357
0.733628988266	0.15651754718	0.126865666908	0.264705804498	0.674496644295	0.164644346051	0.126865666908	0.234482742449	0.710327455919
0.666177690029	0.157890523349	0.126865666908	0.264705804498	0.677852348993	0.164644346051	0.126865666908	0.234482742449	0.710327455919
0.689338743687	0.157890523349	0.127340819201	0.264705804498	0.677852348993	0.165043974228	0.127340819201	0.234482742449	0.711167086482
0.662458062172	0.157890523349	0.127340819201	0.264705804498	0.677852348993	0.165043974228	0.127340819201	0.234482742449	0.711167086482
0.728265285492	0.157890523349	0.129277561624	0.264705804498	0.677852348993	0.166662076851	0.129277561624	0.234482742449	0.714525608732
