loss_weights	[0.050000000000000044, 0.95]
lr	3.40178999113e-05
lstm_hidden_size	20
0.750990211964	0.0377311362203	0.0990990901713	0.0303030211203	0.828859060403	0.0855981991942	0.0990990901713	0.075342460593	0.8026868178
0.824419438839	0.0377311362203	0.0916666590278	0.0303030211203	0.828859060403	0.082701808765	0.0916666590278	0.075342460593	0.795130142737
0.730365097523	0.0350828323177	0.0930232486028	0.0303030211203	0.815436241611	0.0872677403173	0.0930232486028	0.0821917751923	0.789252728799
0.762260437012	0.0338933646926	0.0915492893275	0.0303030211203	0.808724832215	0.0902727727498	0.0915492893275	0.0890410897917	0.780016792611
0.785454332829	0.0312449959155	0.0890410897917	0.0303030211203	0.791946308725	0.0890360900725	0.0890410897917	0.0890410897917	0.776658270361
0.718668103218	0.0298457393088	0.0980392092785	0.0303030211203	0.781879194631	0.100329444439	0.0980392092785	0.10273971899	0.774139378673
0.785864651203	0.0285664376038	0.11494252213	0.0303030211203	0.771812080537	0.124995030666	0.11494252213	0.136986291987	0.764903442485
0.72153031826	0.0277728056713	0.111731837333	0.0303030211203	0.765100671141	0.123071967252	0.111731837333	0.136986291987	0.760705289673
0.791006982327	0.026661732466	0.109374994303	0.0303030211203	0.755033557047	0.124255440479	0.109374994303	0.143835606587	0.751469353484
0.759727418423	0.0259691221917	0.107317067936	0.0303030211203	0.748322147651	0.125351259675	0.107317067936	0.150684921186	0.742233417296
0.748950123787	0.0243854292646	0.0999999954545	0.0303030211203	0.731543624161	0.120213777252	0.0999999954545	0.150684921186	0.729638958858
0.76741540432	0.0465068879875	0.0966386514017	0.0606060422406	0.724832214765	0.119786947614	0.0966386514017	0.157534235785	0.716204869857
0.699868798256	0.0879074462035	0.106463874279	0.121212084481	0.721476510067	0.136914718024	0.106463874279	0.191780808782	0.703610411419
0.746339917183	0.0851018087544	0.116788316906	0.121212084481	0.711409395973	0.152376409659	0.116788316906	0.21917806718	0.701091519731
0.698077559471	0.0842059747592	0.116438352177	0.121212084481	0.708053691275	0.155246690146	0.116438352177	0.232876696378	0.689336691856
0.737404882908	0.0799955622442	0.122641505577	0.121212084481	0.691275167785	0.168099128195	0.122641505577	0.267123269375	0.675902602855
0.711813867092	0.0769187299035	0.118343191765	0.121212084481	0.677852348993	0.165285036307	0.118343191765	0.273972583974	0.660789252729
0.74204325676	0.126121925307	0.119777155438	0.212121147842	0.674496644295	0.170292912559	0.119777155438	0.294520527773	0.648194794291
0.705918431282	0.139126318457	0.129287595533	0.242424168962	0.667785234899	0.186662644476	0.129287595533	0.335616415369	0.64147774979
0.719144761562	0.165285262031	0.129113920782	0.303030211203	0.661073825503	0.188535793523	0.129113920782	0.349315044567	0.631402183039
