loss_weights	[0.35, 0.65]
lr	7.73448215665e-06
lstm_hidden_size	40
0.669009745121	0.144922503848	0.10958903359	0.151515105601	0.802013422819	0.109584033818	0.10958903359	0.10958903359	0.781696053736
0.64089345932	0.144922503848	0.111888104064	0.151515105601	0.802013422819	0.1107216367	0.111888104064	0.10958903359	0.784214945424
0.690580070019	0.151510105766	0.115942020584	0.151515105601	0.812080536913	0.112671052592	0.115942020584	0.10958903359	0.788413098237
0.631872594357	0.161285291517	0.130081290237	0.151515105601	0.825503355705	0.118954135722	0.130081290237	0.10958903359	0.801007556675
0.623872756958	0.103443335548	0.132743351085	0.0909090633609	0.825503355705	0.115825188265	0.132743351085	0.10273971899	0.807724601175
0.60036611557	0.113202805464	0.145631053822	0.0909090633609	0.842281879195	0.120477067339	0.145631053822	0.10273971899	0.816120906801
0.632965803146	0.119995464167	0.138297857628	0.0909090633609	0.852348993289	0.108328559237	0.138297857628	0.0890410897917	0.820319059614
0.648120164871	0.122444531603	0.127906961871	0.0909090633609	0.855704697987	0.0948229126849	0.127906961871	0.075342460593	0.823677581864
0.63172274828	0.127655337393	0.128205111769	0.0909090633609	0.862416107383	0.0892811673225	0.128205111769	0.0684931459936	0.828715365239
0.582495510578	0.130430671203	0.132352921713	0.0909090633609	0.865771812081	0.0841078061453	0.132352921713	0.0616438313943	0.83543240974
0.608964681625	0.136359824482	0.155172387039	0.0909090633609	0.872483221477	0.088231216066	0.155172387039	0.0616438313943	0.843828715365
0.687201201916	0.136359824482	0.142857117347	0.0909090633609	0.872483221477	0.079203905702	0.142857117347	0.0547945167949	0.843828715365
0.616168498993	0.136359824482	0.15384612426	0.0909090633609	0.872483221477	0.0808041997569	0.15384612426	0.0547945167949	0.847187237615
0.656658113003	0.136359824482	0.156862714341	0.0909090633609	0.872483221477	0.081214428793	0.156862714341	0.0547945167949	0.848026868178
0.656834244728	0.0952346826572	0.162790659816	0.0606060422406	0.872483221477	0.0740705513828	0.162790659816	0.0479452021955	0.853064651553
0.61991506815	0.0487773232224	0.17499995625	0.0303030211203	0.869127516779	0.0752654331491	0.17499995625	0.0479452021955	0.855583543241
0.616318106651	0.0487773232224	0.194444390432	0.0303030211203	0.869127516779	0.0769198950707	0.194444390432	0.0479452021955	0.858942065491
0.577556490898	0.0499970876646	0.187499941406	0.0303030211203	0.872483221477	0.0674127737682	0.187499941406	0.0410958875962	0.860621326616
0.635138094425	0.051279421563	0.17241373365	0.0303030211203	0.875838926174	0.0571400856843	0.17241373365	0.0342465729968	0.861460957179
0.628395080566	0.051279421563	0.13636357438	0.0303030211203	0.875838926174	0.0357120055299	0.13636357438	0.0205479437981	0.863979848866
