loss_weights	[0.4, 0.6]
lr	2.40040759435e-05
lstm_hidden_size	20
0.726303040981	0.145036012501	0.121577216631	0.593749814453	0.248322147651	0.209431569393	0.121577216631	0.755101989449	0.296389588581
0.776672005653	0.145591707141	0.121978020638	0.593749814453	0.251677852349	0.210025983635	0.121978020638	0.755101989449	0.298908480269
0.752538204193	0.147857730505	0.121380844973	0.593749814453	0.265100671141	0.20861001859	0.121380844973	0.741496548198	0.305625524769
0.742327868938	0.150791421675	0.118586087587	0.593749814453	0.281879194631	0.203122537128	0.118586087587	0.707482945069	0.314861460957
0.750114917755	0.144576061711	0.117578578375	0.562499824219	0.285234899329	0.200792729242	0.117578578375	0.687074783192	0.324937027708
0.728736579418	0.147538692591	0.118279568479	0.562499824219	0.302013422819	0.201216966681	0.118279568479	0.673469341941	0.340050377834
0.717482447624	0.151896385586	0.117861480949	0.562499824219	0.325503355705	0.199997424308	0.117861480949	0.65986390069	0.348446683459
0.714983224869	0.153843779713	0.118811879718	0.562499824219	0.335570469799	0.201044511577	0.118811879718	0.653061180064	0.359361880772
0.717358469963	0.147183747719	0.121638922898	0.531249833984	0.338926174497	0.204738708673	0.121638922898	0.646258459438	0.380352644836
0.734018445015	0.149120380925	0.119266053483	0.531249833984	0.348993288591	0.199997286765	0.119266053483	0.619047576936	0.388748950462
0.687906384468	0.153150672063	0.116531163733	0.531249833984	0.369127516779	0.194347507895	0.116531163733	0.585033973807	0.4013434089
0.7123696208	0.155248632053	0.117154810082	0.531249833984	0.379194630872	0.194441616151	0.117154810082	0.571428532556	0.415617128463
0.697622954845	0.160374780211	0.11970802745	0.531249833984	0.402684563758	0.197112470602	0.11970802745	0.557823091305	0.439126784215
0.69376629591	0.169151534905	0.124999998071	0.531249833984	0.439597315436	0.203770565513	0.124999998071	0.551020370679	0.468513853904
0.716309010983	0.17800766321	0.129720851729	0.531249833984	0.473154362416	0.208991570797	0.129720851729	0.537414929428	0.497900923594
0.668093562126	0.171120139599	0.128695649936	0.49999984375	0.479865771812	0.204982901003	0.128695649936	0.503401326299	0.518052057095
0.691042840481	0.166663724742	0.124999997668	0.468749853516	0.496644295302	0.196189881234	0.124999997668	0.45578228192	0.539042821159
0.695970535278	0.155685506175	0.127450977893	0.406249873047	0.526845637584	0.19786562236	0.127450977893	0.442176840668	0.557514693535
0.686014473438	0.158533425106	0.123949577228	0.406249873047	0.536912751678	0.189402487901	0.123949577228	0.401360516914	0.575986565911
0.676596641541	0.168827854677	0.126126123285	0.406249873047	0.570469798658	0.189505562644	0.126126123285	0.380952355037	0.597816960537
