loss_weights	[0.375, 0.625]
lr	1.16714296621e-05
lstm_hidden_size	20
0.661846220493	0.178213257639	0.116465858776	0.257142783673	0.721476510067	0.14757804675	0.116465858776	0.201388874904	0.718723761545
0.650184094906	0.185562359558	0.114893612132	0.257142783673	0.734899328859	0.142475491972	0.114893612132	0.187499986979	0.72712006717
0.641785383224	0.150532907997	0.111111106173	0.199999942857	0.734899328859	0.135496588764	0.111111106173	0.173611099055	0.732157850546
0.657628178596	0.162785833026	0.112676051048	0.199999942857	0.758389261745	0.134448960933	0.112676051048	0.166666655093	0.740554156171
0.641570150852	0.102559129101	0.113861380502	0.114285681633	0.765100671141	0.132943109871	0.113861380502	0.15972221113	0.748110831234
0.649728357792	0.106661660677	0.121052625208	0.114285681633	0.775167785235	0.137719637666	0.121052625208	0.15972221113	0.758186397985
0.599711000919	0.109584019743	0.116666660185	0.114285681633	0.781879194631	0.129624683544	0.116666660185	0.145833323206	0.76322418136
0.66651570797	0.112671025812	0.107784424684	0.114285681633	0.788590604027	0.115750647126	0.107784424684	0.124999991319	0.769101595298
0.635879158974	0.0857092615161	0.102564095989	0.0857142612245	0.785234899329	0.106661667789	0.102564095989	0.111111103395	0.774979009236
0.638005793095	0.0615334725908	0.0985915423527	0.0571428408163	0.795302013423	0.0978970915556	0.0985915423527	0.0972222154707	0.783375314861
0.596208035946	0.0645111918419	0.0962962891632	0.0571428408163	0.805369127517	0.093184962948	0.0962962891632	0.0902777715085	0.787573467674
0.629371225834	0.0655688581987	0.0775193738357	0.0571428408163	0.808724832215	0.073255083327	0.0775193738357	0.0694444396219	0.787573467674
0.591884493828	0.0677917613316	0.0819672063961	0.0571428408163	0.815436241611	0.0751829988016	0.0819672063961	0.0694444396219	0.793450881612
0.587302267551	0.0677917613316	0.0900900819739	0.0571428408163	0.815436241611	0.0784264504427	0.0900900819739	0.0694444396219	0.8026868178
0.598772644997	0.0677917613316	0.0943396137415	0.0571428408163	0.815436241611	0.0799951094182	0.0943396137415	0.0694444396219	0.806884970613
0.611727893353	0.0714238587258	0.0873786322933	0.0571428408163	0.825503355705	0.0728696261173	0.0873786322933	0.0624999956597	0.807724601175
0.58447599411	0.0714238587258	0.089999991	0.0571428408163	0.825503355705	0.0737656486644	0.089999991	0.0624999956597	0.810243492863
0.602537512779	0.0377313497673	0.0957446706655	0.0285714204082	0.828859060403	0.0756254667238	0.0957446706655	0.0624999956597	0.815281276238
0.589575111866	0.0392113653319	0.102272715651	0.0285714204082	0.835570469799	0.0775814918136	0.102272715651	0.0624999956597	0.820319059614
0.59433400631	0.0399957844403	0.108433721875	0.0285714204082	0.838926174497	0.0792905085288	0.108433721875	0.0624999956597	0.824517212427
