loss_weights	[0.25, 0.75]
lr	0.000580431471741
lstm_hidden_size	20
0.694173932076	0.165133224591	0.123711335955	0.257142783673	0.694630872483	0.165512804875	0.123711335955	0.249999982639	0.695214105793
0.621815681458	0.135588348347	0.149425270181	0.114285681633	0.828859060403	0.112549407441	0.149425270181	0.0902777715085	0.827875734677
0.491242974997	0.127655717632	0.189189138057	0.0857142612245	0.862416107383	0.07734480524	0.189189138057	0.0486111077353	0.859781696054
0.572850644588	0.0909057955695	0.235294048443	0.0571428408163	0.865771812081	0.0898845399367	0.235294048443	0.0555555516975	0.863979848866
0.638533651829	0.15999573611	0.315789390582	0.114285681633	0.859060402685	0.131864813511	0.315789390582	0.0833333275463	0.867338371117
0.529850780964	0.127655717632	0.380952290249	0.0857142612245	0.862416107383	0.172039495966	0.380952290249	0.111111103395	0.870696893367
0.62874019146	0.150938853818	0.472727186777	0.114285681633	0.848993288591	0.261302506563	0.472727186777	0.180555543017	0.876574307305
0.546783268452	0.181813487721	0.519999930667	0.142857102041	0.848993288591	0.356159847433	0.519999930667	0.270833314525	0.88161209068
0.525666177273	0.163929481468	0.526315734072	0.142857102041	0.828859060403	0.41840521705	0.526315734072	0.34722219811	0.883291351805
0.581143319607	0.166661750142	0.58695645794	0.142857102041	0.832214765101	0.457622322658	0.58695645794	0.374999973958	0.892527287993
0.314128100872	0.124995005079	0.515872974931	0.114285681633	0.812080536913	0.48147646809	0.515872974931	0.451388857542	0.882451721243
0.426401346922	0.161285353948	0.531745989544	0.142857102041	0.825503355705	0.496291281806	0.531745989544	0.465277745467	0.885810243493
0.341016620398	0.129027299875	0.579831884048	0.114285681633	0.818791946309	0.524709834221	0.579831884048	0.479166633391	0.895046179681
0.456942051649	0.121207103051	0.499999967105	0.114285681633	0.805369127517	0.513508482518	0.499999967105	0.527777741127	0.879093198992
0.544367611408	0.171423522595	0.537930997384	0.171428522449	0.805369127517	0.539787350294	0.537930997384	0.541666629051	0.888329135181
0.507350385189	0.158725170222	0.606299164858	0.142857102041	0.822147651007	0.568260660438	0.606299164858	0.534722185089	0.901763224181
0.233494877815	0.171423522595	0.559210489526	0.171428522449	0.805369127517	0.574319289214	0.559210489526	0.590277736786	0.894206549118
0.248628616333	0.149248696981	0.569620217113	0.142857102041	0.808724832215	0.596021461381	0.569620217113	0.624999956597	0.897565071369
0.445157766342	0.153841136255	0.553459084688	0.142857102041	0.815436241611	0.580853059765	0.553459084688	0.611111068673	0.893366918556
0.373084813356	0.176465540799	0.604316503287	0.171428522449	0.812080536913	0.593634535621	0.604316503287	0.583333292824	0.903442485306
