loss_weights	[0.20000000000000007, 0.7999999999999999]
lr	2.75554620778e-06
lstm_hidden_size	40
0.694451451302	0.184393334417	0.109090906612	0.361111010802	0.614093959732	0.164661815205	0.109090906612	0.335664312191	0.591099916037
0.717819571495	0.184393334417	0.110091740594	0.361111010802	0.614093959732	0.165799383572	0.110091740594	0.335664312191	0.594458438287
0.660537004471	0.184393334417	0.110599075793	0.361111010802	0.614093959732	0.166374082365	0.110599075793	0.335664312191	0.596137699412
0.665230333805	0.184393334417	0.111368906929	0.361111010802	0.614093959732	0.167243639742	0.111368906929	0.335664312191	0.5986565911
0.696989715099	0.171424726615	0.112412175353	0.333333240741	0.610738255034	0.168417288049	0.112412175353	0.335664312191	0.60201511335
0.695640921593	0.171424726615	0.112676053693	0.333333240741	0.610738255034	0.168713278459	0.112676053693	0.335664312191	0.602854743913
0.707482516766	0.173909162026	0.113744073134	0.333333240741	0.61744966443	0.169907717713	0.113744073134	0.335664312191	0.606213266163
0.691480398178	0.173909162026	0.11455846982	0.333333240741	0.61744966443	0.170814705255	0.11455846982	0.335664312191	0.608732157851
0.697078704834	0.173909162026	0.115384612611	0.333333240741	0.61744966443	0.171731427979	0.115384612611	0.335664312191	0.611251049538
0.687692344189	0.175178581789	0.116504851541	0.333333240741	0.620805369128	0.17296914142	0.116504851541	0.335664312191	0.614609571788
0.660190582275	0.162959027803	0.11764705594	0.305555470679	0.620805369128	0.174224825431	0.11764705594	0.335664312191	0.617968094039
0.66325044632	0.162959027803	0.119106696796	0.305555470679	0.620805369128	0.175820303256	0.119106696796	0.335664312191	0.622166246851
0.676198840141	0.162959027803	0.120300748865	0.305555470679	0.620805369128	0.17711788022	0.120300748865	0.335664312191	0.625524769102
0.665655136108	0.164175150461	0.119592872275	0.305555470679	0.624161073826	0.1753692156	0.119592872275	0.328671305687	0.628883291352
0.703324019909	0.164175150461	0.120822619002	0.305555470679	0.624161073826	0.176687791865	0.120822619002	0.328671305687	0.632241813602
0.687464118004	0.164175150461	0.116580307861	0.305555470679	0.624161073826	0.170128373846	0.116580307861	0.314685292679	0.631402183039
0.692520678043	0.164175150461	0.113157891759	0.305555470679	0.624161073826	0.164431967017	0.113157891759	0.300699279671	0.633081444165
0.710342943668	0.164175150461	0.113756610747	0.305555470679	0.624161073826	0.165063189518	0.113756610747	0.300699279671	0.63476070529
0.657262086868	0.165409560838	0.11528149825	0.305555470679	0.627516778523	0.166662653708	0.11528149825	0.300699279671	0.638958858102
0.700048267841	0.166662674566	0.115902961835	0.305555470679	0.630872483221	0.167311152498	0.115902961835	0.300699279671	0.640638119228
