loss_weights	[0.375, 0.625]
lr	6.33865344154e-05
lstm_hidden_size	20
0.691781520844	0.190473086469	0.126495724333	0.499999861111	0.486577181208	0.203293540873	0.126495724333	0.517482481295	0.51301427372
0.680416166782	0.185181705597	0.129707110257	0.416666550926	0.557046979866	0.199674387485	0.129707110257	0.433566403247	0.582703610411
0.668388366699	0.164175150461	0.129380050421	0.305555470679	0.624161073826	0.18676640465	0.129380050421	0.335664312191	0.649034424853
0.686382293701	0.139126109774	0.131672593179	0.222222160494	0.667785234899	0.174523823428	0.131672593179	0.258741240647	0.706129303107
0.649728536606	0.111106286627	0.127450974145	0.138888850309	0.731543624161	0.149851053815	0.127450974145	0.181818169104	0.752308984047
0.616474092007	0.0526265794197	0.147650996802	0.0555555401235	0.758389261745	0.150679923463	0.147650996802	0.153846143088	0.791771620487
0.590138792992	0.0298457660319	0.145454532231	0.0277777700617	0.781879194631	0.126477288697	0.145454532231	0.111888104064	0.814441645676
0.60385286808	0.0	0.124999985795	0.0	0.798657718121	0.0952333706726	0.124999985795	0.0769230715438	0.824517212427
0.604436337948	0.0	0.136986282605	0.0	0.818791946309	0.0925881093554	0.136986282605	0.0699300650399	0.83543240974
0.578546762466	0.0	0.133333311111	0.0	0.828859060403	0.0788135623058	0.133333311111	0.0559440520319	0.842989084803
0.579155445099	0.0	0.119999976	0.0	0.832214765101	0.0621723205675	0.119999976	0.0419580390239	0.848026868178
0.564556062222	0.0	0.121951189768	0.0	0.842281879195	0.0543443569075	0.121951189768	0.0349650325199	0.853904282116
0.485927820206	0.0	0.0882352681661	0.0	0.842281879195	0.0338951977047	0.0882352681661	0.020979019512	0.856423173804
0.548623323441	0.0	0.119999952	0.0	0.855704697987	0.0357117483367	0.119999952	0.020979019512	0.863979848866
0.660400867462	0.0	0.0952380498866	0.0	0.855704697987	0.024388008086	0.0952380498866	0.013986013008	0.865659109992
0.589315533638	0.0	0.111111049383	0.0	0.859060402685	0.0248427315341	0.111111049383	0.013986013008	0.868178001679
0.61163443327	0.0	0.117646989619	0.0	0.862416107383	0.0249980977997	0.117646989619	0.013986013008	0.869017632242
0.515200316906	0.0	0.0	0.0	0.862416107383	0.0	0.0	0.0	0.869857262804
0.540745198727	0.0	0.0	0.0	0.865771812081	0.0	0.0	0.0	0.870696893367
0.553869664669	0.0	0.0	0.0	0.865771812081	0.0	0.0	0.0	0.870696893367
