loss_weights	[0.2250000000000001, 0.7749999999999999]
lr	1.96250932084e-05
lstm_hidden_size	60
0.723694086075	0.174601003113	0.134660419969	0.709677190427	0.302013422819	0.229538395851	0.134660419969	0.777026974525	0.351805205709
0.732077598572	0.172128915306	0.13581730606	0.677419136316	0.322147651007	0.230609675955	0.13581730606	0.763513461925	0.366918555835
0.74308681488	0.175729945233	0.139334153646	0.677419136316	0.338926174497	0.235659532976	0.139334153646	0.763513461925	0.384550797649
0.760116398335	0.172411462947	0.136653893529	0.645161082206	0.355704697987	0.229857686337	0.136653893529	0.722972924123	0.39798488665
0.714907586575	0.171168752975	0.138440858354	0.612903028096	0.38255033557	0.230938931089	0.138440858354	0.695945898923	0.424013434089
0.691945374012	0.174309471038	0.1398305065	0.612903028096	0.395973154362	0.231305545771	0.1398305065	0.668918873722	0.44752308984
0.696390450001	0.154586810469	0.142857140709	0.516128865765	0.412751677852	0.23369935326	0.142857140709	0.641891848521	0.47691015953
0.671900749207	0.157632864707	0.143540667567	0.516128865765	0.426174496644	0.232254968582	0.143540667567	0.60810806702	0.500419815281
0.665543794632	0.164945751451	0.143589741135	0.516128865765	0.456375838926	0.229191859622	0.143589741135	0.567567529218	0.525608732158
0.683550059795	0.165742999346	0.147540980919	0.483870811655	0.493288590604	0.232421325548	0.147540980919	0.547297260318	0.550797649034
0.674461364746	0.153843140004	0.153696495064	0.419354703434	0.520134228188	0.238667216031	0.153696495064	0.533783747717	0.576826196474
0.703823626041	0.165601905208	0.156576197149	0.419354703434	0.560402684564	0.239230835632	0.156576197149	0.506756722516	0.599496221662
0.69081223011	0.162158828592	0.164414410711	0.387096649324	0.58389261745	0.246617863347	0.164414410711	0.493243209916	0.625524769102
0.682597398758	0.142853674573	0.163414630161	0.322580541103	0.597315436242	0.240139462943	0.163414630161	0.452702672115	0.643996641478
0.655971050262	0.138457885302	0.157068058715	0.290322486993	0.624161073826	0.22641106052	0.157068058715	0.405405378013	0.655751469353
0.641848921776	0.152538473238	0.152974499916	0.290322486993	0.664429530201	0.215564690898	0.152974499916	0.364864840212	0.670025188917
0.679646015167	0.166662542967	0.155279498283	0.290322486993	0.697986577181	0.212761633768	0.155279498283	0.337837815011	0.689336691856
0.676230967045	0.181813843587	0.16027874006	0.290322486993	0.728187919463	0.211489753775	0.16027874006	0.31081078981	0.712006717045
0.671379268169	0.185562623122	0.160447755207	0.290322486993	0.734899328859	0.206726175444	0.160447755207	0.290540520909	0.722921914358
0.663517415524	0.19779766222	0.161157018134	0.290322486993	0.755033557047	0.199995280321	0.161157018134	0.263513495709	0.738035264484
