loss_weights	[0.07500000000000007, 0.9249999999999999]
lr	9.27703432741e-06
lstm_hidden_size	20
0.66511797905	0.183203667359	0.117899248468	0.648648473338	0.281879194631	0.20464886612	0.117899248468	0.774647832771	0.282115869018
0.759494245052	0.181815757894	0.117270787662	0.648648473338	0.275167785235	0.203701416075	0.117270787662	0.774647832771	0.277917716205
0.709567725658	0.180448719292	0.117270787662	0.648648473338	0.268456375839	0.203701416075	0.117270787662	0.774647832771	0.277917716205
0.765628933907	0.18112965927	0.118769882092	0.648648473338	0.271812080537	0.206449334179	0.118769882092	0.788732338822	0.277078085642
0.664112925529	0.18112965927	0.120253163288	0.648648473338	0.271812080537	0.209172042041	0.120253163288	0.802816844872	0.27623845508
0.68787920475	0.18112965927	0.119622244285	0.648648473338	0.271812080537	0.208216917036	0.119622244285	0.802816844872	0.272040302267
0.637465417385	0.18112965927	0.119122255809	0.648648473338	0.271812080537	0.207459074458	0.119122255809	0.802816844872	0.268681780017
0.662417173386	0.18112965927	0.120833332075	0.648648473338	0.271812080537	0.210524066941	0.120833332075	0.816901350922	0.269521410579
0.665707051754	0.187967515718	0.120456904253	0.675675493061	0.275167785235	0.209952507499	0.120456904253	0.816901350922	0.267002518892
0.744683802128	0.187967515718	0.120456904253	0.675675493061	0.275167785235	0.209952507499	0.120456904253	0.816901350922	0.267002518892
0.724933624268	0.194754152282	0.120082814492	0.702702512783	0.278523489933	0.20938404315	0.120082814492	0.816901350922	0.264483627204
0.69718927145	0.194027456311	0.119834709506	0.702702512783	0.275167785235	0.209006774019	0.119834709506	0.816901350922	0.262804366079
0.64199078083	0.199259620131	0.120494334495	0.729729532506	0.271812080537	0.210240357733	0.120494334495	0.823943603948	0.261964735516
0.687762796879	0.199259620131	0.121149896087	0.729729532506	0.271812080537	0.211467309282	0.121149896087	0.830985856973	0.261125104954
0.645901858807	0.199259620131	0.121676890371	0.729729532506	0.271812080537	0.212497782006	0.121676890371	0.838028109998	0.259445843829
0.718799173832	0.19707794158	0.121676890371	0.729729532506	0.261744966443	0.212497782006	0.121676890371	0.838028109998	0.259445843829
0.698253512383	0.19636129325	0.121676890371	0.729729532506	0.258389261745	0.212497782006	0.121676890371	0.838028109998	0.259445843829
0.661558032036	0.195649838034	0.12142857019	0.729729532506	0.255033557047	0.212118997516	0.12142857019	0.838028109998	0.257766582704
0.640192389488	0.195649838034	0.121057984526	0.729729532506	0.255033557047	0.211553346014	0.121057984526	0.838028109998	0.255247691016
0.664250195026	0.195649838034	0.122593717096	0.729729532506	0.255033557047	0.214346778511	0.122593717096	0.852112616048	0.255247691016
