loss_weights	[0.17500000000000004, 0.825]
lr	6.29530148452e-05
lstm_hidden_size	40
0.694125056267	0.16470338858	0.12401352735	0.567567414171	0.285234899329	0.213797422416	0.12401352735	0.774647832771	0.320738874895
0.70755559206	0.172128560573	0.129227051579	0.567567414171	0.322147651007	0.220616052956	0.129227051579	0.753521073696	0.36523929471
0.715870976448	0.176988396549	0.132639790213	0.540540394449	0.375838926174	0.223927111117	0.132639790213	0.71830980857	0.406381192275
0.675074458122	0.186043644824	0.13802816707	0.540540394449	0.412751677852	0.230044165212	0.13802816707	0.690140796469	0.449202350966
0.729398727417	0.188115800949	0.143939391758	0.513513374726	0.44966442953	0.23690481064	0.143939391758	0.669014037393	0.486146095718
0.69665235281	0.192510174206	0.141176468216	0.486486355004	0.493288590604	0.227948036178	0.141176468216	0.591549254116	0.522250209908
0.701371610165	0.209298924473	0.150659130873	0.486486355004	0.543624161074	0.237738119619	0.150659130873	0.563380242015	0.569269521411
0.664228856564	0.174996422728	0.164556958554	0.378378276114	0.557046979866	0.253243197469	0.164556958554	0.549295735965	0.613769941226
0.643683791161	0.184206818806	0.170212761934	0.378378276114	0.58389261745	0.254863484432	0.170212761934	0.507042217814	0.646515533165
0.639489352703	0.185710370489	0.173441729717	0.351351256392	0.61744966443	0.250485213739	0.173441729717	0.450704193612	0.678421494542
0.695419609547	0.187495860686	0.184290024644	0.324324236669	0.651006711409	0.257923905865	0.184290024644	0.429577434537	0.705289672544
0.650803923607	0.183329037599	0.214545446744	0.297297216947	0.671140939597	0.282969116232	0.214545446744	0.415492928486	0.748950461797
0.6421828866	0.191299950194	0.215909082731	0.297297216947	0.687919463087	0.280783615061	0.215909082731	0.401408422436	0.754827875735
0.674373149872	0.18691132861	0.223175956087	0.270270197224	0.708053691275	0.277328613058	0.223175956087	0.36619715731	0.772460117548
0.615217626095	0.190471590132	0.237442911532	0.270270197224	0.714765100671	0.288083854254	0.237442911532	0.36619715731	0.784214945424
0.620642364025	0.194170116048	0.241545882051	0.270270197224	0.721476510067	0.286528108389	0.241545882051	0.35211265126	0.790931989924
0.664110600948	0.199995298109	0.248704650326	0.270270197224	0.731543624161	0.286562263037	0.248704650326	0.338028145209	0.79932829555
0.618006527424	0.170207956223	0.263736249245	0.216216157779	0.738255033557	0.296291354296	0.263736249245	0.338028145209	0.808564231738
0.615281403065	0.133328461904	0.264705866782	0.162162118335	0.738255033557	0.288456560325	0.264705866782	0.316901386134	0.813602015113
0.543685674667	0.134826572577	0.270440234564	0.162162118335	0.741610738255	0.285709282766	0.270440234564	0.302816880083	0.819479429051
