loss_weights	[0.07500000000000007, 0.9249999999999999]
lr	2.92043384718e-05
lstm_hidden_size	80
0.727259516716	0.148931412554	0.129411759631	0.194444390432	0.731543624161	0.165824533473	0.129411759631	0.230769214632	0.721242653233
0.687524497509	0.183481781101	0.144230764608	0.277777700617	0.701342281879	0.197797878997	0.144230764608	0.314685292679	0.693534844668
0.656912267208	0.199995766755	0.149456517678	0.333333240741	0.677852348993	0.215260148895	0.149456517678	0.384615357719	0.663308144416
0.689153492451	0.177773840415	0.170068023354	0.333333240741	0.627516778523	0.256845608223	0.170068023354	0.524475487799	0.635600335852
0.682358682156	0.208329554465	0.17718940576	0.416666550926	0.61744966443	0.274444447347	0.17718940576	0.608391565847	0.613769941226
0.682230770588	0.18420688719	0.177949706423	0.388888780864	0.58389261745	0.278784475937	0.177949706423	0.643356598367	0.600335852225
0.641305208206	0.177211648844	0.182994451331	0.388888780864	0.563758389262	0.289470368655	0.182994451331	0.692307643895	0.591939546599
0.679181754589	0.174996490694	0.181981978703	0.388888780864	0.557046979866	0.289395014568	0.181981978703	0.706293656903	0.583543240974
0.675863087177	0.182923380492	0.182926826081	0.416666550926	0.55033557047	0.292883827854	0.182926826081	0.734265682918	0.574307304786
0.656092226505	0.186043180156	0.179229477735	0.444444320988	0.530201342282	0.289186063401	0.179229477735	0.748251695926	0.558354324097
0.660859405994	0.195398994638	0.179738559155	0.472222091049	0.530201342282	0.291387650188	0.179738559155	0.769230715438	0.550797649034
0.632498800755	0.192087133381	0.180354264407	0.472222091049	0.520134228188	0.293190666851	0.180354264407	0.783216728446	0.546599496222
0.658643901348	0.187842096449	0.178515005079	0.472222091049	0.506711409396	0.29123409953	0.178515005079	0.79020973495	0.538203190596
0.666435658932	0.196718129585	0.177018630792	0.499999861111	0.506711409396	0.289704769885	0.177018630792	0.797202741454	0.530646515533
0.622482657433	0.203205425424	0.173515979094	0.527777631173	0.5	0.284997056936	0.173515979094	0.797202741454	0.51973131822
0.643237650394	0.197913599222	0.173393121474	0.527777631173	0.48322147651	0.285711376822	0.173393121474	0.811188754462	0.51301427372
0.717662274837	0.195873245875	0.172821267757	0.527777631173	0.476510067114	0.285362967162	0.172821267757	0.818181760966	0.507976490344
0.674702763557	0.19486876428	0.171554249684	0.527777631173	0.473154362416	0.283633491011	0.171554249684	0.818181760966	0.503778337531
0.529012262821	0.193874532532	0.170305674377	0.527777631173	0.469798657718	0.281924851967	0.170305674377	0.818181760966	0.499580184719
0.626908004284	0.193874532532	0.168345321319	0.527777631173	0.469798657718	0.279233439716	0.168345321319	0.818181760966	0.492863140218
