loss_weights	[0.10000000000000009, 0.8999999999999999]
lr	1.27056453293e-05
lstm_hidden_size	80
0.656657159328	0.191568488454	0.123303166026	0.694444251543	0.291946308725	0.212266342756	0.123303166026	0.762237708934	0.320738874895
0.724382817745	0.203771221671	0.122471908736	0.749999791667	0.291946308725	0.211033428579	0.122471908736	0.762237708934	0.31570109152
0.711371123791	0.194754206707	0.122086569122	0.722222021605	0.278523489933	0.210725601108	0.122086569122	0.769230715438	0.308144416457
0.701184213161	0.194027510609	0.124444443062	0.722222021605	0.275167785235	0.214762730442	0.124444443062	0.783216728446	0.31234256927
0.714317679405	0.191879600795	0.126106193295	0.722222021605	0.265100671141	0.217762680317	0.126106193295	0.797202741454	0.31234256927
0.702784776688	0.1865648246	0.125966849437	0.694444251543	0.268456375839	0.217554891148	0.125966849437	0.797202741454	0.311502938707
0.686258018017	0.185182860385	0.126373624985	0.694444251543	0.261744966443	0.21842120043	0.126373624985	0.804195747958	0.308984047019
0.661813676357	0.197077995124	0.128787877394	0.749999791667	0.261744966443	0.223052969881	0.128787877394	0.832167773974	0.303946263644
0.638127505779	0.203634073413	0.131324002892	0.777777561728	0.265100671141	0.227609624052	0.131324002892	0.853146793486	0.304785894207
0.668472707272	0.192168570839	0.131465515825	0.749999791667	0.238255033557	0.227822145038	0.131465515825	0.853146793486	0.305625524769
0.704847753048	0.199997744923	0.133476855399	0.777777561728	0.248322147651	0.231340967266	0.133476855399	0.867132806494	0.308144416457
0.658500850201	0.200714583856	0.134120170235	0.777777561728	0.251677852349	0.23255582867	0.134120170235	0.874125812998	0.307304785894
0.64726382494	0.199286008054	0.132337245119	0.777777561728	0.244966442953	0.229627327886	0.132337245119	0.867132806494	0.301427371956
0.688599705696	0.199286008054	0.133262258707	0.777777561728	0.244966442953	0.231265045082	0.133262258707	0.874125812998	0.302267002519
0.679947376251	0.200714583856	0.13297872199	0.777777561728	0.251677852349	0.230837962183	0.13297872199	0.874125812998	0.300587741394
0.700437903404	0.201436579912	0.135394454847	0.777777561728	0.255033557047	0.234965322534	0.135394454847	0.888111826006	0.305625524769
0.682881712914	0.202163788944	0.134962804092	0.777777561728	0.258389261745	0.234315048548	0.134962804092	0.888111826006	0.303106633081
0.663140714169	0.197077995124	0.137711862948	0.749999791667	0.261744966443	0.239188143042	0.137711862948	0.909090845518	0.305625524769
0.671699166298	0.1999976741	0.137526650986	0.749999791667	0.275167785235	0.238665599986	0.137526650986	0.902097839014	0.308984047019
0.668884694576	0.19852710048	0.13738019023	0.749999791667	0.268456375839	0.238445021479	0.13738019023	0.902097839014	0.308144416457
