loss_weights	[0.2250000000000001, 0.7749999999999999]
lr	3.91153949606e-06
lstm_hidden_size	20
0.71482783556	0.211265376932	0.119371726499	0.833333101852	0.248322147651	0.207648003963	0.119371726499	0.797202741454	0.269521410579
0.74382263422	0.211265376932	0.119496854093	0.833333101852	0.248322147651	0.207837291419	0.119496854093	0.797202741454	0.270361041142
0.809275507927	0.211265376932	0.119999998737	0.833333101852	0.248322147651	0.208597904882	0.119999998737	0.797202741454	0.273719563392
0.717570185661	0.212011898785	0.120253163288	0.833333101852	0.251677852349	0.20898030313	0.120253163288	0.797202741454	0.275398824517
0.806167125702	0.212011898785	0.120253163288	0.833333101852	0.251677852349	0.20898030313	0.120253163288	0.797202741454	0.275398824517
0.734583735466	0.212763715128	0.120634919358	0.833333101852	0.255033557047	0.209556536523	0.120634919358	0.797202741454	0.277917716205
0.707934081554	0.214283458186	0.120762710585	0.833333101852	0.261744966443	0.209749321139	0.120762710585	0.797202741454	0.278757346767
0.744998395443	0.215051500389	0.120890772843	0.833333101852	0.265100671141	0.209942460793	0.120890772843	0.797202741454	0.27959697733
0.711667060852	0.215825068084	0.120469081871	0.833333101852	0.268456375839	0.209063380371	0.120469081871	0.79020973495	0.282115869018
0.729709327221	0.215825068084	0.120469081871	0.833333101852	0.268456375839	0.209063380371	0.120469081871	0.79020973495	0.282115869018
0.751485168934	0.215825068084	0.120597650794	0.833333101852	0.268456375839	0.209256957895	0.120597650794	0.79020973495	0.28295549958
0.742598712444	0.215825068084	0.121244633892	0.833333101852	0.268456375839	0.210230247692	0.121244633892	0.79020973495	0.287153652393
0.7245195508	0.215825068084	0.121244633892	0.833333101852	0.268456375839	0.210230247692	0.121244633892	0.79020973495	0.287153652393
0.72031468153	0.215825068084	0.119999998703	0.833333101852	0.268456375839	0.207862845328	0.119999998703	0.776223721942	0.289672544081
0.726927578449	0.215825068084	0.120260020366	0.833333101852	0.268456375839	0.208252832571	0.120260020366	0.776223721942	0.291351805206
0.753703176975	0.216604221113	0.120783458969	0.833333101852	0.271812080537	0.209037213701	0.120783458969	0.776223721942	0.294710327456
0.751823484898	0.216604221113	0.120481926391	0.833333101852	0.271812080537	0.208330987834	0.120481926391	0.769230715438	0.298068849706
0.762226164341	0.216604221113	0.120746431166	0.833333101852	0.271812080537	0.208726303491	0.120746431166	0.769230715438	0.299748110831
0.739657759666	0.210906800156	0.121012099879	0.80555533179	0.271812080537	0.209123122252	0.121012099879	0.769230715438	0.301427371956
0.814007401466	0.211676534203	0.121816166979	0.80555533179	0.275167785235	0.21032268338	0.121816166979	0.769230715438	0.306465155332
