loss_weights	[0.25, 0.75]
lr	4.40705076579e-05
lstm_hidden_size	40
0.707481026649	0.203699051888	0.0856031095096	0.28205120973	0.711409395973	0.110826663132	0.0856031095096	0.157142845918	0.703610411419
0.615678906441	0.20929732029	0.10204081112	0.230769171598	0.771812080537	0.119042751049	0.10204081112	0.142857132653	0.751469353484
0.677255749702	0.216211172504	0.0939597252376	0.205128152531	0.805369127517	0.0968808115505	0.0939597252376	0.0999999928571	0.780856423174
0.669021308422	0.202893577099	0.0803571356824	0.179487133465	0.815436241611	0.0714236278294	0.0803571356824	0.0642857096939	0.803526448363
0.681166708469	0.161285603673	0.069767433748	0.128205095332	0.825503355705	0.0530926263093	0.069767433748	0.0428571397959	0.820319059614
0.618821024895	0.137926581591	0.0563380202341	0.102564076266	0.832214765101	0.0379102235665	0.0563380202341	0.0285714265306	0.829554995802
0.686116337776	0.145450367059	0.0370370301783	0.102564076266	0.842281879195	0.0206145379277	0.0370370301783	0.0142857132653	0.840470193115
0.690657198429	0.0784277433397	0.0256410190664	0.0512820381328	0.842281879195	0.0111697760147	0.0256410190664	0.00714285663265	0.851385390428
0.607246518135	0.0851035220476	0.0606060422406	0.0512820381328	0.855704697987	0.0231182977154	0.0606060422406	0.0142857132653	0.858102434929
0.592709004879	0.0851035220476	0.0967741623309	0.0512820381328	0.855704697987	0.0350847470103	0.0967741623309	0.021428569898	0.861460957179
0.533848702908	0.0869539036662	0.133333288889	0.0512820381328	0.859060402685	0.0470559115977	0.133333288889	0.0285714265306	0.863979848866
0.584244728088	0.0869539036662	0.13793098692	0.0512820381328	0.859060402685	0.047334429637	0.13793098692	0.0285714265306	0.864819479429
0.636647999287	0.0869539036662	0.13793098692	0.0512820381328	0.859060402685	0.047334429637	0.13793098692	0.0285714265306	0.864819479429
0.594262897968	0.0888865383293	0.178571364796	0.0512820381328	0.862416107383	0.059521024789	0.178571364796	0.0357142831633	0.867338371117
0.56234061718	0.0888865383293	0.185185116598	0.0512820381328	0.862416107383	0.0598775217257	0.185185116598	0.0357142831633	0.868178001679
0.649882078171	0.0888865383293	0.185185116598	0.0512820381328	0.862416107383	0.0598775217257	0.185185116598	0.0357142831633	0.868178001679
0.556492984295	0.0888865383293	0.192307618343	0.0512820381328	0.862416107383	0.0602383148199	0.192307618343	0.0357142831633	0.869017632242
0.571759641171	0.0454525104171	0.192307618343	0.0256410190664	0.859060402685	0.0602383148199	0.192307618343	0.0357142831633	0.869017632242
0.623643815517	0.0454525104171	0.19999992	0.0256410190664	0.859060402685	0.0606034822022	0.19999992	0.0357142831633	0.869857262804
0.547958314419	0.0454525104171	0.239999904	0.0256410190664	0.859060402685	0.0727246928359	0.239999904	0.0428571397959	0.871536523929
