loss_weights	[0.35, 0.65]
lr	3.72792590338e-06
lstm_hidden_size	80
0.691424369812	0.191486244957	0.125937029596	0.499999861111	0.489932885906	0.207404494813	0.125937029596	0.587412546335	0.460957178841
0.680924534798	0.193545244587	0.127300611544	0.499999861111	0.496644295302	0.208802075846	0.127300611544	0.580419539831	0.471872376154
0.712433159351	0.195649005249	0.129890451801	0.499999861111	0.503355704698	0.212273220946	0.129890451801	0.580419539831	0.482787573468
0.697990715504	0.187842096449	0.129807690227	0.472222091049	0.506711409396	0.211209477222	0.129807690227	0.566433526823	0.492023509656
0.694696545601	0.195398994638	0.130081298698	0.472222091049	0.530201342282	0.211078727392	0.130081298698	0.559440520319	0.497900923594
0.684617877007	0.195118500952	0.129629627447	0.444444320988	0.557046979866	0.208952090612	0.129629627447	0.538461500807	0.510495382032
0.686252176762	0.19999648756	0.128295252578	0.444444320988	0.570469798658	0.205052963967	0.128295252578	0.510489474791	0.524769101595
0.654503881931	0.201254333354	0.128390594423	0.444444320988	0.573825503356	0.204019717774	0.128390594423	0.496503461783	0.534844668346
0.699566245079	0.205124628595	0.128060261242	0.444444320988	0.58389261745	0.201777066464	0.128060261242	0.475524442271	0.548278757347
0.659946262836	0.214761407206	0.129593807938	0.444444320988	0.607382550336	0.20302690249	0.129593807938	0.468531435767	0.558354324097
0.679738998413	0.217683346816	0.128205125676	0.444444320988	0.614093959732	0.199996561905	0.128205125676	0.454545422759	0.563392107473
0.681509375572	0.212762124709	0.130612242232	0.416666550926	0.627516778523	0.202208186559	0.130612242232	0.447552416255	0.575986565911
0.66278886795	0.215823468832	0.134615381739	0.416666550926	0.634228187919	0.206215720582	0.134615381739	0.440559409751	0.592779177162
0.669587314129	0.202894665059	0.134361230521	0.388888780864	0.630872483221	0.204351458979	0.134361230521	0.426573396743	0.601175482788
0.641955196857	0.19402589226	0.13544017753	0.361111010802	0.637583892617	0.204774460514	0.13544017753	0.419580390239	0.608732157851
0.691680788994	0.187495927821	0.1398601366	0.333333240741	0.651006711409	0.209786452522	0.1398601366	0.419580390239	0.620486985726
0.690501570702	0.191995868247	0.140435831951	0.333333240741	0.661073825503	0.208629265183	0.140435831951	0.405594377231	0.630562552477
0.676935315132	0.193544235259	0.142857139277	0.333333240741	0.664429530201	0.210328211085	0.142857139277	0.398601370727	0.640638119228
0.637731313705	0.180323679214	0.142118859377	0.305555470679	0.664429530201	0.207543221791	0.142118859377	0.384615357719	0.647355163728
0.669833362103	0.181813971819	0.136842101662	0.305555470679	0.667785234899	0.198848791688	0.136842101662	0.363636338207	0.648194794291
