loss_weights	[0.20000000000000007, 0.7999999999999999]
lr	0.00456918457683
lstm_hidden_size	20
0.628267765045	0.107137825488	0.120879107596	0.10344824019	0.832214765101	0.091281599388	0.120879107596	0.0733333284444	0.816120906801
0.630483746529	0.0512782119852	0.378378276114	0.0344827467301	0.875838926174	0.149729430134	0.378378276114	0.0933333271111	0.866498740554
0.667660117149	0.211534399115	0.25901638495	0.379310214031	0.724832214765	0.347248312289	0.25901638495	0.526666631556	0.750629722922
0.490465581417	0.177210498439	0.398058233104	0.241379227111	0.781879194631	0.460669255196	0.398058233104	0.546666630222	0.83879093199
0.574635922909	0.117642132556	0.479999972571	0.13793098692	0.798657718121	0.516918074746	0.479999972571	0.559999962667	0.868178001679
0.52411210537	0.159995214363	0.443877528374	0.206896480381	0.788590604027	0.502885232765	0.443877528374	0.579999961333	0.855583543241
0.379768043756	0.152169562977	0.401486973922	0.241379227111	0.738255033557	0.515508505233	0.401486973922	0.719999952	0.829554995802
0.315731108189	0.102559405209	0.429184530936	0.13793098692	0.765100671141	0.52218841908	0.429184530936	0.666666622222	0.846347607053
0.355015546083	0.157298942175	0.401544386041	0.241379227111	0.748322147651	0.508552787508	0.401544386041	0.693333287111	0.831234256927
0.37080848217	0.144922621462	0.540983576995	0.17241373365	0.802013422819	0.594589608028	0.540983576995	0.659999956	0.886649874055
0.54572468996	0.146336856181	0.488262887875	0.206896480381	0.765100671141	0.572997873896	0.488262887875	0.693333287111	0.869857262804
0.213738530874	0.144573732179	0.47058821684	0.206896480381	0.761744966443	0.592587899442	0.47058821684	0.799999946667	0.861460957179
0.571637332439	0.146336856181	0.49561401335	0.206896480381	0.765100671141	0.597878779188	0.49561401335	0.753333283111	0.872376154492
0.278408825397	0.103891381558	0.531707291136	0.13793098692	0.768456375839	0.614079592501	0.531707291136	0.726666618222	0.88497061293
0.43218562007	0.123452162951	0.495726474542	0.17241373365	0.761744966443	0.604161874495	0.495726474542	0.773333281778	0.872376154492
0.51857483387	0.128200424233	0.525821571558	0.17241373365	0.771812080537	0.617075006451	0.525821571558	0.746666616889	0.883291351805
0.342509001493	0.141171942011	0.534188011359	0.206896480381	0.755033557047	0.651036872051	0.534188011359	0.833333277778	0.887489504618
0.232389956713	0.129865400743	0.626262594633	0.17241373365	0.775167785235	0.712638732363	0.626262594633	0.826666611556	0.916036943745
0.193029239774	0.128200424233	0.586363609711	0.17241373365	0.771812080537	0.697292438602	0.586363609711	0.859999942667	0.905961376994
0.300768584013	0.173072868066	0.422018335718	0.310344720571	0.711409395973	0.578612016434	0.422018335718	0.919999938667	0.831234256927
