loss_weights	[0.35, 0.65]
lr	0.000609841663424
lstm_hidden_size	40
0.777099490166	0.215136968012	0.118243241912	0.749999791667	0.338926174497	0.203683348824	0.118243241912	0.734265682918	0.310663308144
0.596532702446	0.0784271897616	0.142857113703	0.0555555401235	0.842281879195	0.0729128577283	0.142857113703	0.0489510455279	0.850545759866
0.402070641518	0.0952356009676	0.249999375002	0.0555555401235	0.872483221477	0.0136049109361	0.249999375002	0.00699300650399	0.87825356843
0.471308946609	0.0499981750616	0.333332222226	0.0277777700617	0.872483221477	0.0136982257565	0.333332222226	0.00699300650399	0.879093198992
0.394855886698	0.0	0.249999375002	0.0	0.872483221477	0.0136049109361	0.249999375002	0.00699300650399	0.87825356843
0.353372037411	0.0	0.666665925927	0.0	0.869127516779	0.0789462439551	0.666665925927	0.0419580390239	0.882451721243
0.518931090832	0.0487783225184	0.666666296297	0.0277777700617	0.869127516779	0.149066318455	0.666666296297	0.0839160780478	0.88497061293
0.404814451933	0.133330074149	0.568627339485	0.0833333101852	0.869127516779	0.298965165849	0.568627339485	0.202797188616	0.885810243493
0.297055721283	0.130431323339	0.583333236111	0.0833333101852	0.865771812081	0.344823388145	0.583333236111	0.244755227639	0.888329135181
0.22442945838	0.0425495883498	0.66071416773	0.0277777700617	0.848993288591	0.371855214811	0.66071416773	0.258741240647	0.895046179681
0.376609534025	0.0454515497797	0.735848917764	0.0277777700617	0.859060402685	0.397955197353	0.735848917764	0.272727253655	0.900923593619
0.483295619488	0.12244503136	0.637499920313	0.0833333101852	0.855704697987	0.457394461226	0.637499920313	0.356643331703	0.898404701931
0.237761855125	0.18518067226	0.653061157851	0.138888850309	0.852348993289	0.531115462243	0.653061157851	0.447552416255	0.905121746432
0.310564488173	0.115380310808	0.719512107377	0.0833333101852	0.845637583893	0.524439765374	0.719512107377	0.412587383735	0.910159529807
0.212080284953	0.117642860584	0.732558054354	0.0833333101852	0.848993288591	0.550213602374	0.732558054354	0.440559409751	0.913518052057
0.19419965148	0.153841834437	0.775510124948	0.111111080247	0.852348993289	0.630700516213	0.775510124948	0.531468494303	0.925272879933
0.333529680967	0.156245029452	0.703389770899	0.138888850309	0.818791946309	0.636010322847	0.703389770899	0.580419539831	0.920235096558
0.191925436258	0.20338500442	0.715789398338	0.16666662037	0.842281879195	0.571423726825	0.715789398338	0.475524442271	0.91435768262
0.184854671359	0.191775770444	0.567073136154	0.194444390432	0.802013422819	0.605858176149	0.567073136154	0.650349604871	0.898404701931
0.376606911421	0.206891771807	0.749999930556	0.16666662037	0.845637583893	0.645413372523	0.749999930556	0.566433526823	0.925272879933
