loss_weights	[0.2250000000000001, 0.7749999999999999]
lr	0.000144134693711
lstm_hidden_size	40
0.618995964527	0.151256397257	0.111475406181	0.264705804498	0.661073825503	0.15110673662	0.111475406181	0.234482742449	0.679261125105
0.647392988205	0.126311166926	0.126315782825	0.176470536332	0.721476510067	0.143278663924	0.126315782825	0.165517229964	0.759026028547
0.661386907101	0.136981287477	0.173076906435	0.147058780277	0.788590604027	0.144573437366	0.173076906435	0.124137922473	0.821158690176
0.598028421402	0.0350828938581	0.266666607407	0.0294117560554	0.815436241611	0.126312161322	0.266666607407	0.0827586149822	0.860621326616
0.634435415268	0.0	0.312499902344	0.0	0.845637583893	0.11299137548	0.312499902344	0.0689655124851	0.868178001679
0.574997842312	0.0	0.384615236686	0.0	0.852348993289	0.116956472133	0.384615236686	0.0689655124851	0.873215785055
0.577250123024	0.0	0.391304177694	0.0	0.855704697987	0.107140481202	0.391304177694	0.0620689612366	0.874055415617
0.51875680685	0.0	0.449999775	0.0	0.862416107383	0.109088765514	0.449999775	0.0620689612366	0.876574307305
0.465365469456	0.0	0.3999998	0.0	0.855704697987	0.096967554867	0.3999998	0.0551724099881	0.87489504618
0.566445112228	0.0	0.42857122449	0.0	0.855704697987	0.108431511875	0.42857122449	0.0620689612366	0.875734676742
0.565503537655	0.0465082966104	0.416666493056	0.0294117560554	0.862416107383	0.118340744421	0.416666493056	0.0689655124851	0.87489504618
0.65651845932	0.04444073117	0.44117634083	0.0294117560554	0.855704697987	0.167594669386	0.44117634083	0.103448268728	0.87489504618
0.608296632767	0.04444073117	0.421052520776	0.0294117560554	0.855704697987	0.174860078296	0.421052520776	0.110344819976	0.873215785055
0.520160377026	0.0434743859743	0.488371979448	0.0294117560554	0.852348993289	0.223400703428	0.488371979448	0.144827576219	0.877413937867
0.594101369381	0.0434743859743	0.423076841716	0.0294117560554	0.852348993289	0.223346345503	0.423076841716	0.151724127467	0.871536523929
0.578089416027	0.119995600157	0.390624938965	0.0882352681661	0.852348993289	0.239230177956	0.390624938965	0.172413781213	0.866498740554
0.586177706718	0.12244468153	0.422535151756	0.0882352681661	0.855704697987	0.277773338976	0.422535151756	0.206896537455	0.869017632242
0.492972671986	0.156858239264	0.428571372913	0.117647024221	0.855704697987	0.2972927397	0.428571372913	0.227586191201	0.869017632242
0.479370415211	0.181813395164	0.445783078821	0.147058780277	0.848993288591	0.324556744834	0.445783078821	0.255172396195	0.870696893367
0.559786677361	0.214280867453	0.431578901939	0.176470536332	0.852348993289	0.341661855275	0.431578901939	0.282758601189	0.867338371117
