loss_weights	[0.32500000000000007, 0.6749999999999999]
lr	1.80893900928e-05
lstm_hidden_size	20
0.671873927116	0.211263468637	0.110817939029	0.365853569304	0.624161073826	0.162471902342	0.110817939029	0.304347804033	0.636439966415
0.677147567272	0.192588334798	0.112994347091	0.317073093397	0.634228187919	0.162597583219	0.112994347091	0.28985505146	0.654072208228
0.657381355762	0.191995561061	0.115151511662	0.292682855443	0.661073825503	0.162388997111	0.115151511662	0.275362298887	0.670864819479
0.665137588978	0.181813671308	0.126666662444	0.26829261749	0.667785234899	0.173511657913	0.126666662444	0.275362298887	0.696053736356
0.676640629768	0.191299726386	0.131205669106	0.26829261749	0.687919463087	0.176186055666	0.131205669106	0.2681159226	0.709487825357
0.644017994404	0.180175489123	0.124060145712	0.243902379536	0.694630872483	0.163361830582	0.124060145712	0.239130417454	0.716204869857
0.65388828516	0.150938624214	0.120481922872	0.195121903629	0.697986577181	0.155034163147	0.120481922872	0.217391288595	0.725440806045
0.63952600956	0.161611276546	0.10434782155	0.195121903629	0.721476510067	0.130430088188	0.10434782155	0.173913030876	0.731318219983
0.657220840454	0.164943539309	0.111111105967	0.195121903629	0.728187919463	0.135588455592	0.111111105967	0.173913030876	0.743073047859
0.670763790607	0.152168939196	0.101522837486	0.170731665675	0.738255033557	0.119398133233	0.101522837486	0.14492752573	0.752308984047
0.663035869598	0.137926019469	0.103260863953	0.146341427722	0.748322147651	0.118007517274	0.103260863953	0.137681149443	0.761544920235
0.699660420418	0.121946189973	0.113095231363	0.121951189768	0.758389261745	0.124178046675	0.113095231363	0.137681149443	0.774979009236
0.665719985962	0.121946189973	0.109677412279	0.121951189768	0.758389261745	0.116035964756	0.109677412279	0.12318839687	0.782535684299
0.667153775692	0.101260804604	0.111888104064	0.0975609518144	0.761744966443	0.113873997256	0.111888104064	0.115942020584	0.790931989924
0.641911685467	0.0547895819774	0.10687022085	0.0487804759072	0.768456375839	0.104084215218	0.10687022085	0.101449268011	0.797649034425
0.670757174492	0.0563331327376	0.108333324306	0.0487804759072	0.775167785235	0.10077021057	0.108333324306	0.0942028917244	0.805205709488
0.603361666203	0.0606013364534	0.110091733019	0.0487804759072	0.791946308725	0.0971610532096	0.110091733019	0.0869565154379	0.812762384551
0.599332928658	0.0606013364534	0.116504843058	0.0487804759072	0.791946308725	0.0995801596731	0.116504843058	0.0869565154379	0.817800167926
0.62184792757	0.0615337849677	0.123711327452	0.0487804759072	0.795302013423	0.102122803308	0.123711327452	0.0869565154379	0.822837951301
0.597536742687	0.0615337849677	0.113636350723	0.0487804759072	0.795302013423	0.0884908123786	0.113636350723	0.0724637628649	0.827036104114
