loss_weights	[0.32500000000000007, 0.6749999999999999]
lr	1.45579614903e-06
lstm_hidden_size	80
0.684711396694	0.217683022889	0.120728926635	0.390243807258	0.614093959732	0.183705193191	0.120728926635	0.384057943184	0.604534005038
0.692475616932	0.223772102378	0.121559630239	0.390243807258	0.627516778523	0.18466533084	0.121559630239	0.384057943184	0.607052896725
0.673375606537	0.211263468637	0.123543120663	0.365853569304	0.624161073826	0.186945164106	0.123543120663	0.384057943184	0.612930310663
0.665668189526	0.211263468637	0.122931439174	0.365853569304	0.624161073826	0.185379528101	0.122931439174	0.376811566898	0.616288832914
0.682790338993	0.202894344761	0.122891563304	0.34146333135	0.630872483221	0.184444710859	0.122891563304	0.369565190611	0.621326616289
0.696610748768	0.204375338143	0.117936115038	0.34146333135	0.634228187919	0.176143000704	0.117936115038	0.347826061752	0.623005877414
0.67022818327	0.177773522185	0.120300748865	0.292682855443	0.627516778523	0.178767124287	0.120300748865	0.347826061752	0.629722921914
0.663874745369	0.179100203932	0.119897956125	0.292682855443	0.630872483221	0.177354632337	0.119897956125	0.340579685465	0.633921074727
0.678707122803	0.184611037971	0.119480516377	0.292682855443	0.644295302013	0.175904330376	0.119480516377	0.333333309179	0.63811922754
0.682725548744	0.188971976045	0.119680847881	0.292682855443	0.654362416107	0.175093341547	0.119680847881	0.326086932892	0.643996641478
0.687488913536	0.17599556363	0.122615800474	0.26829261749	0.654362416107	0.178213842967	0.122615800474	0.326086932892	0.651553316541
0.680681228638	0.177414899954	0.124309388831	0.26829261749	0.657718120805	0.179995996409	0.124309388831	0.326086932892	0.655751469353
0.667810738087	0.177414899954	0.119318178428	0.26829261749	0.657718120805	0.171424518213	0.119318178428	0.304347804033	0.659109991604
0.670167803764	0.180323376891	0.121301771559	0.26829261749	0.664429530201	0.172264783129	0.121301771559	0.297101427746	0.669185558354
0.679592370987	0.165284748431	0.121951215794	0.243902379536	0.661073825503	0.171669643675	0.121951215794	0.28985505146	0.675902602855
0.663790643215	0.166662140399	0.124999996094	0.243902379536	0.664429530201	0.174668271111	0.124999996094	0.28985505146	0.682619647355
0.654803395271	0.169486962201	0.121794867891	0.243902379536	0.671140939597	0.168884629045	0.121794867891	0.275362298887	0.685978169605
0.670939028263	0.17093558928	0.125412537115	0.243902379536	0.674496644295	0.172331293138	0.125412537115	0.275362298887	0.693534844668
0.663232862949	0.156517123764	0.122923583956	0.219512141582	0.674496644295	0.168560602017	0.122923583956	0.2681159226	0.693534844668
0.664511680603	0.141588271746	0.121621617513	0.195121903629	0.674496644295	0.165894272661	0.121621617513	0.260869546314	0.696053736356
