loss_weights	[0.125, 0.875]
lr	8.3863947804e-06
lstm_hidden_size	20
0.618649721146	0.215823841471	0.121475051595	0.483870811655	0.634228187919	0.183904360771	0.121475051595	0.378378352812	0.582703610411
0.721984863281	0.217387789385	0.122538290535	0.483870811655	0.637583892617	0.185120265192	0.122538290535	0.378378352812	0.586062132662
0.708795011044	0.202895037867	0.122538290535	0.451612757544	0.630872483221	0.185120265192	0.122538290535	0.378378352812	0.586062132662
0.694878935814	0.204376030748	0.122807014851	0.451612757544	0.634228187919	0.185426757672	0.122807014851	0.378378352812	0.586901763224
0.746482729912	0.205878803044	0.122270739688	0.451612757544	0.637583892617	0.184814784245	0.122270739688	0.378378352812	0.585222502099
0.735188007355	0.204376030748	0.124454145754	0.451612757544	0.634228187919	0.188115114168	0.124454145754	0.385135109112	0.586901763224
0.76097536087	0.204376030748	0.124454145754	0.451612757544	0.634228187919	0.188115114168	0.124454145754	0.385135109112	0.586901763224
0.729325473309	0.204376030748	0.125274722521	0.451612757544	0.634228187919	0.189051016191	0.125274722521	0.385135109112	0.589420654912
0.727883577347	0.205878803044	0.124999997259	0.451612757544	0.637583892617	0.188738015839	0.124999997259	0.385135109112	0.588581024349
0.670400738716	0.207403838743	0.12663755182	0.451612757544	0.640939597315	0.191415444091	0.12663755182	0.391891865413	0.588581024349
0.667961537838	0.208951636282	0.126914658054	0.451612757544	0.644295302013	0.191731835219	0.126914658054	0.391891865413	0.589420654912
0.672049462795	0.212117586149	0.126914658054	0.451612757544	0.651006711409	0.191731835219	0.126914658054	0.391891865413	0.589420654912
0.688442707062	0.212117586149	0.126914658054	0.451612757544	0.651006711409	0.191731835219	0.126914658054	0.391891865413	0.589420654912
0.70644903183	0.213736812601	0.127472524671	0.451612757544	0.654362416107	0.192367765666	0.127472524671	0.391891865413	0.591099916037
0.661057114601	0.213736812601	0.127753301151	0.451612757544	0.654362416107	0.192687315443	0.127753301151	0.391891865413	0.591939546599
0.808742463589	0.215380950357	0.128035317262	0.451612757544	0.657718120805	0.193007928621	0.128035317262	0.391891865413	0.592779177162
0.674797356129	0.215380950357	0.128603101361	0.451612757544	0.657718120805	0.193652366481	0.128603101361	0.391891865413	0.594458438287
0.660153031349	0.215380950357	0.128888886025	0.451612757544	0.657718120805	0.193976201904	0.128888886025	0.391891865413	0.59529806885
0.649704456329	0.215380950357	0.129753912086	0.451612757544	0.657718120805	0.194954239348	0.129753912086	0.391891865413	0.597816960537
0.711058974266	0.229003985838	0.128318581232	0.483870811655	0.661073825503	0.193329610516	0.128318581232	0.391891865413	0.593618807725
