loss_weights	[0.4, 0.6]
lr	6.27773091696e-05
lstm_hidden_size	80
0.710344910622	0.219175254096	0.125819133344	0.648648473338	0.426174496644	0.212152045746	0.125819133344	0.676056290419	0.4013434089
0.682730853558	0.213832880088	0.13199999736	0.459459335281	0.580536912752	0.205604025057	0.13199999736	0.464788699663	0.571788413098
0.634283602238	0.220178961458	0.148288967746	0.324324236669	0.714765100671	0.192588029493	0.148288967746	0.274647867983	0.725440806045
0.595642566681	0.126979239288	0.178947349584	0.10810807889	0.815436241611	0.143455100305	0.178947349584	0.119718301428	0.829554995802
0.571993947029	0.0	0.216216157779	0.0	0.845637583893	0.089382185445	0.216216157779	0.0563380242015	0.863140218304
0.52748465538	0.0	0.166666574074	0.0	0.862416107383	0.0374979985431	0.166666574074	0.0211267590756	0.870696893367
0.502016603947	0.0	0.249999791667	0.0	0.865771812081	0.0389595969487	0.249999791667	0.0211267590756	0.875734676742
0.524650931358	0.0	0.142856938776	0.0	0.869127516779	0.0134219215937	0.142856938776	0.00704225302519	0.876574307305
0.385212242603	0.0	0.166666388889	0.0	0.872483221477	0.0135127337909	0.166666388889	0.00704225302519	0.877413937867
0.480119436979	0.0	0.199999600001	0.0	0.872483221477	0.0136047832227	0.199999600001	0.00704225302519	0.87825356843
0.514102816582	0.0	0.249999375002	0.0	0.872483221477	0.013698095347	0.249999375002	0.00704225302519	0.879093198992
0.429486900568	0.0	0.499997500012	0.0	0.872483221477	0.0138886130442	0.499997500012	0.00704225302519	0.880772460118
0.475083142519	0.0	0.499997500012	0.0	0.872483221477	0.0138886130442	0.499997500012	0.00704225302519	0.880772460118
0.330871134996	0.0	0.499997500012	0.0	0.872483221477	0.0138886130442	0.499997500012	0.00704225302519	0.880772460118
0.438463032246	0.0	0.499997500012	0.0	0.872483221477	0.0138886130442	0.499997500012	0.00704225302519	0.880772460118
0.355456262827	0.0	0.499997500012	0.0	0.872483221477	0.0138886130442	0.499997500012	0.00704225302519	0.880772460118
0.435424298048	0.0	0.9999900001	0.0	0.872483221477	0.0139858731479	0.9999900001	0.00704225302519	0.88161209068
0.413689821959	0.0	0.9999900001	0.0	0.872483221477	0.0139858731479	0.9999900001	0.00704225302519	0.88161209068
0.4269130826	0.0	0.9999900001	0.0	0.872483221477	0.0139858731479	0.9999900001	0.00704225302519	0.88161209068
0.526671528816	0.0	0.499997500012	0.0	0.869127516779	0.0138886130442	0.499997500012	0.00704225302519	0.880772460118
