loss_weights	[0.35, 0.65]
lr	0.000111782092007
lstm_hidden_size	40
0.66662299633	0.226946590273	0.112107620805	0.457142726531	0.634228187919	0.169487829784	0.112107620805	0.34722219811	0.588581024349
0.64720505476	0.191484647013	0.133333327407	0.257142783673	0.744966442953	0.16259685827	0.133333327407	0.208333318866	0.740554156171
0.661207258701	0.0999951057918	0.150943381986	0.0857142612245	0.818791946309	0.127995105466	0.150943381986	0.111111103395	0.816960537364
0.561303555965	0.0869528451417	0.137254875048	0.0571428408163	0.859060402685	0.071791001917	0.137254875048	0.0486111077353	0.848026868178
0.609564065933	0.0487779656223	0.13636357438	0.0285714204082	0.869127516779	0.0361422747863	0.13636357438	0.0208333318866	0.865659109992
0.501842916012	0.0487779656223	0.0666666222223	0.0285714204082	0.869127516779	0.0125769062081	0.0666666222223	0.00694444396219	0.868178001679
0.554419279099	0.0	0.0999999000001	0.0	0.869127516779	0.0129857970429	0.0999999000001	0.00694444396219	0.872376154492
0.524191498756	0.0	0.0	0.0	0.879194630872	0.0	0.0	0.0	0.87489504618
0.487823158503	0.0	0.0	0.0	0.88255033557	0.0	0.0	0.0	0.87489504618
0.361901253462	0.0	0.0	0.0	0.88255033557	0.0	0.0	0.0	0.876574307305
0.543138563633	0.0	0.0	0.0	0.88255033557	0.0	0.0	0.0	0.876574307305
0.469563633204	0.0	0.0	0.0	0.88255033557	0.0	0.0	0.0	0.877413937867
0.364655345678	0.0	0.333332222226	0.0	0.879194630872	0.0136050405029	0.333332222226	0.00694444396219	0.87825356843
0.405781626701	0.0	0.333332222226	0.0	0.879194630872	0.0136050405029	0.333332222226	0.00694444396219	0.87825356843
0.362171888351	0.0540530022064	0.249999375002	0.0285714204082	0.88255033557	0.0135129857753	0.249999375002	0.00694444396219	0.877413937867
0.373883455992	0.0540530022064	0.249999375002	0.0285714204082	0.88255033557	0.0135129857753	0.249999375002	0.00694444396219	0.877413937867
0.526744842529	0.0540530022064	0.666665555557	0.0285714204082	0.88255033557	0.0533325582322	0.666665555557	0.0277777758488	0.880772460118
0.477254360914	0.0540530022064	0.666665555557	0.0285714204082	0.88255033557	0.0533325582322	0.666665555557	0.0277777758488	0.880772460118
0.429796308279	0.0540530022064	0.571427755103	0.0285714204082	0.88255033557	0.052979241275	0.571427755103	0.0277777758488	0.879932829555
0.484055906534	0.0540530022064	0.571427755103	0.0285714204082	0.88255033557	0.052979241275	0.571427755103	0.0277777758488	0.879932829555
