loss_weights	[0.07500000000000007, 0.9249999999999999]
lr	3.04279720596e-05
lstm_hidden_size	80
0.72105294466	0.139236707361	0.113490361595	0.27499993125	0.543624161074	0.174913950828	0.113490361595	0.381294936597	0.580184718724
0.700334489346	0.167661007645	0.121442122933	0.3499999125	0.53355704698	0.19218888349	0.121442122933	0.460431621552	0.548278757347
0.696832835674	0.178007141313	0.129783691684	0.42499989375	0.473154362416	0.210807754062	0.129783691684	0.561151038766	0.509655751469
0.703710496426	0.19323357843	0.134848482805	0.499999875	0.439597315436	0.222775593496	0.134848482805	0.64028772372	0.478589420655
0.745054244995	0.207204234276	0.140864712122	0.57499985625	0.409395973154	0.235978582631	0.140864712122	0.726618652761	0.450881612091
0.653828680515	0.213672361057	0.146437992791	0.62499984375	0.38255033557	0.247489014344	0.146437992791	0.798561093629	0.433249370277
0.622621178627	0.21096764055	0.148717946811	0.62499984375	0.372483221477	0.252445740428	0.148717946811	0.834532314062	0.423173803526
0.652909696102	0.21487325596	0.144999998188	0.6499998375	0.362416107383	0.247068824926	0.144999998188	0.834532314062	0.406381192275
0.664017081261	0.213111995466	0.143558280447	0.6499998375	0.355704697987	0.245280524288	0.143558280447	0.841726558149	0.395465994962
0.651150941849	0.213111995466	0.144785274297	0.6499998375	0.355704697987	0.247376960303	0.144785274297	0.848920802236	0.397145256087
0.640272557735	0.205758549715	0.147095177415	0.62499984375	0.352348993289	0.251052344534	0.147095177415	0.856115046323	0.403862300588
0.686199247837	0.205758549715	0.146551722333	0.62499984375	0.352348993289	0.250260379967	0.146551722333	0.856115046323	0.4013434089
0.626605689526	0.20746609394	0.14878048599	0.62499984375	0.359060402685	0.254429215719	0.14878048599	0.877697778583	0.399664147775
0.602607131004	0.210081219583	0.149509802089	0.62499984375	0.369127516779	0.255494889572	0.149509802089	0.877697778583	0.403022670025
0.674059510231	0.212763114569	0.150920243547	0.62499984375	0.379194630872	0.257859140375	0.150920243547	0.88489202267	0.405541561713
0.644485771656	0.210081219583	0.151589240201	0.62499984375	0.369127516779	0.259140667317	0.151589240201	0.892086266756	0.40470193115
0.59851950407	0.212763114569	0.153846151937	0.62499984375	0.379194630872	0.262431347814	0.153846151937	0.892086266756	0.414777497901
0.663116276264	0.227845276254	0.154702968382	0.67499983125	0.385906040268	0.263989042016	0.154702968382	0.899280510843	0.414777497901
0.615253269672	0.231756792755	0.155086846711	0.67499983125	0.39932885906	0.264547749885	0.155086846711	0.899280510843	0.416456759026
0.579430520535	0.232755746913	0.155828218947	0.67499983125	0.402684563758	0.266244884434	0.155828218947	0.913668999017	0.412258606213
