loss_weights	[0.07500000000000007, 0.9249999999999999]
lr	8.78900434141e-06
lstm_hidden_size	40
0.663254797459	0.156858091255	0.159010595088	0.216216157779	0.711409395973	0.211760246349	0.159010595088	0.316901386134	0.718723761545
0.672525167465	0.15533517216	0.167808213431	0.216216157779	0.708053691275	0.225802038566	0.167808213431	0.345070398234	0.717884130982
0.734701037407	0.168219743331	0.162251650257	0.243243177502	0.701342281879	0.220716360162	0.162251650257	0.345070398234	0.709487825357
0.698742806911	0.181813684407	0.167202566971	0.270270197224	0.697986577181	0.229576259796	0.167202566971	0.36619715731	0.706968933669
0.711763203144	0.192978037957	0.165624994824	0.297297216947	0.691275167785	0.229432961793	0.165624994824	0.373239410335	0.701091519731
0.697867393494	0.201676353456	0.160606055739	0.324324236669	0.681208053691	0.224572054984	0.160606055739	0.373239410335	0.692695214106
0.656841576099	0.19999570148	0.158208950501	0.324324236669	0.677852348993	0.222218031538	0.158208950501	0.373239410335	0.688497061293
0.732564330101	0.196717053302	0.159292030699	0.324324236669	0.671140939597	0.224528053984	0.159292030699	0.38028166336	0.686817800168
0.656846761703	0.195117713092	0.157434397742	0.324324236669	0.667785234899	0.222676262039	0.157434397742	0.38028166336	0.683459277918
0.696848928928	0.19199580169	0.156069359651	0.324324236669	0.661073825503	0.221307340174	0.156069359651	0.38028166336	0.68094038623
0.689306557178	0.204720248084	0.15536722725	0.351351256392	0.661073825503	0.221770098118	0.15536722725	0.387323916386	0.675902602855
0.713882684708	0.204720248084	0.154696128323	0.351351256392	0.661073825503	0.222218166173	0.154696128323	0.394366169411	0.670864819479
0.688762187958	0.203120858237	0.153424653331	0.351351256392	0.657718120805	0.220903256495	0.153424653331	0.394366169411	0.668345927792
0.698890447617	0.203120858237	0.150793646804	0.351351256392	0.657718120805	0.219226790752	0.150793646804	0.401408422436	0.659109991604
0.670167267323	0.198469198847	0.149870797161	0.351351256392	0.647651006711	0.21927772778	0.149870797161	0.408450675461	0.653232577666
0.710243284702	0.20895119522	0.151282047403	0.378378276114	0.644295302013	0.22180058956	0.151282047403	0.415492928486	0.652392947103
0.702210783958	0.220584242069	0.148989895228	0.405405295836	0.644295302013	0.219326961415	0.148989895228	0.415492928486	0.647355163728
0.72134912014	0.228567507209	0.152119696955	0.432432315559	0.637583892617	0.22467384573	0.152119696955	0.429577434537	0.646515533165
0.689973652363	0.226946451451	0.152709355845	0.432432315559	0.634228187919	0.226273524494	0.152709355845	0.436619687562	0.643996641478
0.664756834507	0.23447892515	0.153477214545	0.459459335281	0.627516778523	0.228976523947	0.153477214545	0.450704193612	0.63811922754
