loss_weights	[0.07500000000000007, 0.9249999999999999]
lr	0.000314351974471
lstm_hidden_size	40
0.736335158348	0.145692160939	0.128260866777	0.366666544444	0.56711409396	0.193756560369	0.128260866777	0.395973127787	0.587741393787
0.631391227245	0.223211945974	0.147937408991	0.833333055556	0.41610738255	0.244128563728	0.147937408991	0.697986530336	0.459277917716
0.663611471653	0.212596325273	0.148711942053	0.8999997	0.328859060403	0.253237744419	0.148711942053	0.852348936084	0.371116708648
0.618831992149	0.203771561714	0.147895333926	0.8999997	0.291946308725	0.25291580437	0.147895333926	0.872483162921	0.35516372796
0.697035193443	0.218043095162	0.148106902582	0.966666344445	0.302013422819	0.254056770803	0.148106902582	0.892617389757	0.344248530647
0.621017277241	0.218043095162	0.152272725542	0.966666344445	0.302013422819	0.260444554248	0.152272725542	0.899328798703	0.361041141898
0.516122102737	0.220530281503	0.155932201628	0.966666344445	0.312080536913	0.266922092945	0.155932201628	0.926174434485	0.363560033585
0.548365175724	0.219605749808	0.164861610531	0.933333022222	0.332214765101	0.279589252564	0.164861610531	0.919463025539	0.407220822838
0.597045004368	0.23236294625	0.178385414344	0.933333022222	0.379194630872	0.298797708022	0.178385414344	0.919463025539	0.460117548279
0.48491320014	0.23529189466	0.186991867385	0.933333022222	0.389261744966	0.311158415316	0.186991867385	0.926174434485	0.48698572628
0.498924911022	0.245280566061	0.208269522079	0.866666377778	0.463087248322	0.339149085885	0.208269522079	0.912751616594	0.554995801847
0.645568728447	0.228568957849	0.210365850452	0.799999733333	0.456375838926	0.342854117692	0.210365850452	0.926174434485	0.55583543241
0.417621135712	0.227720220594	0.214506169529	0.766666411111	0.476510067114	0.348804981379	0.214506169529	0.93288584343	0.564231738035
0.606902420521	0.227720220594	0.228070171801	0.766666411111	0.476510067114	0.368553588711	0.228070171801	0.959731479213	0.588581024349
0.657545089722	0.225638398978	0.235008099919	0.733333088889	0.493288590604	0.378586934868	0.235008099919	0.973154297104	0.600335852225
0.484512150288	0.213901026657	0.245315157661	0.666666444445	0.506711409396	0.391301107991	0.245315157661	0.966442888158	0.623845507976
0.386367172003	0.193178968274	0.261992615092	0.566666477778	0.523489932886	0.410995158285	0.261992615092	0.953020070267	0.658270361041
0.465055286884	0.184968210141	0.254025040178	0.533333155556	0.526845637584	0.40112660896	0.254025040178	0.953020070267	0.643996641478
0.384004116058	0.182923817716	0.258181813488	0.499999833333	0.55033557047	0.406291340651	0.258181813488	0.953020070267	0.651553316541
0.451306372881	0.190473234172	0.262962958093	0.533333155556	0.543624161074	0.412188180285	0.262962958093	0.953020070267	0.659949622166
