loss_weights	[0.125, 0.875]
lr	2.64226905973e-06
lstm_hidden_size	20
0.684758841991	0.243585553983	0.132608692769	0.413043388469	0.604026845638	0.205730071693	0.132608692769	0.458646582057	0.604534005038
0.612070560455	0.242034042831	0.132608692769	0.413043388469	0.60067114094	0.205730071693	0.132608692769	0.458646582057	0.604534005038
0.660144686699	0.242034042831	0.134490235694	0.413043388469	0.60067114094	0.208750726344	0.134490235694	0.466165378484	0.6053736356
0.657499670982	0.242034042831	0.134490235694	0.413043388469	0.60067114094	0.208750726344	0.134490235694	0.466165378484	0.6053736356
0.692147731781	0.242034042831	0.13507624978	0.413043388469	0.60067114094	0.209455968659	0.13507624978	0.466165378484	0.607052896725
0.68876761198	0.242034042831	0.13507624978	0.413043388469	0.60067114094	0.209455968659	0.13507624978	0.466165378484	0.607052896725
0.728957772255	0.242034042831	0.134782605766	0.413043388469	0.60067114094	0.20910275286	0.134782605766	0.466165378484	0.606213266163
0.659375429153	0.242034042831	0.13507624978	0.413043388469	0.60067114094	0.209455968659	0.13507624978	0.466165378484	0.607052896725
0.672493934631	0.242034042831	0.13507624978	0.413043388469	0.60067114094	0.209455968659	0.13507624978	0.466165378484	0.607052896725
0.675836026669	0.240502171197	0.13507624978	0.413043388469	0.597315436242	0.209455968659	0.13507624978	0.466165378484	0.607052896725
0.673757493496	0.240502171197	0.13507624978	0.413043388469	0.597315436242	0.209455968659	0.13507624978	0.466165378484	0.607052896725
0.690186619759	0.240502171197	0.13507624978	0.413043388469	0.597315436242	0.209455968659	0.13507624978	0.466165378484	0.607052896725
0.668939590454	0.238989568521	0.13507624978	0.413043388469	0.593959731544	0.209455968659	0.13507624978	0.466165378484	0.607052896725
0.726741611958	0.238989568521	0.135371176084	0.413043388469	0.593959731544	0.209810379781	0.135371176084	0.466165378484	0.607892527288
0.67627543211	0.238989568521	0.135371176084	0.413043388469	0.593959731544	0.209810379781	0.135371176084	0.466165378484	0.607892527288
0.762385189533	0.238989568521	0.13725489897	0.413043388469	0.593959731544	0.212834346923	0.13725489897	0.473684174911	0.608732157851
0.716600060463	0.238989568521	0.137554582149	0.413043388469	0.593959731544	0.21319447442	0.137554582149	0.473684174911	0.609571788413
0.695034682751	0.240502171197	0.137554582149	0.413043388469	0.597315436242	0.21319447442	0.137554582149	0.473684174911	0.609571788413
0.631069660187	0.240502171197	0.137855576852	0.413043388469	0.597315436242	0.213555822694	0.137855576852	0.473684174911	0.610411418976
0.65256023407	0.240502171197	0.137855576852	0.413043388469	0.597315436242	0.213555822694	0.137855576852	0.473684174911	0.610411418976
