loss_weights	[0.07500000000000007, 0.9249999999999999]
lr	0.000121153799925
lstm_hidden_size	60
0.671259105206	0.240340597205	0.131299733007	0.736841911357	0.406040268456	0.221226390918	0.131299733007	0.702127609778	0.414777497901
0.680843293667	0.248059484431	0.139162559863	0.842105041551	0.348993288591	0.237143328974	0.139162559863	0.801418382878	0.389588581024
0.726184725761	0.232207279129	0.139810424884	0.815789259003	0.312080536913	0.239591450668	0.139810424884	0.836879373271	0.371116708648
0.639789164066	0.229627193989	0.145180021543	0.815789259003	0.302013422819	0.24949857471	0.145180021543	0.886524759821	0.368597816961
0.600156843662	0.220585815337	0.146258501743	0.789473476454	0.288590604027	0.252197031925	0.146258501743	0.914893552135	0.357682619647
0.71349811554	0.219777807322	0.147982061121	0.789473476454	0.285234899329	0.255563949495	0.147982061121	0.936170146371	0.354324097397
0.566106855869	0.221399786521	0.153757223656	0.789473476454	0.291946308725	0.264411103362	0.153757223656	0.943262344449	0.378673383711
0.653844892979	0.217226006844	0.15511163155	0.763157693906	0.298657718121	0.266126588232	0.15511163155	0.936170146371	0.388748950462
0.579524993896	0.218042647435	0.157330153071	0.763157693906	0.302013422819	0.269385286091	0.157330153071	0.936170146371	0.398824517212
0.630879402161	0.216415460597	0.16290130603	0.763157693906	0.295302013423	0.279019938237	0.16290130603	0.971631136764	0.405541561713
0.555955529213	0.219694488664	0.166262133905	0.763157693906	0.308724832215	0.283935322677	0.166262133905	0.971631136764	0.419815281276
0.560131490231	0.2170517349	0.169764557995	0.736841911357	0.322147651007	0.289026997543	0.169764557995	0.971631136764	0.43408900084
0.622291266918	0.218747454863	0.173690930093	0.736841911357	0.328859060403	0.294369701795	0.173690930093	0.964538938685	0.452560873216
0.575805962086	0.221341303283	0.176546389477	0.736841911357	0.338926174497	0.298797827322	0.176546389477	0.971631136764	0.460117548279
0.572213172913	0.228568789034	0.17955438821	0.736841911357	0.365771812081	0.303094705535	0.17955438821	0.971631136764	0.471032745592
0.481759160757	0.237285413705	0.185538878778	0.736841911357	0.395973154362	0.311210101532	0.185538878778	0.964538938685	0.494542401343
0.524795353413	0.227071447946	0.193502822126	0.68421034626	0.406040268456	0.322729849122	0.193502822126	0.971631136764	0.517212426532
0.596792757511	0.233181008299	0.199413486812	0.68421034626	0.426174496644	0.330495329945	0.199413486812	0.964538938685	0.537363560034
0.484026074409	0.222219395196	0.19630156193	0.657894563712	0.412751677852	0.327011427243	0.19630156193	0.978723334842	0.52308984047
0.571166932583	0.223211448536	0.19999999708	0.657894563712	0.41610738255	0.331716289063	0.19999999708	0.971631136764	0.536523929471
