loss_weights	[0.275, 0.725]
lr	1.91920011016e-05
lstm_hidden_size	20
0.734562575817	0.209146842724	0.122047241692	0.470588096886	0.593959731544	0.189889341798	0.122047241692	0.427586177408	0.55583543241
0.642116785049	0.220686034779	0.121951217034	0.470588096886	0.620805369128	0.18837952339	0.121951217034	0.413793074911	0.56591099916
0.656253218651	0.217387559399	0.118790494195	0.44117634083	0.637583892617	0.180917414536	0.118790494195	0.379310318668	0.581863979849
0.757345855236	0.227268868292	0.120454542717	0.44117634083	0.657718120805	0.181192846537	0.120454542717	0.365517216171	0.597816960537
0.617389559746	0.236216514418	0.12114013964	0.44117634083	0.674496644295	0.180208196774	0.12114013964	0.351724113674	0.610411418976
0.63859552145	0.241931464685	0.119512192207	0.44117634083	0.684563758389	0.176572710221	0.119512192207	0.337931011177	0.616288832914
0.604892909527	0.233329233404	0.125641022419	0.411764584775	0.691275167785	0.183173611894	0.125641022419	0.337931011177	0.633081444165
0.719232559204	0.230084247864	0.134246571664	0.38235282872	0.708053691275	0.192152785707	0.134246571664	0.337931011177	0.654072208228
0.66917681694	0.236359322391	0.13609467053	0.38235282872	0.718120805369	0.190471981026	0.13609467053	0.317241357432	0.671704450042
0.701502144337	0.226410694281	0.127725852719	0.352941072664	0.724832214765	0.175961371008	0.127725852719	0.282758601189	0.67758186398
0.626123428345	0.217817272908	0.129139068572	0.323529316609	0.734899328859	0.174492253412	0.129139068572	0.268965498692	0.690176322418
0.607660472393	0.212761294804	0.13074204485	0.294117560554	0.751677852349	0.172892708104	0.13074204485	0.255172396195	0.702770780856
0.624286711216	0.215049078606	0.133587781161	0.294117560554	0.755033557047	0.171985576854	0.133587781161	0.241379293698	0.71704450042
0.622620880604	0.222217471704	0.127118638681	0.294117560554	0.765100671141	0.15747559207	0.127118638681	0.206896537455	0.730478589421
0.662396669388	0.209297496053	0.130232552082	0.264705804498	0.771812080537	0.155550736106	0.130232552082	0.193103434958	0.744752308984
0.692294597626	0.222217296251	0.135416659614	0.264705804498	0.788590604027	0.154297758875	0.135416659614	0.179310332461	0.760705289673
0.631159245968	0.189184171058	0.13872831568	0.205882292388	0.798657718121	0.15093842566	0.13872831568	0.165517229964	0.773299748111
0.667541444302	0.191775792961	0.148148139003	0.205882292388	0.802013422819	0.156346796836	0.148148139003	0.165517229964	0.782535684299
0.605848789215	0.179099425401	0.158620678716	0.176470536332	0.815436241611	0.158615678873	0.158620678716	0.158620678716	0.795130142737
0.632109224796	0.18749496107	0.123966931904	0.176470536332	0.825503355705	0.112776987329	0.123966931904	0.103448268728	0.801847187238
