loss_weights	[0.2250000000000001, 0.7749999999999999]
lr	6.24265905386e-06
lstm_hidden_size	60
0.742535173893	0.225938963279	0.117782908571	0.794117413495	0.379194630872	0.201777954421	0.117782908571	0.703448227348	0.32241813602
0.690026402473	0.225938963279	0.11840562581	0.794117413495	0.379194630872	0.202402321969	0.11840562581	0.6965516761	0.331654072208
0.71930038929	0.228811073712	0.119189509902	0.794117413495	0.389261744966	0.203249515552	0.119189509902	0.689655124851	0.341729638959
0.719889581203	0.234780068836	0.118787877348	0.794117413495	0.409395973154	0.202059308758	0.118787877348	0.675862022354	0.350125944584
0.711661934853	0.225222611019	0.120049503465	0.735293901384	0.422818791946	0.203565096745	0.120049503465	0.668965471106	0.362720403023
0.669441103935	0.231478807472	0.123425691141	0.735293901384	0.442953020134	0.208730078459	0.123425691141	0.675862022354	0.376154492024
0.723290741444	0.234739079137	0.123711338612	0.735293901384	0.453020134228	0.208466397862	0.123711338612	0.662068919857	0.387909319899
0.6942704916	0.23696409877	0.124345548111	0.735293901384	0.459731543624	0.209018216113	0.124345548111	0.655172368609	0.396305625525
0.711537957191	0.240381857464	0.125168235193	0.735293901384	0.469798657718	0.209456722273	0.125168235193	0.641379266112	0.410579345088
0.724387466908	0.243899648336	0.127397258529	0.735293901384	0.479865771812	0.212568658687	0.127397258529	0.641379266112	0.421494542401
0.685645282269	0.248753383363	0.126582276701	0.735293901384	0.493288590604	0.210277554982	0.126582276701	0.620689612366	0.432409739715
0.687056064606	0.251253422925	0.128939826233	0.735293901384	0.5	0.213520278262	0.128939826233	0.620689612366	0.443324937028
0.704356729984	0.243651941593	0.127565980534	0.705882145329	0.5	0.210396135779	0.127565980534	0.599999958621	0.451721242653
0.662794172764	0.244895066672	0.127465855425	0.705882145329	0.503355704698	0.208952262269	0.127465855425	0.579310304875	0.465994962217
0.707638680935	0.23833904162	0.125776395562	0.676470389273	0.506711409396	0.205320188696	0.125776395562	0.55862065113	0.47355163728
0.708232522011	0.243383267021	0.123028389227	0.676470389273	0.520134228188	0.200253704525	0.123028389227	0.537930997384	0.47691015953
0.695835292339	0.24467786219	0.126418150301	0.676470389273	0.523489932886	0.204721322543	0.126418150301	0.537930997384	0.491183879093
0.691295862198	0.241755176949	0.129629627447	0.647058633218	0.536912751678	0.208386555994	0.129629627447	0.531034446136	0.508816120907
0.690020859241	0.24309084464	0.129533676519	0.647058633218	0.540268456376	0.207179111455	0.129533676519	0.517241343639	0.518052057095
0.708099484444	0.245806951132	0.126760561149	0.647058633218	0.546979865772	0.201960288582	0.126760561149	0.496551689893	0.522250209908
