loss_weights	[0.07500000000000007, 0.9249999999999999]
lr	4.12424716207e-05
lstm_hidden_size	20
0.670864999294	0.180323679214	0.130081297288	0.305555470679	0.664429530201	0.18749596696	0.130081297288	0.335664312191	0.650713685978
0.704756379128	0.178857619238	0.133159265453	0.305555470679	0.661073825503	0.193912383446	0.133159265453	0.356643331703	0.643996641478
0.736508369446	0.178857619238	0.133501256083	0.305555470679	0.661073825503	0.196292395345	0.133501256083	0.370629344711	0.635600335852
0.652746677399	0.175995870815	0.142857139338	0.305555470679	0.654362416107	0.211289400304	0.142857139338	0.405594377231	0.636439966415
0.664104700089	0.203120925373	0.138755977542	0.361111010802	0.657718120805	0.206769812697	0.138755977542	0.405594377231	0.626364399664
0.673708200455	0.207403465643	0.142857139512	0.388888780864	0.640939597315	0.214031321519	0.142857139512	0.426573396743	0.623845507976
0.644962251186	0.201434981699	0.14449540953	0.388888780864	0.627516778523	0.217612853265	0.14449540953	0.440559409751	0.619647355164
0.733235299587	0.211263790982	0.15280898533	0.416666550926	0.624161073826	0.231288828151	0.15280898533	0.475524442271	0.620486985726
0.657669126987	0.208329554465	0.155172410449	0.416666550926	0.61744966443	0.237228680496	0.155172410449	0.503496468287	0.611251049538
0.703945040703	0.208329554465	0.156576197149	0.416666550926	0.61744966443	0.24115400761	0.156576197149	0.524475487799	0.603694374475
0.707074582577	0.217683346816	0.156903762408	0.444444320988	0.614093959732	0.241542341037	0.156903762408	0.524475487799	0.604534005038
0.694916129112	0.217683346816	0.159836062298	0.444444320988	0.614093959732	0.247223111304	0.159836062298	0.545454507311	0.601175482788
0.728484451771	0.223680566194	0.16269840947	0.472222091049	0.604026845638	0.253474137679	0.16269840947	0.573426533327	0.594458438287
0.672114491463	0.240502780054	0.161538458432	0.527777631173	0.597315436242	0.253390274245	0.161538458432	0.587412546335	0.584382871537
0.673927247524	0.238990177655	0.161596955103	0.527777631173	0.593959731544	0.254107244062	0.161596955103	0.594405552839	0.581024349286
0.679139912128	0.246910093022	0.166358592119	0.555555401235	0.590604026846	0.263154579955	0.166358592119	0.629370585359	0.576826196474
0.695138394833	0.230299590867	0.164855069477	0.527777631173	0.573825503356	0.2618672277	0.164855069477	0.636363591863	0.569269521411
0.688778579235	0.2470554561	0.162303662089	0.583333171296	0.570469798658	0.259773332449	0.162303662089	0.650349604871	0.554995801847
0.665502667427	0.257306587369	0.162711861649	0.611110941358	0.573825503356	0.261934096511	0.162711861649	0.671328624383	0.545759865659
0.650361537933	0.252870252387	0.163097196654	0.611110941358	0.563758389262	0.263996906738	0.163097196654	0.692307643895	0.536523929471
