loss_weights	[0.050000000000000044, 0.95]
lr	2.24109716191e-05
lstm_hidden_size	40
0.643897593021	0.218745791095	0.122093019707	0.368420955679	0.664429530201	0.173191745193	0.122093019707	0.2978723193	0.663308144416
0.710452973843	0.229003480057	0.119680847881	0.394736738227	0.661073825503	0.174077264325	0.119680847881	0.319148913536	0.64147774979
0.696906328201	0.231880033675	0.127139361195	0.421052520776	0.644295302013	0.189087089465	0.127139361195	0.368794300086	0.625524769102
0.660299897194	0.210522538155	0.134090906043	0.421052520776	0.597315436242	0.203094424008	0.134090906043	0.418439686635	0.611251049538
0.68916875124	0.208585355927	0.134736839269	0.447368303324	0.56711409396	0.207788671052	0.134736839269	0.453900677028	0.590260285474
0.684995949268	0.218178246522	0.132936505299	0.473684085873	0.56711409396	0.207748515266	0.132936505299	0.475177271264	0.570948782536
0.689326584339	0.205710862423	0.128544421011	0.473684085873	0.53355704698	0.202981745432	0.128544421011	0.482269469343	0.551637279597
0.613869071007	0.20224381018	0.130124774864	0.473684085873	0.523489932886	0.20797399186	0.130124774864	0.517730459735	0.533165407221
0.699918329716	0.21390048219	0.134125634395	0.52631565097	0.506711409396	0.216435233409	0.134125634395	0.560283648207	0.51973131822
0.636108756065	0.227976088529	0.141269839027	0.578947216067	0.5	0.230866006657	0.141269839027	0.631205628993	0.502099076406
0.63955783844	0.229996899041	0.140458013123	0.605262998615	0.48322147651	0.231152857951	0.140458013123	0.652482223228	0.486146095718
0.673751294613	0.223297940468	0.149059332141	0.605262998615	0.463087248322	0.247593332913	0.149059332141	0.730496402092	0.474391267842
0.73556637764	0.240737818965	0.150627612962	0.68421034626	0.44966442953	0.251745499321	0.150627612962	0.765957392485	0.460957178841
0.676411926746	0.252249392126	0.148247976439	0.736841911357	0.442953020134	0.249147933577	0.148247976439	0.780141788642	0.443324937028
0.685311436653	0.255503797891	0.148437498067	0.763157693906	0.43288590604	0.250822455923	0.148437498067	0.808510580957	0.428211586902
0.751707077026	0.255316416144	0.15491183684	0.789473476454	0.412751677852	0.263099037458	0.15491183684	0.872340363664	0.421494542401
0.704983830452	0.251043329802	0.152811734073	0.789473476454	0.39932885906	0.260685703262	0.152811734073	0.886524759821	0.40470193115
0.645972192287	0.248959978678	0.151260502386	0.789473476454	0.392617449664	0.258724417949	0.151260502386	0.8936169579	0.393786733837
0.712197422981	0.247931216475	0.151121603883	0.789473476454	0.389261744966	0.259106859605	0.151121603883	0.907801354057	0.385390428212
0.618356347084	0.239997402907	0.149010475564	0.789473476454	0.362416107383	0.255997572523	0.149010475564	0.907801354057	0.375314861461
