loss_weights	[0.25, 0.75]
lr	0.0038403004191
lstm_hidden_size	60
0.699569821358	0.19047308395	0.135802466342	0.49999984375	0.543624161074	0.208527233202	0.135802466342	0.448979561294	0.579345088161
0.566576838493	0.0	0.749998125005	0.0	0.88255033557	0.0397345783135	0.749998125005	0.020408161877	0.87825356843
0.433825552464	0.146337965575	0.558139405084	0.0937499707031	0.88255033557	0.252628050464	0.558139405084	0.163265295016	0.880772460118
0.406578063965	0.205123313724	0.415204654082	0.249999921875	0.791946308725	0.446535880954	0.415204654082	0.482993164422	0.852225020991
0.315363526344	0.259254334795	0.564705815917	0.218749931641	0.865771812081	0.413788424918	0.564705815917	0.326530590032	0.885810243493
0.540399730206	0.130430217549	0.497041390708	0.187499941406	0.731543624161	0.531640560253	0.497041390708	0.571428532556	0.875734676742
0.375633180141	0.20252677467	0.46499997675	0.249999921875	0.788590604027	0.536018140549	0.46499997675	0.632653018187	0.864819479429
0.334913730621	0.249995137592	0.465346511617	0.312499902344	0.798657718121	0.538677041776	0.465346511617	0.639455738813	0.864819479429
0.340772300959	0.20289351829	0.571428538776	0.218749931641	0.815436241611	0.62111301169	0.571428538776	0.680272062567	0.897565071369
0.291681438684	0.205877309809	0.537688415192	0.218749931641	0.818791946309	0.618492187048	0.537688415192	0.727891106946	0.889168765743
0.289741098881	0.18749494154	0.661538410651	0.187499941406	0.825503355705	0.620933602198	0.661538410651	0.585033973807	0.911838790932
0.21425023675	0.169486504024	0.65030670857	0.156249951172	0.835570469799	0.683865936977	0.65030670857	0.721088386321	0.91771620487
0.215497836471	0.222217590218	0.543859625269	0.312499902344	0.765100671141	0.661328531377	0.543859625269	0.843537357582	0.893366918556
0.269873231649	0.219173098253	0.659574433001	0.249999921875	0.808724832215	0.740293538193	0.659574433001	0.843537357582	0.926952141058
0.190382912755	0.162785987154	0.573529383651	0.218749931641	0.758389261745	0.666661760573	0.573529383651	0.795918313203	0.901763224181
0.255542993546	0.222217153048	0.652694571695	0.218749931641	0.835570469799	0.694262492023	0.652694571695	0.741496548198	0.919395465995
0.338775902987	0.157889820095	0.636363604224	0.187499941406	0.785234899329	0.73042984956	0.636363604224	0.857142798834	0.921914357683
0.217318817973	0.192766300015	0.571428546691	0.249999921875	0.775167785235	0.698407908406	0.571428546691	0.897959122588	0.904282115869
0.2912722826	0.184610329129	0.753086373266	0.187499941406	0.822147651007	0.789638973649	0.753086373266	0.829931916331	0.945424013434
0.24428498745	0.159995065038	0.611650455745	0.187499941406	0.788590604027	0.713876119093	0.611650455745	0.857142798834	0.915197313182
