loss_weights	[0.17500000000000004, 0.825]
lr	0.000146484574979
lstm_hidden_size	60
0.671288728714	0.107688356356	0.152354566417	0.199999942857	0.610738255034	0.217817696851	0.152354566417	0.381944417921	0.668345927792
0.662626326084	0.0705833747268	0.217391294896	0.0857142612245	0.734899328859	0.267374929307	0.217391294896	0.34722219811	0.769941225861
0.587853729725	0.0563330137346	0.259259243256	0.0571428408163	0.775167785235	0.274504803371	0.259259243256	0.291666646412	0.813602015113
0.567594945431	0.0298457482165	0.291970781608	0.0285714204082	0.781879194631	0.284692491824	0.291970781608	0.277777758488	0.831234256927
0.651940762997	0.0307642516903	0.328358184451	0.0285714204082	0.788590604027	0.316541746365	0.328358184451	0.305555534336	0.840470193115
0.646134376526	0.0322531381062	0.333333308081	0.0285714204082	0.798657718121	0.318835566136	0.333333308081	0.305555534336	0.84214945424
0.5359146595	0.0606010610155	0.360294091155	0.0571428408163	0.791946308725	0.349994979153	0.360294091155	0.340277754147	0.847187237615
0.569724738598	0.0909040819993	0.362318814325	0.0857142612245	0.798657718121	0.354604906262	0.362318814325	0.34722219811	0.847187237615
0.578074395657	0.149248696981	0.369127492005	0.142857102041	0.808724832215	0.375421597057	0.369127492005	0.381944417921	0.846347607053
0.49859932065	0.176465540799	0.374193524246	0.171428522449	0.812080536913	0.387954847102	0.374193524246	0.402777749807	0.846347607053
0.473418474197	0.176465540799	0.364779851272	0.171428522449	0.812080536913	0.382833270877	0.364779851272	0.402777749807	0.842989084803
0.459620893002	0.179099434311	0.372093001622	0.171428522449	0.815436241611	0.40505830482	0.372093001622	0.44444441358	0.84214945424
0.518091261387	0.173907994263	0.390804575241	0.171428522449	0.808724832215	0.427667973634	0.390804575241	0.472222189429	0.847187237615
0.341862529516	0.169009038037	0.380434761933	0.171428522449	0.802013422819	0.426824316684	0.380434761933	0.486111077353	0.84214945424
0.463647723198	0.205877296834	0.403409067988	0.199999942857	0.818791946309	0.443745022321	0.403409067988	0.493055521316	0.850545759866
0.400107622147	0.184205509137	0.405797081846	0.199999942857	0.791946308725	0.478627612487	0.405797081846	0.583333292824	0.846347607053
0.426856309175	0.215379578813	0.445121924078	0.199999942857	0.828859060403	0.47402096438	0.445121924078	0.50694440924	0.863979848866
0.441659450531	0.20895017165	0.468571401796	0.199999942857	0.822147651007	0.514101598106	0.468571401796	0.5694444049	0.869857262804
0.293601095676	0.225347050299	0.469072140769	0.228571363265	0.815436241611	0.538456616059	0.469072140769	0.631944400559	0.869017632242
0.280293941498	0.253516056437	0.486772461017	0.257142783673	0.822147651007	0.552547610717	0.486772461017	0.638888844522	0.87489504618
