loss_weights	[0.20000000000000007, 0.7999999999999999]
lr	0.000110405119032
lstm_hidden_size	40
0.677062690258	0.239125723153	0.154228848048	0.323529316609	0.765100671141	0.179185872196	0.154228848048	0.213793088704	0.761544920235
0.624273836613	0.239994979658	0.167832156096	0.264705804498	0.808724832215	0.166661655484	0.167832156096	0.165517229964	0.798488664987
0.664000689983	0.242419173657	0.169999983	0.235294048443	0.832214765101	0.138770667723	0.169999983	0.117241371225	0.822837951301
0.617666125298	0.233328344548	0.173333310222	0.205882292388	0.845637583893	0.118177313807	0.173333310222	0.0896551662307	0.837111670865
0.696906685829	0.249995140397	0.205882322664	0.205882292388	0.859060402685	0.131451040281	0.205882322664	0.0965517174792	0.844668345928
0.680315375328	0.25454064141	0.229508159097	0.205882292388	0.862416107383	0.135918148398	0.229508159097	0.0965517174792	0.850545759866
0.697304785252	0.226410409492	0.237288095375	0.176470536332	0.862416107383	0.137250777228	0.237288095375	0.0965517174792	0.852225020991
0.54489839077	0.230764615473	0.267857095026	0.176470536332	0.865771812081	0.149249696898	0.267857095026	0.103448268728	0.856423173804
0.742815315723	0.222217476092	0.306451563476	0.176470536332	0.859060402685	0.183570665456	0.306451563476	0.131034473722	0.858102434929
0.677057683468	0.245609135213	0.32812494873	0.205882292388	0.855704697987	0.200952669671	0.32812494873	0.144827576219	0.859781696054
0.594216883183	0.245609135213	0.36507930713	0.205882292388	0.855704697987	0.221149602059	0.36507930713	0.158620678716	0.863979848866
0.610771596432	0.218177018284	0.40298501448	0.176470536332	0.855704697987	0.254712634018	0.40298501448	0.18620688371	0.867338371117
0.564011156559	0.203384878026	0.434210469183	0.176470536332	0.842281879195	0.298637994376	0.434210469183	0.227586191201	0.869857262804
0.590687274933	0.196716312943	0.441860413737	0.176470536332	0.835570469799	0.32899962676	0.441860413737	0.262068947444	0.869857262804
0.53323841095	0.199995022343	0.438202197955	0.176470536332	0.838926174497	0.333328591271	0.438202197955	0.268965498692	0.869017632242
0.634914577007	0.196716312943	0.446808463105	0.176470536332	0.835570469799	0.351459633475	0.446808463105	0.289655152438	0.869857262804
0.616139888763	0.166661700145	0.442307649778	0.147058780277	0.832214765101	0.369473017596	0.442307649778	0.317241357432	0.868178001679
0.452578812838	0.16128531753	0.43362828021	0.147058780277	0.825503355705	0.379840008777	0.43362828021	0.337931011177	0.865659109992
0.475309431553	0.133328377959	0.4298245237	0.117647024221	0.825503355705	0.378373420854	0.4298245237	0.337931011177	0.864819479429
0.419312387705	0.137926135723	0.454545413223	0.117647024221	0.832214765101	0.392151926244	0.454545413223	0.344827562426	0.869857262804
