loss_weights	[0.20000000000000007, 0.7999999999999999]
lr	4.58213369084e-06
lstm_hidden_size	60
0.709199726582	0.227976484771	0.129360463236	0.687499785156	0.5	0.213170746527	0.129360463236	0.605442135684	0.448362720403
0.670535564423	0.229163865051	0.130307465149	0.687499785156	0.503355704698	0.214454911376	0.130307465149	0.605442135684	0.452560873216
0.687038719654	0.229163865051	0.131539609394	0.687499785156	0.503355704698	0.215683315382	0.131539609394	0.598639415059	0.462636439966
0.70224148035	0.222219385831	0.129713421875	0.656249794922	0.506711409396	0.212342702892	0.129713421875	0.585033973807	0.464315701092
0.72018879652	0.222219385831	0.132307690272	0.656249794922	0.506711409396	0.215806270986	0.132307690272	0.585033973807	0.475230898405
0.696610808372	0.222219385831	0.133748053907	0.656249794922	0.506711409396	0.217718484484	0.133748053907	0.585033973807	0.481108312343
0.673824071884	0.224596069697	0.135433068733	0.656249794922	0.513422818792	0.219945790657	0.135433068733	0.585033973807	0.487825356843
0.696426868439	0.228257971444	0.135350316316	0.656249794922	0.523489932886	0.219351759094	0.135350316316	0.578231253182	0.492023509656
0.701959609985	0.228257971444	0.13504822934	0.656249794922	0.523489932886	0.218462441699	0.13504822934	0.571428532556	0.495382031906
0.708034217358	0.230766307245	0.133333331165	0.656249794922	0.530201342282	0.215219977553	0.133333331165	0.557823091305	0.497900923594
0.687369763851	0.232041262513	0.133663364131	0.656249794922	0.53355704698	0.21513629439	0.133663364131	0.551020370679	0.503778337531
0.708995044231	0.23463390909	0.133555924315	0.656249794922	0.540268456376	0.214474041655	0.133555924315	0.544217650053	0.507976490344
0.680260062218	0.235952080582	0.131399315164	0.656249794922	0.543624161074	0.210092285727	0.131399315164	0.523809488176	0.513853904282
0.694517254829	0.237285146706	0.132530118201	0.656249794922	0.546979865772	0.211535232773	0.132530118201	0.523809488176	0.518052057095
0.730748832226	0.238633361349	0.132867130544	0.656249794922	0.55033557047	0.211401469948	0.132867130544	0.517006767551	0.523929471033
0.676931738853	0.238633361349	0.133928569037	0.656249794922	0.55033557047	0.212160773805	0.133928569037	0.510204046925	0.532325776658
0.70519888401	0.241376280919	0.134057968586	0.656249794922	0.557046979866	0.21172771686	0.134057968586	0.503401326299	0.537363560034
0.685487389565	0.245610964095	0.134579436737	0.656249794922	0.56711409396	0.211140307198	0.134579436737	0.489795885048	0.548278757347
0.666169703007	0.253008905539	0.13575525553	0.656249794922	0.58389261745	0.21193686693	0.13575525553	0.482993164422	0.556675062972
0.726292610168	0.257665524522	0.139215683545	0.656249794922	0.593959731544	0.216130461982	0.139215683545	0.482993164422	0.567590260285
