loss_weights	[0.17500000000000004, 0.825]
lr	0.00507228344067
lstm_hidden_size	20
0.752493798733	0.201002106049	0.116987177612	0.571428408163	0.46644295302	0.19010111489	0.116987177612	0.50694440924	0.477749790092
0.675113201141	0.109086241518	0.352941107266	0.0857142612245	0.835570469799	0.184611503039	0.352941107266	0.124999991319	0.866498740554
0.530244171619	0.238090320394	0.33522725368	0.285714204082	0.785234899329	0.36874502702	0.33522725368	0.409722193769	0.830394626364
0.434455573559	0.263153593482	0.298305074634	0.428571306122	0.718120805369	0.40090673507	0.298305074634	0.611111068673	0.779177162049
0.417319983244	0.256405243356	0.397590337495	0.285714204082	0.805369127517	0.425801449382	0.397590337495	0.458333301505	0.850545759866
0.406843364239	0.249995486396	0.360294104401	0.371428465306	0.738255033557	0.471149296918	0.360294104401	0.680555508295	0.815281276238
0.609168350697	0.245897507458	0.338658136145	0.428571306122	0.691275167785	0.463890630687	0.338658136145	0.736111059992	0.794290512175
0.421008825302	0.239995929667	0.362229090953	0.428571306122	0.681208053691	0.501066376974	0.362229090953	0.812499943576	0.804366078925
0.585683822632	0.235289925926	0.393835602951	0.399999885714	0.694630872483	0.527518487749	0.393835602951	0.798611055652	0.827036104114
0.290835291147	0.238527706501	0.406249985894	0.371428465306	0.721476510067	0.541662197181	0.406249985894	0.812499943576	0.833753148615
0.40680295229	0.22806588035	0.39222613455	0.371428465306	0.704697986577	0.519901828711	0.39222613455	0.770833279803	0.827875734677
0.291938364506	0.229003682836	0.399361009605	0.428571306122	0.661073825503	0.547041611725	0.399361009605	0.868055495274	0.826196473552
0.497614771128	0.213328298783	0.583892578262	0.228571363265	0.802013422819	0.593851616252	0.583892578262	0.604166624711	0.900083963056
0.641774296761	0.215049023111	0.493273520481	0.285714204082	0.755033557047	0.599450239924	0.493273520481	0.763888835841	0.876574307305
0.274204045534	0.199995028246	0.59444441142	0.228571363265	0.785234899329	0.660488848155	0.59444441142	0.743055503954	0.907640638119
0.166201338172	0.153841386452	0.579185494155	0.199999942857	0.741610738255	0.701365047133	0.579185494155	0.88888882716	0.908480268682
0.403859108686	0.184869766352	0.436482070473	0.31428562449	0.674496644295	0.594230660058	0.436482070473	0.930555490934	0.846347607053
0.340661346912	0.208328656787	0.507873995753	0.285714204082	0.744966442953	0.648236555423	0.507873995753	0.895833271123	0.882451721243
0.158807396889	0.220179086022	0.503623170159	0.342857044898	0.714765100671	0.661900224294	0.503623170159	0.965277710745	0.880772460118
0.202558889985	0.187495327805	0.527777756834	0.257142783673	0.738255033557	0.671712509725	0.527777756834	0.923611046971	0.890848026868
