loss_weights	[0.35, 0.65]
lr	1.25570369431e-05
lstm_hidden_size	80
0.726991713047	0.219509621617	0.11940298359	0.729729532506	0.355704697987	0.202957275128	0.11940298359	0.676056290419	0.366918555835
0.699679076672	0.220336320413	0.122207619945	0.702702512783	0.38255033557	0.205977411419	0.122207619945	0.654929531343	0.39798488665
0.714989304543	0.235291308564	0.121169914747	0.702702512783	0.43288590604	0.20232281967	0.121169914747	0.612676013192	0.424013434089
0.703717410564	0.23923151305	0.123308268822	0.675675493061	0.46644295302	0.203218904209	0.123308268822	0.577464748066	0.460117548279
0.686273276806	0.256407155329	0.124193546384	0.675675493061	0.513422818792	0.202096699779	0.124193546384	0.54225348294	0.489504617968
0.674175262451	0.256979932004	0.129562041431	0.621621453616	0.553691275168	0.205793826643	0.129562041431	0.499999964789	0.539882451721
0.694261848927	0.242771175829	0.133732532261	0.567567414171	0.560402684564	0.208394685931	0.133732532261	0.471830952688	0.572628043661
0.683102488518	0.257665170735	0.14347825775	0.567567414171	0.593959731544	0.219265490948	0.14347825775	0.464788699663	0.6053736356
0.678642094135	0.268452606691	0.145728639555	0.540540394449	0.634228187919	0.21481093066	0.145728639555	0.408450675461	0.643996641478
0.689913570881	0.238801937024	0.144578308898	0.432432315559	0.657718120805	0.20252744049	0.144578308898	0.338028145209	0.682619647355
0.658194005489	0.226082552825	0.154676253429	0.351351256392	0.701342281879	0.204757419372	0.154676253429	0.302816880083	0.719563392107
0.661755502224	0.194170116048	0.159999992889	0.270270197224	0.721476510067	0.196180531264	0.159999992889	0.253521108907	0.752308984047
0.654321908951	0.189468888762	0.160427798908	0.243243177502	0.741610738255	0.182365903256	0.160427798908	0.211267590756	0.774139378673
0.657471477985	0.202242287707	0.165517229964	0.243243177502	0.761744966443	0.1672423758	0.165517229964	0.169014072605	0.79932829555
0.645526885986	0.184205481437	0.136752125064	0.189189138057	0.791946308725	0.123547160795	0.136752125064	0.112676048403	0.809403862301
0.617893993855	0.115937021847	0.145631053822	0.10810807889	0.795302013423	0.122444096487	0.145631053822	0.105633795378	0.819479429051
0.636752963066	0.0645112958844	0.149425270181	0.0540540394449	0.805369127517	0.113532396603	0.149425270181	0.0915492893275	0.829554995802
0.636812508106	0.0689608742687	0.173913018273	0.0540540394449	0.818791946309	0.1137396637	0.173913018273	0.0845070363023	0.842989084803
0.65426170826	0.0727228432414	0.166666635802	0.0540540394449	0.828859060403	0.0918327334095	0.166666635802	0.0633802772267	0.850545759866
0.627391219139	0.074069732761	0.173913005671	0.0540540394449	0.832214765101	0.0851026778425	0.173913005671	0.0563380242015	0.855583543241
