loss_weights	[0.125, 0.875]
lr	0.000460987794153
lstm_hidden_size	80
0.621805131435	0.17777398307	0.133540368524	0.352941072664	0.627516778523	0.184149886063	0.133540368524	0.296551703686	0.680100755668
0.71474301815	0.193544375732	0.206666659778	0.352941072664	0.664429530201	0.278647279554	0.206666659778	0.427586177408	0.730478589421
0.572472155094	0.211263933806	0.213636358781	0.44117634083	0.624161073826	0.321363781883	0.213636358781	0.64827581736	0.666666666667
0.561168551445	0.241131057849	0.23513512878	0.499999852941	0.640939597315	0.337860018976	0.23513512878	0.599999958621	0.71368597817
0.614297866821	0.234479136321	0.255754469162	0.499999852941	0.627516778523	0.373130367676	0.255754469162	0.689655124851	0.717884130982
0.558891355991	0.244270928328	0.295580102332	0.470588096886	0.667785234899	0.422086629126	0.295580102332	0.737930983591	0.753988245172
0.587781131268	0.246149945622	0.301724129261	0.470588096886	0.671140939597	0.425959319355	0.301724129261	0.724137881094	0.762384550798
0.416643619537	0.239432943915	0.28999999275	0.499999852941	0.637583892617	0.425684152413	0.28999999275	0.799999944828	0.737195633921
0.393963098526	0.249996213291	0.308310983691	0.499999852941	0.657718120805	0.444011395588	0.308310983691	0.793103393579	0.758186397985
0.395927160978	0.259736785338	0.276729553947	0.588235121107	0.61744966443	0.424433709928	0.276729553947	0.910344764804	0.699412258606
0.433500468731	0.237283993176	0.381656793442	0.411764584775	0.697986577181	0.534157266942	0.381656793442	0.889655111058	0.811083123426
0.437676250935	0.22972615966	0.325980384167	0.499999852941	0.61744966443	0.481008771781	0.325980384167	0.917241316052	0.759026028547
0.329339057207	0.245897578673	0.376093283496	0.44117634083	0.691275167785	0.528684326071	0.376093283496	0.889655111058	0.806884970613
0.631082415581	0.25196454343	0.390173399128	0.470588096886	0.681208053691	0.549893982552	0.390173399128	0.931034418549	0.814441645676
0.313787609339	0.235290333104	0.374999989583	0.470588096886	0.651006711409	0.534649350487	0.374999989583	0.931034418549	0.8026868178
0.307517260313	0.245897578673	0.384615373658	0.44117634083	0.691275167785	0.544350679255	0.384615373658	0.931034418549	0.810243492863
0.389885663986	0.231880310918	0.344086012256	0.470588096886	0.644295302013	0.495160354855	0.344086012256	0.88275855981	0.780856423174
0.331499189138	0.235290333104	0.36170211804	0.470588096886	0.651006711409	0.522068899571	0.36170211804	0.937930969798	0.790931989924
0.320536524057	0.240736382107	0.461016933525	0.38235282872	0.724832214765	0.618177371209	0.461016933525	0.937930969798	0.858942065491
0.159399881959	0.242986273114	0.451178435987	0.38235282872	0.728187919463	0.606330405531	0.451178435987	0.924137867301	0.853904282116
