loss_weights	[0.07500000000000007, 0.9249999999999999]
lr	0.00105061994516
lstm_hidden_size	80
0.675101220608	0.142073746059	0.125211503804	0.433333188889	0.473154362416	0.199996778467	0.125211503804	0.49664426197	0.502938706969
0.562254309654	0.193048129894	0.156818180036	0.833333055556	0.298657718121	0.268219092483	0.156818180036	0.926174434485	0.367758186398
0.574926674366	0.229506021251	0.161327229275	0.933333022222	0.369127516779	0.275657329958	0.161327229275	0.946308661322	0.377833753149
0.536266863346	0.263733481492	0.212218646106	0.799999733333	0.55033557047	0.342409324351	0.212218646106	0.885905980812	0.574307304786
0.58767169714	0.212763252636	0.226016256488	0.666666444445	0.503355704698	0.363871196232	0.226016256488	0.93288584343	0.591939546599
0.311349242926	0.249997143627	0.244755240476	0.733333088889	0.557046979866	0.388346224816	0.244755240476	0.939597252376	0.629722921914
0.610524892807	0.234143820133	0.21060171618	0.799999733333	0.473154362416	0.347104530466	0.21060171618	0.986577114995	0.535684298908
0.274198353291	0.20778904373	0.297872334088	0.533333155556	0.590604026846	0.452338817915	0.297872334088	0.939597252376	0.715365239295
0.330065965652	0.242035094363	0.296842099014	0.633333122222	0.60067114094	0.451919427164	0.296842099014	0.946308661322	0.712846347607
0.292048066854	0.223681012856	0.32420090584	0.566666477778	0.604026845638	0.483812209137	0.32420090584	0.953020070267	0.745591939547
0.44425496459	0.234371374566	0.341968903058	0.499999833333	0.671140939597	0.493453906714	0.341968903058	0.885905980812	0.772460117548
0.275193303823	0.253161448523	0.317180609754	0.666666444445	0.604026845638	0.477608203676	0.317180609754	0.966442888158	0.735516372796
0.374814808369	0.243239978129	0.336515505095	0.5999998	0.624161073826	0.496474985586	0.336515505095	0.946308661322	0.75986565911
0.449008256197	0.234371374566	0.415662638082	0.499999833333	0.671140939597	0.573800273717	0.415662638082	0.926174434485	0.827875734677
0.356381803751	0.234371374566	0.409356713177	0.499999833333	0.671140939597	0.570260515128	0.409356713177	0.939597252376	0.822837951301
0.164923965931	0.213833389545	0.320261430931	0.566666477778	0.580536912752	0.48354891553	0.320261430931	0.986577114995	0.736356003359
0.306849300861	0.242420693347	0.413105401336	0.533333155556	0.664429530201	0.57999579291	0.413105401336	0.973154297104	0.823677581864
0.166686594486	0.236107779752	0.360097314839	0.566666477778	0.630872483221	0.528567504174	0.360097314839	0.99328852394	0.778337531486
0.338366687298	0.246373373287	0.385224264242	0.566666477778	0.651006711409	0.553026230875	0.385224264242	0.979865706049	0.801847187238
0.19135902822	0.232554534037	0.391999989547	0.499999833333	0.667785234899	0.561064610993	0.391999989547	0.986577114995	0.806884970613
