loss_weights	[0.375, 0.625]
lr	3.66642183206e-05
lstm_hidden_size	40
0.714425206184	0.272337521805	0.131687240992	0.780487614515	0.426174496644	0.221450605429	0.131687240992	0.695652123503	0.433249370277
0.689897835255	0.259256159587	0.133131616745	0.682926662701	0.463087248322	0.220272481001	0.133131616745	0.637681113212	0.47691015953
0.698404490948	0.26865344228	0.133768350183	0.658536424747	0.506711409396	0.218372493778	0.133768350183	0.594202855493	0.507136859782
0.731075406075	0.261776705725	0.13176895069	0.60975594884	0.526845637584	0.210979459853	0.13176895069	0.528985468914	0.541561712846
0.721017718315	0.239996384706	0.134387349123	0.512194997026	0.553691275168	0.211176750372	0.134387349123	0.492753587482	0.573467674223
0.7093719244	0.219350919528	0.140271490039	0.414634045211	0.593959731544	0.21378946974	0.140271490039	0.449275329763	0.617128463476
0.680584073067	0.23128846321	0.145888590295	0.414634045211	0.620805369128	0.213588301627	0.145888590295	0.398550695757	0.659949622166
0.64086163044	0.222217960025	0.15806451103	0.365853569304	0.647651006711	0.218745727323	0.15806451103	0.355072438038	0.706129303107
0.631658315659	0.199995468157	0.167938924888	0.292682855443	0.677852348993	0.219995469593	0.167938924888	0.318840556606	0.738035264484
0.647553324699	0.233004871434	0.160377350926	0.292682855443	0.734899328859	0.194280926811	0.160377350926	0.246376793741	0.76322418136
0.63271856308	0.157298366525	0.166666657088	0.170731665675	0.748322147651	0.18589249068	0.166666657088	0.210144912308	0.786733837112
0.587875723839	0.148143112499	0.155555544033	0.146341427722	0.768456375839	0.153841143342	0.155555544033	0.152173902016	0.80604534005
0.668375313282	0.162157176922	0.144144131158	0.146341427722	0.791946308725	0.128509104882	0.144144131158	0.115942020584	0.817800167926
0.521860063076	0.0882304803635	0.122222208642	0.0731707138608	0.791946308725	0.0964864414493	0.122222208642	0.0797101391514	0.827036104114
0.597953140736	0.0999956390757	0.0958903978232	0.0731707138608	0.818791946309	0.066346179415	0.0958903978232	0.0507246340055	0.834592779177
0.549291908741	0.0701713760396	0.117647035755	0.0487804759072	0.822147651007	0.0634881164785	0.117647035755	0.043478257719	0.851385390428
0.540246844292	0.0754681667688	0.0769230571992	0.0487804759072	0.835570469799	0.033894865808	0.0769230571992	0.0217391288595	0.856423173804
0.595798194408	0.0754681667688	0.115384571006	0.0487804759072	0.835570469799	0.0365826935313	0.115384571006	0.0217391288595	0.867338371117
0.584025025368	0.0754681667688	0.105263102493	0.0487804759072	0.835570469799	0.025475576468	0.105263102493	0.014492752573	0.871536523929
0.532703101635	0.0769197116818	0.0666666222223	0.0487804759072	0.838926174497	0.0130701254039	0.0666666222223	0.00724637628649	0.873215785055
