loss_weights	[0.050000000000000044, 0.95]
lr	1.49263183092e-05
lstm_hidden_size	80
0.67108386755	0.268452675154	0.136674256568	0.555555401235	0.634228187919	0.206181853316	0.136674256568	0.419580390239	0.612090680101
0.692020356655	0.259736643665	0.14347825775	0.555555401235	0.61744966443	0.218901847264	0.14347825775	0.461538429263	0.604534005038
0.683410584927	0.26414740719	0.141393439726	0.583333171296	0.607382550336	0.218696963244	0.141393439726	0.482517448775	0.586062132662
0.629138708115	0.26828922372	0.148809520857	0.611110941358	0.597315436242	0.231835807595	0.148809520857	0.524475487799	0.582703610411
0.666867494583	0.264364503938	0.14684014597	0.63888871142	0.570469798658	0.232008422834	0.14684014597	0.552447513815	0.560873215785
0.661844193935	0.276239876719	0.151408448039	0.694444251543	0.560402684564	0.241909578636	0.151408448039	0.601398559343	0.547439126784
0.629616856575	0.276239876719	0.150084314501	0.694444251543	0.560402684564	0.241844688685	0.150084314501	0.622377578855	0.531486146096
0.683261990547	0.271735953486	0.145161287981	0.694444251543	0.55033557047	0.235907826117	0.145161287981	0.629370585359	0.510495382032
0.660813510418	0.2604135927	0.146153843905	0.694444251543	0.523489932886	0.239593506904	0.146153843905	0.664335617879	0.493702770781
0.590059280396	0.246302476678	0.144542770729	0.694444251543	0.486577181208	0.238730369552	0.144542770729	0.685314637391	0.475230898405
0.677410364151	0.235846214878	0.147142855041	0.694444251543	0.456375838926	0.244362538895	0.147142855041	0.720279669911	0.465155331654
0.696041882038	0.229355019812	0.144827584209	0.694444251543	0.436241610738	0.241932726225	0.144827584209	0.734265682918	0.44752308984
0.669012606144	0.222219514501	0.143236072371	0.694444251543	0.412751677852	0.240799990137	0.143236072371	0.75524470243	0.428211586902
0.723568975925	0.229072200927	0.144155842284	0.722222021605	0.412751677852	0.243151788735	0.144155842284	0.776223721942	0.419815281276
0.660697817802	0.227071566172	0.144853873636	0.722222021605	0.406040268456	0.245158682673	0.144853873636	0.797202741454	0.410579345088
0.640333473682	0.223173333855	0.143558280447	0.722222021605	0.392617449664	0.244256327819	0.143558280447	0.818181760966	0.392107472712
0.689361572266	0.219406687705	0.14405762132	0.722222021605	0.379194630872	0.245899133344	0.14405762132	0.839160780478	0.382031905961
0.670680761337	0.217570644801	0.143192486582	0.722222021605	0.372483221477	0.245223664478	0.143192486582	0.853146793486	0.369437447523
0.641276061535	0.238680583948	0.141868510474	0.80555533179	0.379194630872	0.243561920875	0.141868510474	0.86013979999	0.35852225021
0.601393043995	0.234815304653	0.141216990342	0.80555533179	0.365771812081	0.242601122787	0.141216990342	0.86013979999	0.35516372796
