loss_weights	[0.125, 0.875]
lr	0.000601367193359
lstm_hidden_size	60
0.695152342319	0.200954598135	0.134193546656	0.749999732143	0.439597315436	0.224619295897	0.134193546656	0.688741676242	0.397145256087
0.655173480511	0.223599583386	0.185639226171	0.642856913265	0.580536912752	0.293625492744	0.185639226171	0.701986708478	0.571788413098
0.69187515974	0.232255074335	0.208661413215	0.642856913265	0.60067114094	0.321696002397	0.208661413215	0.701986708478	0.624685138539
0.599799692631	0.26760243011	0.232905977929	0.678571186225	0.651006711409	0.35217723697	0.232905977929	0.721854256831	0.663308144416
0.58486533165	0.262770432135	0.255033551342	0.642856913265	0.661073825503	0.381267115338	0.255033551342	0.754966837419	0.689336691856
0.496196746826	0.277368970148	0.292978201139	0.678571186225	0.667785234899	0.429074077987	0.292978201139	0.801324450243	0.729638958858
0.518859148026	0.26771305603	0.31347149447	0.607142640306	0.687919463087	0.45064770988	0.31347149447	0.801324450243	0.752308984047
0.306805729866	0.274190007848	0.334261829129	0.607142640306	0.697986577181	0.470584048557	0.334261829129	0.794701934126	0.773299748111
0.456332594156	0.268453287724	0.300668144751	0.714285459184	0.634228187919	0.44999621842	0.300668144751	0.894039675891	0.722921914358
0.429149657488	0.252097199401	0.360881532758	0.535714094388	0.701342281879	0.50972345724	0.360881532758	0.867549611421	0.788413098237
0.466832578182	0.224295159469	0.429065729098	0.42857127551	0.721476510067	0.563631829891	0.429065729098	0.821191998597	0.83879093199
0.329378932714	0.247930286233	0.388235282699	0.535714094388	0.694630872483	0.537673926722	0.388235282699	0.874172127538	0.809403862301
0.3964420259	0.223877257789	0.368279559992	0.535714094388	0.651006711409	0.523896446405	0.368279559992	0.907284708127	0.790931989924
0.295324027538	0.265621540571	0.377358480395	0.607142640306	0.684563758389	0.536394335038	0.377358480395	0.92715225648	0.796809403862
0.35193157196	0.220468968991	0.390173399128	0.499999821429	0.667785234899	0.543255305224	0.390173399128	0.894039675891	0.809403862301
0.370636224747	0.265621540571	0.371052621814	0.607142640306	0.684563758389	0.53106935629	0.371052621814	0.933774772598	0.790931989924
0.39670804143	0.215682249208	0.461538446102	0.392857002551	0.731543624161	0.613328846946	0.461538446102	0.913907224245	0.853904282116
0.3957926929	0.247783839041	0.445859858412	0.499999821429	0.714765100671	0.602146126151	0.445859858412	0.92715225648	0.844668345928
0.382960319519	0.241375606476	0.440251558483	0.499999821429	0.704697986577	0.597010533899	0.440251558483	0.92715225648	0.841309823678
0.282032251358	0.255315929821	0.341176462561	0.642856913265	0.647651006711	0.503468336196	0.341176462561	0.960264837069	0.75986565911
