loss_weights	[0.35, 0.65]
lr	0.000513165495515
lstm_hidden_size	80
0.69530826807	0.220776055028	0.123505973635	0.566666477778	0.597315436242	0.190472654825	0.123505973635	0.416107354624	0.557514693535
0.474138051271	0.0	0.0	0.0	0.895973154362	0.0	0.0	0.0	0.873215785055
0.526020944118	0.0	0.0	0.0	0.895973154362	0.0	0.0	0.0	0.874055415617
0.376015305519	0.0	0.749998125005	0.0	0.895973154362	0.0392151719479	0.749998125005	0.0201342268366	0.876574307305
0.356623858213	0.05555274705	0.695651871456	0.0333333222222	0.885906040268	0.18604417323	0.695651871456	0.107382543129	0.882451721243
0.27911028266	0.139530600451	0.624999869792	0.0999999666667	0.875838926174	0.304564811299	0.624999869792	0.201342268366	0.88497061293
0.738290131092	0.269225784112	0.638888800154	0.233333255556	0.872483221477	0.416285162103	0.638888800154	0.308724811495	0.891687657431
0.562062382698	0.178566390445	0.650602331253	0.166666611111	0.845637583893	0.465512605946	0.650602331253	0.362416083059	0.895885810243
0.319066733122	0.178566390445	0.6823528609	0.166666611111	0.845637583893	0.495721827423	0.6823528609	0.389261718841	0.900923593619
0.346899598837	0.156244970862	0.610619414989	0.166666611111	0.818791946309	0.52671261149	0.610619414989	0.463087217242	0.895885810243
0.392444223166	0.117642168596	0.712499910938	0.0999999666667	0.848993288591	0.497812004389	0.712499910938	0.382550309896	0.903442485306
0.258490651846	0.258059438182	0.754901886774	0.266666577778	0.845637583893	0.613540943198	0.754901886774	0.516778488807	0.918555835432
0.305941104889	0.0727222879414	0.733333263492	0.0666666444445	0.828859060403	0.606294314937	0.733333263492	0.516778488807	0.916036943745
0.347481191158	0.21211618928	0.733870908559	0.233333255556	0.825503355705	0.666661659793	0.733870908559	0.610738214044	0.923593618808
0.411500990391	0.215381032011	0.314465398916	0.466666511111	0.657718120805	0.42826116113	0.314465398916	0.671140894554	0.775818639798
0.420337110758	0.263153047178	0.560509518439	0.333333222222	0.812080536913	0.575158364561	0.560509518439	0.590603987208	0.890848026868
0.263449639082	0.242419210386	0.720338922005	0.266666577778	0.832214765101	0.636699139597	0.720338922005	0.570469760371	0.918555835432
0.373075485229	0.254897758622	0.449999979545	0.433333188889	0.744966442953	0.536580521925	0.449999979545	0.664429485609	0.856423173804
0.33929386735	0.252627204506	0.470851996823	0.399999866667	0.761744966443	0.564511296578	0.470851996823	0.704697939282	0.863979848866
0.220320612192	0.282046476082	0.664179054912	0.366666544444	0.812080536913	0.628970234654	0.664179054912	0.597315396153	0.911838790932
