loss_weights	[0.375, 0.625]
lr	1.33429902852e-06
lstm_hidden_size	40
0.667255818844	0.27777454695	0.129844958724	0.694444251543	0.563758389262	0.203334987219	0.129844958724	0.468531435767	0.55919395466
0.680731594563	0.279326364382	0.130350192017	0.694444251543	0.56711409396	0.20395397025	0.130350192017	0.468531435767	0.560873215785
0.646667122841	0.280895618014	0.128906247482	0.694444251543	0.570469798658	0.201523298327	0.128906247482	0.461538429263	0.560873215785
0.692726671696	0.271183169626	0.129921257285	0.666666481482	0.56711409396	0.202761542574	0.129921257285	0.461538429263	0.564231738035
0.696835398674	0.271183169626	0.130693066719	0.666666481482	0.56711409396	0.203700257879	0.130693066719	0.461538429263	0.566750629723
0.692466020584	0.261360352571	0.131212721049	0.63888871142	0.563758389262	0.204330911837	0.131212721049	0.461538429263	0.568429890848
0.70605558157	0.264364503938	0.13199999736	0.63888871142	0.570469798658	0.205284248805	0.13199999736	0.461538429263	0.570948782536
0.68324971199	0.264364503938	0.132530117821	0.63888871142	0.570469798658	0.205924764357	0.132530117821	0.461538429263	0.572628043661
0.698901355267	0.264364503938	0.133603236162	0.63888871142	0.570469798658	0.207217861748	0.133603236162	0.461538429263	0.575986565911
0.659590899944	0.265892627258	0.134146338737	0.63888871142	0.573825503356	0.207870519595	0.134146338737	0.461538429263	0.577665827036
0.68415749073	0.265892627258	0.134146338737	0.63888871142	0.573825503356	0.207870519595	0.134146338737	0.461538429263	0.577665827036
0.689273715019	0.257306587369	0.135245898868	0.611110941358	0.573825503356	0.209188247225	0.135245898868	0.461538429263	0.581024349286
0.660052895546	0.258820160596	0.135245898868	0.611110941358	0.577181208054	0.209188247225	0.135245898868	0.461538429263	0.581024349286
0.666922569275	0.258820160596	0.135802466342	0.611110941358	0.577181208054	0.20985339594	0.135802466342	0.461538429263	0.582703610411
0.659706056118	0.258820160596	0.137214134361	0.611110941358	0.577181208054	0.211534921831	0.137214134361	0.461538429263	0.586901763224
0.659147143364	0.258820160596	0.135699370862	0.611110941358	0.577181208054	0.208999667816	0.135699370862	0.454545422759	0.586901763224
0.674993872643	0.263469640403	0.136268340959	0.611110941358	0.587248322148	0.209673863692	0.136268340959	0.454545422759	0.588581024349
0.665826916695	0.265056812353	0.135021094198	0.611110941358	0.590604026846	0.207451861817	0.135021094198	0.447552416255	0.589420654912
0.650935769081	0.266663222816	0.133757958944	0.611110941358	0.593959731544	0.205208146621	0.133757958944	0.440559409751	0.590260285474
0.670095860958	0.266663222816	0.13404255034	0.611110941358	0.593959731544	0.205542908817	0.13404255034	0.440559409751	0.591099916037
