loss_weights	[0.35, 0.65]
lr	0.00138262321794
lstm_hidden_size	40
0.668370902538	0.0941129912314	0.0912863032661	0.129032216441	0.741610738255	0.11310582001	0.0912863032661	0.148648638605	0.710327455919
0.492565333843	0.0	0.0	0.0	0.895973154362	0.0	0.0	0.0	0.875734676742
0.24262149632	0.0571408000683	0.615384142012	0.0322580541103	0.889261744966	0.099377385153	0.615384142012	0.0540540504018	0.87825356843
0.379491090775	0.108105332425	0.545454380165	0.0645161082206	0.889261744966	0.198892024097	0.545454380165	0.121621613404	0.87825356843
0.293014705181	0.249995321264	0.579710060912	0.193548324662	0.879194630872	0.368659223224	0.579710060912	0.270270252009	0.88497061293
0.397562325001	0.279995176079	0.571428508634	0.225806378772	0.879194630872	0.435141691548	0.571428508634	0.351351327611	0.886649874055
0.265200763941	0.166662022695	0.637681067003	0.129032216441	0.865771812081	0.405525579269	0.637681067003	0.29729727721	0.891687657431
0.415008276701	0.260865056784	0.688888812346	0.193548324662	0.885906040268	0.521003656564	0.688888812346	0.418918890614	0.904282115869
0.232322067022	0.212761376283	0.70212758488	0.161290270552	0.875838926174	0.545449749375	0.70212758488	0.445945915814	0.907640638119
0.252344727516	0.13043033096	0.742857072109	0.0967741623309	0.865771812081	0.616595886242	0.742857072109	0.527026991417	0.918555835432
0.191068425775	0.24999496821	0.710526253463	0.225806378772	0.859060402685	0.618315647729	0.710526253463	0.547297260318	0.916036943745
0.262509167194	0.196716248447	0.684210474871	0.193548324662	0.835570469799	0.647681800927	0.684210474871	0.61486482332	0.916876574307
0.220778390765	0.166661616816	0.713235241674	0.161290270552	0.832214765101	0.683093552407	0.713235241674	0.655405361121	0.92443324937
0.261182069778	0.229503122925	0.659999956	0.225806378772	0.842281879195	0.664424485872	0.659999956	0.668918873722	0.916036943745
0.319197654724	0.190471131399	0.642857096939	0.193548324662	0.828859060403	0.624994960495	0.642857096939	0.60810806702	0.909319899244
0.3915130198	0.140840111261	0.666666626984	0.161290270552	0.795302013423	0.708855734693	0.666666626984	0.756756705625	0.922753988245
0.377914190292	0.173908044669	0.703225761082	0.193548324662	0.808724832215	0.719466902408	0.703225761082	0.736486436724	0.928631402183
0.274031579494	0.179099452132	0.675324631472	0.193548324662	0.815436241611	0.688736678252	0.675324631472	0.702702655223	0.92107472712
0.192511543632	0.199994939014	0.75342460593	0.193548324662	0.838926174497	0.748294269088	0.75342460593	0.743243193024	0.937867338371
0.252020299435	0.187494946422	0.770700587853	0.193548324662	0.825503355705	0.793437575307	0.770700587853	0.817567512327	0.947103274559
