loss_weights	[0.10000000000000009, 0.8999999999999999]
lr	0.000144332576788
lstm_hidden_size	20
0.659810066223	0.221474073717	0.118811880012	0.78571409864	0.221476510067	0.209239392424	0.118811880012	0.875912344824	0.238455079765
0.651895642281	0.230506016917	0.123123121891	0.80952361678	0.238255033557	0.216547170891	0.123123121891	0.897810153445	0.252728799328
0.706725776196	0.236108603421	0.127049179026	0.80952361678	0.261744966443	0.222819041182	0.127049179026	0.905109422985	0.273719563392
0.696583271027	0.239434082549	0.127572015148	0.80952361678	0.275167785235	0.223622717796	0.127572015148	0.905109422985	0.277078085642
0.678496718407	0.245484774232	0.131774706357	0.80952361678	0.298657718121	0.230053435659	0.131774706357	0.905109422985	0.303106633081
0.642091393471	0.248172568624	0.134490237153	0.80952361678	0.308724832215	0.234180934661	0.134490237153	0.905109422985	0.31905961377
0.649807274342	0.262169613852	0.143523918979	0.833333134921	0.338926174497	0.247482527886	0.143523918979	0.897810153445	0.371956339211
0.619101703167	0.273434735745	0.149090907284	0.833333134921	0.375838926174	0.255714807813	0.149090907284	0.897810153445	0.398824517212
0.651434719563	0.275300798927	0.155414010759	0.80952361678	0.39932885906	0.264639546492	0.155414010759	0.890510883904	0.430730478589
0.612725675106	0.271602056627	0.157552081282	0.78571409864	0.406040268456	0.267400739733	0.157552081282	0.883211614364	0.443324937028
0.607156157494	0.293100457818	0.165991900594	0.80952361678	0.44966442953	0.280179592207	0.165991900594	0.897810153445	0.469353484467
0.673835635185	0.286992432617	0.170487103575	0.761904580499	0.46644295302	0.285027190273	0.170487103575	0.868613075284	0.498740554156
0.660438716412	0.276187249923	0.1775417272	0.690476026077	0.489932885906	0.293966992117	0.1775417272	0.854014536203	0.528127623846
0.593648076057	0.260866305438	0.180533749128	0.642856989796	0.486577181208	0.297154701636	0.180533749128	0.839415997123	0.543240973971
0.583100497723	0.267323412451	0.186195823657	0.642856989796	0.503355704698	0.305260194523	0.186195823657	0.846715266663	0.556675062972
0.645095348358	0.271353426469	0.192052976953	0.642856989796	0.513422818792	0.313087395878	0.192052976953	0.846715266663	0.572628043661
0.697771906853	0.260413221616	0.194827582848	0.595237953515	0.523489932886	0.315199131465	0.194827582848	0.824817458043	0.587741393787
0.575046360493	0.272723902704	0.196891188309	0.642856989796	0.51677852349	0.318432650735	0.196891188309	0.832116727583	0.590260285474
0.589223444462	0.278347094312	0.202127655991	0.642856989796	0.530201342282	0.325246489313	0.202127655991	0.832116727583	0.602854743913
0.573941886425	0.270266731382	0.209944747515	0.595237953515	0.546979865772	0.335290890212	0.209944747515	0.832116727583	0.620486985726
