loss_weights	[0.2250000000000001, 0.7749999999999999]
lr	0.0035346441442
lstm_hidden_size	80
0.664569497108	0.192087340212	0.150709217186	0.515151359045	0.520134228188	0.239433346047	0.150709217186	0.582191740946	0.546599496222
0.525332808495	0.193543345602	0.374999963942	0.181818126722	0.832214765101	0.311995116236	0.374999963942	0.267123269375	0.855583543241
0.367912709713	0.14034595277	0.519999930667	0.121212084481	0.835570469799	0.352936660649	0.519999930667	0.267123269375	0.879932829555
0.286563903093	0.23528969443	0.314285701458	0.363636253444	0.738255033557	0.393857193036	0.314285701458	0.527397224151	0.801007556675
0.503564476967	0.208328949741	0.617021145315	0.151515105601	0.872483221477	0.300514419224	0.617021145315	0.198630123381	0.886649874055
0.451483130455	0.218744936638	0.531914855893	0.212121147842	0.832214765101	0.522643048768	0.531914855893	0.513698594952	0.88497061293
0.551015555859	0.168669868041	0.386597918217	0.212121147842	0.768456375839	0.441171544345	0.386597918217	0.513698594952	0.840470193115
0.313550144434	0.174995109509	0.454054029511	0.212121147842	0.778523489933	0.507547908884	0.454054029511	0.575342426346	0.863140218304
0.388836085796	0.202242479592	0.398305067868	0.272727190083	0.761744966443	0.492141848679	0.398305067868	0.64383557234	0.837111670865
0.493192613125	0.29544979088	0.433035694954	0.393939274564	0.791946308725	0.524319518232	0.433035694954	0.664383516138	0.852225020991
0.295712500811	0.189184196623	0.574074038637	0.212121147842	0.798657718121	0.603891078216	0.574074038637	0.636986257741	0.897565071369
0.356140196323	0.293328327194	0.538461510848	0.333333232323	0.822147651007	0.615830844287	0.538461510848	0.719178032933	0.890008396306
0.225225389004	0.189184196623	0.662576646468	0.212121147842	0.798657718121	0.699024096138	0.662576646468	0.739725976731	0.921914357683
0.352293848991	0.199995103242	0.533333305983	0.242424168962	0.785234899329	0.609965741992	0.533333305983	0.712328718334	0.888329135181
0.236557915807	0.24999525577	0.531818157645	0.333333232323	0.778523489933	0.63933943179	0.531818157645	0.801369808125	0.889168765743
0.273623138666	0.22988029604	0.563876627142	0.303030211203	0.775167785235	0.686322276769	0.563876627142	0.876712268718	0.901763224181
0.206248492002	0.236837129603	0.664772689502	0.272727190083	0.805369127517	0.726703072832	0.664772689502	0.801369808125	0.926112510495
0.226356804371	0.301364826503	0.646408804066	0.333333232323	0.828859060403	0.715591343823	0.646408804066	0.801369808125	0.921914357683
0.424036085606	0.225347074103	0.625640993557	0.242424168962	0.815436241611	0.715537583302	0.625640993557	0.835616381122	0.918555835432
0.186939999461	0.285709447358	0.603773556426	0.363636253444	0.798657718121	0.715078928905	0.603773556426	0.876712268718	0.91435768262
