loss_weights	[0.35, 0.65]
lr	0.00215168972981
lstm_hidden_size	20
0.657014369965	0.115698214758	0.0793650772655	0.189189138057	0.640939597315	0.115380640965	0.0793650772655	0.211267590756	0.613769941226
0.482266664505	0.0	0.0	0.0	0.875838926174	0.0	0.0	0.0	0.880772460118
0.541202783585	0.0	0.0	0.0	0.875838926174	0.0	0.0	0.0	0.880772460118
0.390892654657	0.0	0.999995000025	0.0	0.875838926174	0.0277775000014	0.999995000025	0.0140845060504	0.882451721243
0.509697675705	0.0	0.857141632655	0.0	0.869127516779	0.080536006495	0.857141632655	0.0422535181512	0.88497061293
0.394478946924	0.0512810519539	0.842104819945	0.0270270197224	0.875838926174	0.198755657596	0.842104819945	0.112676048403	0.891687657431
0.443976134062	0.0851029969616	0.555555452675	0.0540540394449	0.855704697987	0.306118425708	0.555555452675	0.211267590756	0.885810243493
0.601490020752	0.290904581884	0.666666570048	0.216216157779	0.869127516779	0.436014514543	0.666666570048	0.323943639159	0.900083963056
0.517298519611	0.0487787032133	0.860464916171	0.0270270197224	0.869127516779	0.399996388636	0.860464916171	0.260563361932	0.906801007557
0.338422119617	0.188674959154	0.720588129325	0.135135098612	0.855704697987	0.466662243125	0.720588129325	0.345070398234	0.905961376994
0.174484744668	0.230765037055	0.6097560232	0.162162118335	0.865771812081	0.446423890354	0.6097560232	0.35211265126	0.895885810243
0.23591555655	0.305079965599	0.663157824931	0.243243177502	0.862416107383	0.531640721438	0.663157824931	0.443661940587	0.906801007557
0.35311371088	0.275857354417	0.679999932	0.216216157779	0.859060402685	0.561978575276	0.679999932	0.478873205713	0.910999160369
0.218556076288	0.119996104122	0.746835348502	0.0810810591673	0.852348993289	0.533932009622	0.746835348502	0.415492928486	0.913518052057
0.311564713717	0.210521686771	0.724770575709	0.162162118335	0.848993288591	0.629477108021	0.724770575709	0.55633798899	0.921914357683
0.24413844943	0.17856688149	0.78640769064	0.135135098612	0.845637583893	0.661219562552	0.78640769064	0.570422495041	0.930310663308
0.253937572241	0.196716474182	0.730769174556	0.162162118335	0.835570469799	0.69852437017	0.730769174556	0.669014037393	0.931150293871
0.152757257223	0.193543512086	0.729323253434	0.162162118335	0.832214765101	0.705449499539	0.729323253434	0.683098543444	0.931989924433
0.127914756536	0.271181672014	0.688405747217	0.216216157779	0.855704697987	0.678566381159	0.688405747217	0.669014037393	0.92443324937
0.250421136618	0.225801566179	0.836363560331	0.189189138057	0.838926174497	0.730153752868	0.836363560331	0.647887278318	0.942905121746
