loss_weights	[0.375, 0.625]
lr	0.00087269899727
lstm_hidden_size	80
0.6685552001	0.25316068184	0.111827954584	0.487804759072	0.604026845638	0.172467443177	0.111827954584	0.376811566898	0.581024349286
0.704752326012	0.0	0.0	0.0	0.859060402685	0.0	0.0	0.0	0.884130982368
0.374708890915	0.0454532541644	0.714284693879	0.0243902379536	0.859060402685	0.0689645888339	0.714284693879	0.0362318814325	0.886649874055
0.202853798866	0.0465107193208	0.899999100001	0.0243902379536	0.862416107383	0.121620345154	0.899999100001	0.0652173865785	0.890848026868
0.373198747635	0.241375083305	0.554216800697	0.170731665675	0.852348993289	0.416284864818	0.554216800697	0.333333309179	0.891687657431
0.317867994308	0.199995605649	0.632352848183	0.146341427722	0.838926174497	0.41747126501	0.632352848183	0.311594180319	0.899244332494
0.311610668898	0.218177943867	0.702702607743	0.146341427722	0.855704697987	0.490561447176	0.702702607743	0.376811566898	0.909319899244
0.445387810469	0.254541566998	0.723076811834	0.170731665675	0.862416107383	0.463049788194	0.723076811834	0.340579685465	0.908480268682
0.443450719118	0.259735213454	0.38922153358	0.243902379536	0.808724832215	0.426224525508	0.38922153358	0.471014458622	0.853064651553
0.230278611183	0.208330755236	0.847825902647	0.121951189768	0.872483221477	0.423909247434	0.847825902647	0.282608675173	0.910999160369
0.156597152352	0.241375083305	0.611940207173	0.170731665675	0.852348993289	0.399995560786	0.611940207173	0.297101427746	0.896725440806
0.224665358663	0.249995988581	0.774647778219	0.170731665675	0.859060402685	0.526311252986	0.774647778219	0.398550695757	0.916876574307
0.216384992003	0.22950371414	0.787499901563	0.170731665675	0.842281879195	0.577976952314	0.787499901563	0.456521706049	0.922753988245
0.184299409389	0.246149112514	0.752380880726	0.195121903629	0.835570469799	0.650200800051	0.752380880726	0.572463726633	0.928631402183
0.212770760059	0.257137930704	0.717948656586	0.219512141582	0.825503355705	0.658818511687	0.717948656586	0.608695608066	0.926952141058
0.233765095472	0.290318007353	0.819148849027	0.219512141582	0.852348993289	0.663788226105	0.819148849027	0.55797097406	0.934508816121
0.252162694931	0.281685181596	0.779660950876	0.243902379536	0.828859060403	0.7187449744	0.779660950876	0.666666618357	0.939546599496
0.257408350706	0.304342819078	0.449339187254	0.34146333135	0.785234899329	0.558899376283	0.449339187254	0.739130381222	0.864819479429
0.0750126391649	0.208950412226	0.721739067675	0.170731665675	0.822147651007	0.656121471706	0.721739067675	0.601449231779	0.926952141058
0.177422061563	0.253516175456	0.633333291111	0.219512141582	0.822147651007	0.659717185126	0.633333291111	0.688405747217	0.91771620487
