loss_weights	[0.15000000000000002, 0.85]
lr	0.00224305758737
lstm_hidden_size	40
0.689210772514	0.160424681349	0.10902895896	0.416666550926	0.473154362416	0.175339310659	0.10902895896	0.447552416255	0.494542401343
0.547900259495	0.253516056437	0.314102543968	0.249999930556	0.822147651007	0.327754184929	0.314102543968	0.342657318695	0.831234256927
0.638039171696	0.252868653812	0.33333331723	0.305555470679	0.781879194631	0.394280858998	0.33333331723	0.482517448775	0.821998320739
0.577222287655	0.199994947064	0.421686721585	0.194444390432	0.812080536913	0.453069432088	0.421686721585	0.489510455279	0.858102434929
0.361442059278	0.270828589491	0.388429736015	0.361111010802	0.765100671141	0.488306993602	0.388429736015	0.657342611375	0.834592779177
0.320252895355	0.303025613783	0.368821278752	0.416666550926	0.768456375839	0.477827925618	0.368821278752	0.678321630887	0.821998320739
0.31860679388	0.172834525366	0.472361785308	0.194444390432	0.775167785235	0.549702704294	0.472361785308	0.657342611375	0.870696893367
0.382360547781	0.207542645166	0.37828946124	0.305555470679	0.718120805369	0.514537012684	0.37828946124	0.804195747958	0.817800167926
0.512375175953	0.277773281964	0.368580049288	0.416666550926	0.738255033557	0.514763697359	0.368580049288	0.853146793486	0.806884970613
0.442807108164	0.263731423828	0.478260850662	0.333333240741	0.775167785235	0.611106466084	0.478260850662	0.846153786982	0.870696893367
0.315583705902	0.265301420323	0.410596012894	0.361111010802	0.758389261745	0.557298984102	0.410596012894	0.867132806494	0.834592779177
0.455784797668	0.266661807494	0.447368404234	0.333333240741	0.778523489933	0.581902514248	0.447368404234	0.832167773974	0.856423173804
0.38555726409	0.247614494413	0.431818167798	0.361111010802	0.734899328859	0.58979608658	0.431818167798	0.93006986503	0.844668345928
0.269474118948	0.292677929887	0.529953892629	0.333333240741	0.805369127517	0.638884064696	0.529953892629	0.804195747958	0.890848026868
0.254513919353	0.263731423828	0.541850196394	0.333333240741	0.775167785235	0.664860086666	0.541850196394	0.86013979999	0.895885810243
0.319902449846	0.25531436858	0.464788716029	0.333333240741	0.765100671141	0.618262495192	0.464788716029	0.923076858526	0.863140218304
0.323076158762	0.236837056892	0.623711308056	0.249999930556	0.805369127517	0.718095962136	0.623711308056	0.846153786982	0.920235096558
0.531997442245	0.25531436858	0.510460229688	0.333333240741	0.765100671141	0.63873873787	0.510460229688	0.853146793486	0.884130982368
0.24102704227	0.224485102137	0.48880595191	0.305555470679	0.744966442953	0.637465017881	0.48880595191	0.916083852022	0.87489504618
0.256919145584	0.263731423828	0.597285040847	0.333333240741	0.775167785235	0.725269915048	0.597285040847	0.923076858526	0.916036943745
