loss_weights	[0.275, 0.725]
lr	0.00858405642289
lstm_hidden_size	80
0.733663260937	0.18704642625	0.151282047403	0.351351256392	0.620805369128	0.22180058956	0.151282047403	0.415492928486	0.652392947103
0.667340815067	0.0	0.333333055556	0.0	0.872483221477	0.0519466082358	0.333333055556	0.0281690121008	0.877413937867
0.483671277761	0.122445231264	0.543478142722	0.0810810591673	0.855704697987	0.265953722324	0.543478142722	0.17605632563	0.884130982368
0.495284110308	0.151510179224	0.297297270514	0.135135098612	0.812080536913	0.260864619756	0.297297270514	0.232394349831	0.842989084803
0.366034835577	0.219775346079	0.399999976471	0.270270197224	0.761744966443	0.435892448281	0.399999976471	0.478873205713	0.852225020991
0.289154469967	0.257137800097	0.537735798327	0.243243177502	0.825503355705	0.459672487695	0.537735798327	0.401408422436	0.887489504618
0.369917571545	0.188674959154	0.627118537777	0.135135098612	0.855704697987	0.368155019972	0.627118537777	0.260563361932	0.893366918556
0.492340356112	0.235289087475	0.471698068708	0.216216157779	0.825503355705	0.403220879352	0.471698068708	0.35211265126	0.875734676742
0.370177358389	0.24657027595	0.447204941167	0.243243177502	0.815436241611	0.475242513096	0.447204941167	0.507042217814	0.866498740554
0.434594631195	0.238800953544	0.582733771026	0.216216157779	0.828859060403	0.576507415096	0.582733771026	0.570422495041	0.900083963056
0.455919146538	0.258059620277	0.55199995584	0.216216157779	0.845637583893	0.516848914186	0.55199995584	0.485915458738	0.891687657431
0.254208564758	0.206891860983	0.669902847582	0.162162118335	0.845637583893	0.563260386881	0.669902847582	0.485915458738	0.910159529807
0.260004580021	0.289468611582	0.525139635467	0.297297216947	0.818791946309	0.585664811913	0.525139635467	0.661971784368	0.888329135181
0.318375200033	0.316826977815	0.478991576513	0.432432315559	0.768456375839	0.599995287571	0.478991576513	0.802816844872	0.872376154492
0.461329966784	0.282823544614	0.456140330871	0.378378276114	0.761744966443	0.562157401939	0.456140330871	0.73239431462	0.863979848866
0.230216860771	0.292677903118	0.545454514463	0.324324236669	0.805369127517	0.60376860413	0.545454514463	0.676056290419	0.894206549118
0.251212954521	0.249995210593	0.482456119191	0.324324236669	0.758389261745	0.594589832616	0.482456119191	0.774647832771	0.874055415617
0.28860360384	0.304342951399	0.51813468818	0.378378276114	0.785234899329	0.597010005654	0.51813468818	0.704225302519	0.886649874055
0.118306964636	0.263731380356	0.562130144253	0.324324236669	0.775167785235	0.610927474322	0.562130144253	0.669014037393	0.898404701931
0.218138992786	0.279565041127	0.567164150887	0.351351256392	0.775167785235	0.664718141286	0.567164150887	0.802816844872	0.903442485306
