loss_weights	[0.125, 0.875]
lr	0.00726141451603
lstm_hidden_size	40
0.678447186947	0.29059354818	0.101503755583	0.386363548554	0.721476510067	0.134658868687	0.101503755583	0.199999985185	0.708648194794
0.63646042347	0.247417672541	0.298429303747	0.272727210744	0.755033557047	0.349688377688	0.298429303747	0.422222190947	0.821998320739
0.696861088276	0.222217204805	0.42622947326	0.204545408058	0.788590604027	0.404664242064	0.42622947326	0.385185156653	0.871536523929
0.590895116329	0.318579259214	0.296928317511	0.409090816116	0.741610738255	0.406537718515	0.296928317511	0.644444396708	0.786733837112
0.426235109568	0.25881966234	0.246696029808	0.499999886364	0.577181208054	0.380302056466	0.246696029808	0.829629568176	0.693534844668
0.408245831728	0.24459995453	0.329577455505	0.386363548554	0.647651006711	0.477547008863	0.329577455505	0.866666602469	0.785054575987
0.257201820612	0.225559448331	0.297297288369	0.34090901343	0.654362416107	0.423072800007	0.297297288369	0.733333279012	0.773299748111
0.394268035889	0.287577564243	0.309405932935	0.499999886364	0.634228187919	0.463818120579	0.309405932935	0.925925857339	0.757346767422
0.346505582333	0.290071830381	0.357827464606	0.431818083678	0.687919463087	0.499995767036	0.357827464606	0.829629568176	0.811922753988
0.358448922634	0.301365610867	0.326259938295	0.499999886364	0.657718120805	0.480464848283	0.326259938295	0.911111043621	0.776658270361
0.829232633114	0.246372432339	0.390163921634	0.386363548554	0.651006711409	0.54090481274	0.390163921634	0.881481416187	0.830394626364
0.441312909126	0.263153746601	0.347338925845	0.45454535124	0.624161073826	0.504061038187	0.347338925845	0.91851845048	0.795130142737
0.383086591959	0.306564937991	0.36746986845	0.477272618802	0.681208053691	0.52247980745	0.36746986845	0.903703636763	0.812762384551
0.335793584585	0.225801836721	0.413333319556	0.318181745868	0.677852348993	0.57011063573	0.413333319556	0.91851845048	0.842989084803
0.26936507225	0.26983668186	0.419672117388	0.386363548554	0.691275167785	0.581813901787	0.419672117388	0.948148077915	0.84550797649
0.406671106815	0.297515983953	0.443661956209	0.409090816116	0.714765100671	0.601427584518	0.443661956209	0.933333264198	0.859781696054
0.23216791451	0.245609252169	0.51199997952	0.318181745868	0.711409395973	0.664930476536	0.51199997952	0.948148077915	0.891687657431
0.151827812195	0.247614131615	0.52066113551	0.295454478306	0.734899328859	0.668430380601	0.52066113551	0.933333264198	0.895046179681
0.208981320262	0.21999502811	0.599009871336	0.249999943182	0.738255033557	0.718096045256	0.599009871336	0.896296229904	0.920235096558
0.350033730268	0.2831810354	0.496183187169	0.363636280992	0.728187919463	0.654907317506	0.496183187169	0.962962891632	0.88497061293
