loss_weights	[0.050000000000000044, 0.95]
lr	0.0015352246942
lstm_hidden_size	60
0.712115883827	0.168139084147	0.128238340308	0.575757401286	0.369127516779	0.215683594899	0.128238340308	0.678082145337	0.395465994962
0.498720288277	0.204944921795	0.135931557643	0.878787612489	0.244966442953	0.238729074381	0.135931557643	0.979451987709	0.234256926952
0.628971576691	0.212119008574	0.155746507457	0.848484591368	0.302013422819	0.26926413229	0.155746507457	0.993150616907	0.339210747271
0.448312580585	0.235291555892	0.180051811139	0.787878549128	0.43288590604	0.30282956249	0.180051811139	0.952054729311	0.462636439966
0.381553053856	0.246151009105	0.203147350456	0.727272506887	0.506711409396	0.33609180807	0.203147350456	0.972602673109	0.528967254408
0.359802991152	0.247785094785	0.182389934813	0.848484591368	0.429530201342	0.308180156118	0.182389934813	0.993150616907	0.453400503778
0.344114869833	0.252870460468	0.222402593792	0.666666464647	0.563758389262	0.35957694528	0.222402593792	0.938356100113	0.590260285474
0.338737130165	0.263733265943	0.236065569901	0.727272506887	0.55033557047	0.380949254386	0.236065569901	0.986301302308	0.607052896725
0.285277098417	0.254332143443	0.25218913744	0.666666464647	0.56711409396	0.401670385738	0.25218913744	0.986301302308	0.639798488665
1.07962954044	0.254899223885	0.228124996436	0.787878549128	0.489932885906	0.371498237889	0.228124996436	0.999999931507	0.585222502099
0.316966235638	0.284150018245	0.244556109806	0.787878549128	0.560402684564	0.392998177578	0.244556109806	0.999999931507	0.621326616289
0.292328119278	0.289651616689	0.287449386894	0.636363443526	0.654362416107	0.443746464481	0.287449386894	0.972602673109	0.701091519731
0.231514170766	0.255996073019	0.308695645463	0.484848337925	0.687919463087	0.468643191655	0.308695645463	0.972602673109	0.729638958858
0.3154707551	0.213833161713	0.253054096805	0.515151359045	0.580536912752	0.403334721678	0.253054096805	0.993150616907	0.639798488665
0.248574063182	0.253517523359	0.301486193174	0.545454380165	0.644295302013	0.460288106593	0.301486193174	0.972602673109	0.72040302267
0.209617167711	0.248058169639	0.308724825308	0.484848337925	0.674496644295	0.465426289426	0.308724825308	0.945205414712	0.733837111671
0.359108775854	0.272723481456	0.32079645308	0.545454380165	0.677852348993	0.484946125798	0.32079645308	0.993150616907	0.741393786734
0.196006298065	0.310073663889	0.337349389461	0.606060422406	0.701342281879	0.499104866244	0.337349389461	0.958904043911	0.764063811923
0.303102165461	0.262065413602	0.295081961166	0.575757401286	0.640939597315	0.454255115712	0.295081961166	0.986301302308	0.709487825357
0.256563544273	0.287996067892	0.340796011423	0.545454380165	0.701342281879	0.499996072943	0.340796011423	0.938356100113	0.769941225861
