loss_weights	[0.35, 0.65]
lr	0.000801350875014
lstm_hidden_size	60
0.726432144642	0.23576967053	0.114942527268	0.743589552926	0.369127516779	0.195013673709	0.114942527268	0.642857096939	0.376154492024
0.527410030365	0.0	0.142856938776	0.0	0.862416107383	0.0136045333557	0.142856938776	0.00714285663265	0.87825356843
0.314999103546	0.0	0.9999900001	0.0	0.865771812081	0.0141842543132	0.9999900001	0.00714285663265	0.883291351805
0.314680427313	0.0909070351659	0.666666349207	0.0512820381328	0.865771812081	0.173910753472	0.666666349207	0.0999999928571	0.888329135181
0.432913213968	0.0851035220476	0.708333038195	0.0512820381328	0.855704697987	0.207314549405	0.708333038195	0.121428562755	0.890848026868
0.338125646114	0.25454123643	0.629629513032	0.179487133465	0.862416107383	0.350511410398	0.629629513032	0.24285712551	0.894206549118
0.501774847507	0.271181867353	0.71641780352	0.205128152531	0.855704697987	0.46376369301	0.71641780352	0.342857118367	0.906801007557
0.277922332287	0.272722355458	0.53787874713	0.230769171598	0.838926174497	0.522053789516	0.53787874713	0.507142820918	0.890848026868
0.234162136912	0.271181867353	0.726190389739	0.205128152531	0.855704697987	0.544638121054	0.726190389739	0.435714254592	0.91435768262
0.229359999299	0.321424228371	0.707070635649	0.230769171598	0.872483221477	0.585769156743	0.707070635649	0.499999964286	0.916876574307
0.251094102859	0.210521920679	0.712765881621	0.153846114398	0.848993288591	0.572644716966	0.712765881621	0.478571394388	0.916036943745
0.32199165225	0.242419334348	0.655462129793	0.205128152531	0.832214765101	0.602311588717	0.655462129793	0.557142817347	0.913518052057
0.252284884453	0.270265211925	0.692307633136	0.256410190664	0.818791946309	0.630345185583	0.692307633136	0.578571387245	0.920235096558
0.216089293361	0.259735193215	0.590062075151	0.256410190664	0.808724832215	0.631224218315	0.590062075151	0.678571380102	0.906801007557
0.173874020576	0.299994928208	0.526315758695	0.307692228797	0.812080536913	0.578773147549	0.526315758695	0.642857096939	0.890008396306
0.234040617943	0.281245151448	0.683333276389	0.230769171598	0.845637583893	0.630764211873	0.683333276389	0.585714243878	0.919395465995
0.249205902219	0.276918191799	0.743801591421	0.230769171598	0.842281879195	0.689650146099	0.743801591421	0.642857096939	0.931989924433
0.087481290102	0.275857568441	0.846938689088	0.205128152531	0.859060402685	0.697474088728	0.846938689088	0.59285710051	0.939546599496
0.164999529719	0.299995350069	0.812499927455	0.230769171598	0.859060402685	0.722217226665	0.812499927455	0.649999953571	0.941225860621
0.439138919115	0.290317820054	0.77310917873	0.230769171598	0.852348993289	0.710419688471	0.77310917873	0.657142810204	0.937027707809
