loss_weights	[0.25, 0.75]
lr	0.000234848015951
lstm_hidden_size	80
0.687130272388	0.201434660817	0.103723401497	0.34146333135	0.627516778523	0.151747038967	0.103723401497	0.282608675173	0.633921074727
0.657367825508	0.0799970161073	0.119999952	0.0487804759072	0.845637583893	0.0368072146054	0.119999952	0.0217391288595	0.868178001679
0.638960063457	0.0	0.0	0.0	0.855704697987	0.0	0.0	0.0	0.879932829555
0.440354824066	0.0465107193208	0.0	0.0243902379536	0.862416107383	0.0	0.0	0.0	0.88161209068
0.551419377327	0.09090777894	0.333332962963	0.0487804759072	0.865771812081	0.0408151714877	0.333332962963	0.0217391288595	0.88161209068
0.538967788219	0.0888872296562	0.518518326475	0.0487804759072	0.862416107383	0.169694211981	0.518518326475	0.101449268011	0.88497061293
0.648420929909	0.159996984053	0.545454421488	0.0975609518144	0.859060402685	0.263732568581	0.545454421488	0.173913030876	0.887489504618
0.476172119379	0.192304282601	0.516666580556	0.121951189768	0.859060402685	0.3131270575	0.516666580556	0.224637664881	0.885810243493
0.337065339088	0.178567442687	0.571428480726	0.121951189768	0.845637583893	0.358204615779	0.571428480726	0.260869546314	0.891687657431
0.369658619165	0.249995317467	0.528089828305	0.195121903629	0.838926174497	0.414092112846	0.528089828305	0.340579685465	0.888329135181
0.51487994194	0.328762109287	0.495652130813	0.292682855443	0.835570469799	0.450587891132	0.495652130813	0.41304344833	0.883291351805
0.431507825851	0.246149112514	0.606741504861	0.195121903629	0.835570469799	0.475766116215	0.606741504861	0.391304319471	0.900083963056
0.560995340347	0.273967603766	0.571428520408	0.243902379536	0.822147651007	0.511995013168	0.571428520408	0.463768082336	0.897565071369
0.46871650219	0.253159500179	0.60799995136	0.243902379536	0.802013422819	0.57794173637	0.60799995136	0.550724597774	0.906801007557
0.375660300255	0.173908170686	0.649484469125	0.146341427722	0.808724832215	0.536165319374	0.649484469125	0.456521706049	0.908480268682
0.288945287466	0.270265255751	0.55797097406	0.243902379536	0.818791946309	0.557965974105	0.55797097406	0.55797097406	0.897565071369
0.318687260151	0.303792398736	0.550632876542	0.292682855443	0.815436241611	0.587832820988	0.550632876542	0.630434736925	0.897565071369
0.377304106951	0.288883864283	0.514792868947	0.317073093397	0.785234899329	0.566770258401	0.514792868947	0.630434736925	0.888329135181
0.256380945444	0.241753237633	0.480446900534	0.26829261749	0.768456375839	0.542581800242	0.480446900534	0.623188360639	0.87825356843
0.526329338551	0.197525816313	0.587096736316	0.195121903629	0.781879194631	0.621155384028	0.587096736316	0.659420242071	0.906801007557
