loss_weights	[0.125, 0.875]
lr	0.00016626592254
lstm_hidden_size	80
0.65837931633	0.212496555523	0.12571428332	0.485714146939	0.577181208054	0.197306032889	0.12571428332	0.458333301505	0.549118387909
0.687560260296	0.219351314103	0.162324646046	0.485714146939	0.593959731544	0.251940528722	0.162324646046	0.562499960938	0.596137699412
0.727225482464	0.2448942978	0.173076919379	0.514285567347	0.627516778523	0.264702275135	0.173076919379	0.562499960938	0.622166246851
0.695060789585	0.265730531617	0.18426965878	0.542856987755	0.647651006711	0.278434326942	0.18426965878	0.5694444049	0.643157010915
0.715910434723	0.279065770142	0.208845203714	0.514285567347	0.687919463087	0.308526073546	0.208845203714	0.590277736786	0.680100755668
0.602232575417	0.293702555672	0.208133966313	0.599999828571	0.661073825503	0.309604718452	0.208133966313	0.604166624711	0.67422334173
0.602278470993	0.307688325494	0.221917802139	0.571428408163	0.697986577181	0.31826704997	0.221917802139	0.562499960938	0.708648194794
0.669994056225	0.266662786338	0.236363630224	0.514285567347	0.667785234899	0.344041393408	0.236363630224	0.631944400559	0.708648194794
0.624427616596	0.26356189658	0.245989298236	0.485714146939	0.681208053691	0.355208327291	0.245989298236	0.638888844522	0.719563392107
0.570526301861	0.292303712479	0.26063829094	0.542856987755	0.691275167785	0.376919057735	0.26063829094	0.680555508295	0.727959697733
0.577384352684	0.32812097539	0.273209541825	0.599999828571	0.711409395973	0.395389458965	0.273209541825	0.715277728106	0.735516372796
0.523530721664	0.293099184067	0.305810388202	0.485714146939	0.724832214765	0.424624186915	0.305810388202	0.694444396219	0.772460117548
0.665609896183	0.308938967599	0.303571419537	0.542856987755	0.714765100671	0.424995782333	0.303571419537	0.708333284144	0.768261964736
0.433186888695	0.307688325494	0.314285705306	0.571428408163	0.697986577181	0.445339981025	0.314285705306	0.763888835841	0.769941225861
0.82275313139	0.271995924539	0.322085879691	0.485714146939	0.694630872483	0.446804241417	0.322085879691	0.72916661603	0.781696053736
0.425715595484	0.269837214723	0.32378222568	0.485714146939	0.691275167785	0.458413695876	0.32378222568	0.784722167728	0.775818639798
0.4042532444	0.287874847389	0.345238084963	0.542856987755	0.684563758389	0.483329113231	0.345238084963	0.805555499614	0.791771620487
0.367400676012	0.281477598955	0.345930222502	0.542856987755	0.674496644295	0.487700737908	0.345930222502	0.826388831501	0.790092359362
0.452414304018	0.243898327783	0.376623364395	0.428571306122	0.687919463087	0.513269971843	0.376623364395	0.805555499614	0.815281276238
0.554139554501	0.203385623469	0.372611453102	0.342857044898	0.684563758389	0.510912697163	0.372611453102	0.812499943576	0.811922753988
