loss_weights	[0.10000000000000009, 0.8999999999999999]
lr	0.00238855581787
lstm_hidden_size	80
0.717143177986	0.193935697406	0.114919352522	0.3999999	0.553691275168	0.179524133837	0.114919352522	0.410071912944	0.56255247691
0.584011852741	0.255810354295	0.179577461627	0.5499998625	0.570469798658	0.288539972866	0.179577461627	0.733812896848	0.577665827036
0.513303458691	0.308720863074	0.244803689496	0.57499985625	0.654362416107	0.370625678615	0.244803689496	0.762589873195	0.697732997481
0.463328868151	0.279407571428	0.252900226151	0.47499988125	0.671140939597	0.382452439124	0.252900226151	0.784172605455	0.704450041982
0.413047611713	0.297139296695	0.227356742563	0.6499998375	0.587248322148	0.361761442719	0.227356742563	0.88489202267	0.635600335852
0.319459974766	0.260158170475	0.330246903387	0.3999999	0.694630872483	0.462198802104	0.330246903387	0.769784117282	0.790931989924
0.512723445892	0.233125102245	0.256017499868	0.47499988125	0.580536912752	0.392613859937	0.256017499868	0.841726558149	0.696053736356
0.411255180836	0.294867943836	0.267543853782	0.57499985625	0.630872483221	0.410080439096	0.267543853782	0.877697778583	0.705289672544
0.470909178257	0.309855064524	0.302158266135	0.5499998625	0.671140939597	0.453233643799	0.302158266135	0.90647475493	0.744752308984
0.342746555805	0.31999604627	0.29672896503	0.59999985	0.657718120805	0.447968064505	0.29672896503	0.913668999017	0.737195633921
0.252385288477	0.295647585703	0.379870117537	0.42499989375	0.728187919463	0.523485624206	0.379870117537	0.841726558149	0.821158690176
0.259378790855	0.295298046086	0.326829260321	0.5499998625	0.647651006711	0.488156492012	0.326829260321	0.964028707624	0.764063811923
0.402983367443	0.299995505621	0.37278105406	0.4499998875	0.718120805369	0.528297734914	0.37278105406	0.90647475493	0.811083123426
0.419945389032	0.31110689498	0.352941167034	0.52499986875	0.687919463087	0.514615912239	0.352941167034	0.94964021945	0.790931989924
0.297849923372	0.281245659245	0.358839040664	0.4499998875	0.691275167785	0.525092578181	0.358839040664	0.978417195797	0.793450881612
0.330607175827	0.302154130794	0.340101514211	0.52499986875	0.674496644295	0.502810384522	0.340101514211	0.964028707624	0.777497900924
0.391764163971	0.31817754597	0.397101437765	0.52499986875	0.697986577181	0.566111584877	0.397101437765	0.985611439884	0.823677581864
0.197820693254	0.279065445652	0.395348825717	0.4499998875	0.687919463087	0.563142875348	0.395348825717	0.978417195797	0.822837951301
0.20862314105	0.249995664136	0.390029314075	0.3999999	0.677852348993	0.55416252911	0.390029314075	0.956834463537	0.820319059614
0.442974030972	0.256876040821	0.428093631167	0.3499999125	0.728187919463	0.584470526397	0.428093631167	0.920863243103	0.847187237615
