loss_weights	[0.35, 0.65]
lr	0.000266511674906
lstm_hidden_size	80
0.683982670307	0.111106286627	0.0913978445485	0.138888850309	0.731543624161	0.103338544408	0.0913978445485	0.118881110568	0.752308984047
0.52760642767	0.0	0.0	0.0	0.879194630872	0.0	0.0	0.0	0.879932829555
0.433761626482	0.0	0.0	0.0	0.879194630872	0.0	0.0	0.0	0.879932829555
0.461876422167	0.0	0.0	0.0	0.879194630872	0.0	0.0	0.0	0.879932829555
0.480045974255	0.0	0.0	0.0	0.879194630872	0.0	0.0	0.0	0.879932829555
0.421567559242	0.0540534989046	0.666664444452	0.0277777700617	0.88255033557	0.027396854011	0.666664444452	0.013986013008	0.880772460118
0.27528065443	0.0540534989046	0.599998800002	0.0277777700617	0.88255033557	0.0405398822226	0.599998800002	0.020979019512	0.880772460118
0.561810255051	0.272724173584	0.647058633218	0.16666662037	0.892617449664	0.248584438737	0.647058633218	0.153846143088	0.888329135181
0.322852373123	0.2325553056	0.540540394449	0.138888850309	0.889261744966	0.222218931529	0.540540394449	0.13986013008	0.882451721243
0.497071862221	0.227269648797	0.5499998625	0.138888850309	0.885906040268	0.240433716194	0.5499998625	0.153846143088	0.883291351805
0.361563116312	0.266663348185	0.555555432099	0.16666662037	0.889261744966	0.265953777211	0.555555432099	0.1748251626	0.884130982368
0.203528001904	0.321423864861	0.569767375608	0.249999930556	0.872483221477	0.427942870706	0.569767375608	0.342657318695	0.890008396306
0.409320324659	0.297868628381	0.629032156608	0.194444390432	0.889261744966	0.380483548411	0.629032156608	0.272727253655	0.893366918556
0.426766723394	0.274505544084	0.584415508517	0.194444390432	0.875838926174	0.409086321951	0.584415508517	0.314685292679	0.890848026868
0.204707503319	0.313721214972	0.611111026235	0.222222160494	0.88255033557	0.409297832823	0.611111026235	0.307692286175	0.893366918556
0.264699816704	0.338978178751	0.615384556213	0.277777700617	0.869127516779	0.51821370622	0.615384556213	0.447552416255	0.900083963056
0.366046339273	0.28570959191	0.617021210955	0.222222160494	0.865771812081	0.489446649266	0.617021210955	0.405594377231	0.898404701931
0.328679829836	0.327863907623	0.636363578512	0.277777700617	0.862416107383	0.55335472516	0.636363578512	0.489510455279	0.905121746432
0.239535078406	0.328353138859	0.59842514973	0.305555470679	0.848993288591	0.562957938864	0.59842514973	0.531468494303	0.900923593619
0.459888458252	0.264700821893	0.604651115919	0.249999930556	0.832214765101	0.573524382883	0.604651115919	0.545454507311	0.902602854744
