loss_weights	[0.15000000000000002, 0.85]
lr	0.000171069983869
lstm_hidden_size	80
0.679162919521	0.164831779443	0.11675126706	0.384615285996	0.489932885906	0.188779387843	0.11675126706	0.492857107653	0.502099076406
0.650040447712	0.20832935482	0.152912617648	0.384615285996	0.61744966443	0.228257075388	0.152912617648	0.449999967857	0.642317380353
0.670320570469	0.201676232001	0.181528656639	0.307692228797	0.681208053691	0.251097045037	0.181528656639	0.407142828061	0.714525608732
0.647077083588	0.215681509138	0.204545446798	0.28205120973	0.731543624161	0.267322190548	0.204545446798	0.385714258163	0.751469353484
0.623381972313	0.230764498986	0.221276586329	0.307692228797	0.731543624161	0.27732863951	0.221276586329	0.371428544898	0.772460117548
0.588710904121	0.239995194094	0.241228059595	0.307692228797	0.744966442953	0.298908313224	0.241228059595	0.392857114796	0.783375314861
0.722085356712	0.269657937219	0.277777763749	0.307692228797	0.781879194631	0.325438915026	0.277777763749	0.392857114796	0.808564231738
0.702381670475	0.279064745897	0.30158728563	0.307692228797	0.791946308725	0.346499649185	0.30158728563	0.407142828061	0.819479429051
0.627664804459	0.292129842275	0.304347811384	0.333333247863	0.788590604027	0.363107557472	0.304347811384	0.449999967857	0.814441645676
0.567489504814	0.309273478659	0.309417026484	0.384615285996	0.775167785235	0.380160529774	0.309417026484	0.492857107653	0.811083123426
0.485910028219	0.33009231791	0.316239302725	0.435897324129	0.768456375839	0.395717219879	0.316239302725	0.528571390816	0.810243492863
0.474024266005	0.288283678345	0.31128403458	0.410256305062	0.734899328859	0.403018084044	0.31128403458	0.571428530612	0.801007556675
0.473536044359	0.280697203827	0.342629468421	0.410256305062	0.724832214765	0.439893078717	0.342629468421	0.614285670408	0.816120906801
0.517413258553	0.29751624349	0.335616426862	0.461538343195	0.714765100671	0.45369930174	0.335616426862	0.69999995	0.801847187238
0.450222879648	0.273499782379	0.359154916931	0.410256305062	0.714765100671	0.481127629535	0.359154916931	0.728571376531	0.815281276238
0.363891750574	0.278684129334	0.360544205424	0.435897324129	0.704697986577	0.488474869754	0.360544205424	0.757142803061	0.813602015113
0.272928863764	0.294569379304	0.354430368531	0.487179362262	0.694630872483	0.491223793512	0.354430368531	0.799999942857	0.805205709488
0.523077368736	0.335995653175	0.356249988867	0.538461400395	0.721476510067	0.495647917995	0.356249988867	0.814285656122	0.805205709488
0.376775115728	0.299995562564	0.409090894787	0.461538343195	0.718120805369	0.54929133619	0.409090894787	0.83571422602	0.83879093199
0.480575531721	0.308819393436	0.364161839186	0.538461400395	0.684563758389	0.518514395534	0.364161839186	0.899999935714	0.803526448363
