loss_weights	[0.30000000000000004, 0.7]
lr	0.00163139461909
lstm_hidden_size	60
0.739566266537	0.241754492872	0.112318838545	0.488888780247	0.536912751678	0.180754868689	0.112318838545	0.462686532635	0.528127623846
0.680743277073	0.0	0.0	0.0	0.848993288591	0.0	0.0	0.0	0.886649874055
0.198921605945	0.0	0.0	0.0	0.848993288591	0.0	0.0	0.0	0.886649874055
0.537627100945	0.245610624851	0.583333211806	0.155555520988	0.855704697987	0.30768839034	0.583333211806	0.208955208287	0.894206549118
0.504769086838	0.203386141977	0.632652932112	0.133333303704	0.842281879195	0.338793855938	0.632652932112	0.231343266318	0.898404701931
0.296933621168	0.218745756915	0.634146264129	0.155555520988	0.832214765101	0.481476726726	0.634146264129	0.388059672533	0.905961376994
0.348619699478	0.333328283495	0.461111085494	0.355555476543	0.785234899329	0.528657494061	0.461111085494	0.619402938851	0.875734676742
0.236911803484	0.285709333417	0.459595936384	0.333333259259	0.748322147651	0.548187923906	0.459595936384	0.679104426933	0.874055415617
0.268625408411	0.272722213418	0.607692260947	0.266666607407	0.785234899329	0.598479804335	0.607692260947	0.58955219481	0.910999160369
0.249091908336	0.239995136096	0.622806962912	0.199999955556	0.808724832215	0.572575631547	0.622806962912	0.529850706728	0.910999160369
0.307330846786	0.12698000517	0.734042475102	0.0888888691358	0.815436241611	0.605258258734	0.734042475102	0.514925334707	0.92443324937
0.357744336128	0.2564053091	0.657407346536	0.22222217284	0.805369127517	0.586771868766	0.657407346536	0.529850706728	0.916036943745
0.361278623343	0.259735334886	0.680672211708	0.22222217284	0.808724832215	0.64031117253	0.680672211708	0.60447756683	0.923593618808
0.324218809605	0.246570546159	0.67796604424	0.199999955556	0.815436241611	0.634915604725	0.67796604424	0.59701488082	0.922753988245
0.217818722129	0.215048722512	0.494623629321	0.22222217284	0.755033557047	0.574995096135	0.494623629321	0.686567112943	0.885810243493
0.304094463587	0.249994945864	0.587837798119	0.244444390123	0.778523489933	0.617016245199	0.587837798119	0.649253682892	0.909319899244
0.212427407503	0.29473179399	0.658064473673	0.311111041975	0.775167785235	0.705877330527	0.658064473673	0.761193973045	0.928631402183
0.26929333806	0.1980148222	0.554347795959	0.22222217284	0.728187919463	0.641504517263	0.554347795959	0.761193973045	0.904282115869
0.394850820303	0.239995002102	0.608695614367	0.266666607407	0.744966442953	0.664401776538	0.608695614367	0.731343229004	0.916876574307
0.27972856164	0.295449480973	0.741666604861	0.288888824691	0.791946308725	0.70078236162	0.741666604861	0.664179054912	0.936188077246
