loss_weights	[0.15000000000000002, 0.85]
lr	0.000369935989996
lstm_hidden_size	20
0.731268107891	0.225938963279	0.129441622723	0.794117413495	0.379194630872	0.218646887838	0.129441622723	0.703448227348	0.387909319899
0.700042486191	0.252628613884	0.153968251524	0.705882145329	0.523489932886	0.250319532391	0.153968251524	0.668965471106	0.512174643157
0.688069224358	0.266663362391	0.170542632354	0.647058633218	0.593959731544	0.266259804631	0.170542632354	0.606896509869	0.592779177162
0.695196211338	0.25806105811	0.187637964953	0.588235121107	0.614093959732	0.284277253378	0.187637964953	0.586206856124	0.640638119228
0.602254271507	0.259538101566	0.201970438375	0.499999852941	0.674496644295	0.297636764488	0.201970438375	0.565517202378	0.675062972292
0.661911249161	0.258060494338	0.220670384897	0.470588096886	0.691275167785	0.314111192304	0.220670384897	0.544827548633	0.710327455919
0.647605359554	0.254233142841	0.246874992285	0.44117634083	0.704697986577	0.339780639851	0.246874992285	0.544827548633	0.742233417296
0.570076823235	0.241375124922	0.242990646636	0.411764584775	0.704697986577	0.334759647405	0.242990646636	0.537930997384	0.739714525609
0.635758221149	0.238527773833	0.265517232224	0.38235282872	0.721476510067	0.35401852784	0.265517232224	0.531034446136	0.764063811923
0.551820516586	0.242986273114	0.27241378371	0.38235282872	0.728187919463	0.363213929715	0.27241378371	0.544827548633	0.767422334173
0.625510513783	0.247614621392	0.283154111715	0.38235282872	0.734899328859	0.37263699131	0.283154111715	0.544827548633	0.776658270361
0.560250520706	0.252626929723	0.315789460899	0.352941072664	0.761744966443	0.397954501955	0.315789460899	0.537930997384	0.801847187238
0.522014021873	0.249995373347	0.317269063563	0.352941072664	0.758389261745	0.401010556497	0.317269063563	0.544827548633	0.801847187238
0.565099179745	0.249995373347	0.340080957891	0.352941072664	0.758389261745	0.428566745287	0.340080957891	0.579310304875	0.811922753988
0.49935811758	0.252626929723	0.34854770338	0.352941072664	0.761744966443	0.435228447391	0.34854770338	0.579310304875	0.816960537364
0.555934309959	0.255314477222	0.360995835643	0.352941072664	0.765100671141	0.450772488035	0.360995835643	0.599999958621	0.821998320739
0.43845012784	0.288884123533	0.377431891929	0.38235282872	0.785234899329	0.482582428821	0.377431891929	0.668965471106	0.825356842989
0.695671916008	0.29884574456	0.399999982979	0.38235282872	0.795302013423	0.494732096582	0.399999982979	0.64827581736	0.83879093199
0.594151616096	0.297867659646	0.367041184755	0.411764584775	0.778523489933	0.475723570715	0.367041184755	0.675862022354	0.818639798489
0.419160485268	0.329665576688	0.36296294952	0.44117634083	0.795302013423	0.472284587531	0.36296294952	0.675862022354	0.816120906801
