loss_weights	[0.4, 0.6]
lr	0.00184385808894
lstm_hidden_size	60
0.641746342182	0.0408128282841	0.0156249975586	0.0263157825485	0.842281879195	0.00975180391209	0.0156249975586	0.00709219807857	0.829554995802
0.501404643059	0.0	0.0	0.0	0.872483221477	0.0	0.0	0.0	0.88161209068
0.377467006445	0.0	0.9999900001	0.0	0.872483221477	0.0140843652053	0.9999900001	0.00709219807857	0.882451721243
0.439413160086	0.0	0.833331944447	0.0	0.872483221477	0.0680264186297	0.833331944447	0.0354609903928	0.88497061293
0.290997028351	0.0	0.666666296297	0.0	0.865771812081	0.150941369434	0.666666296297	0.0851063769428	0.886649874055
0.0929577276111	0.173910094564	0.815789259003	0.105263130194	0.872483221477	0.34636533195	0.815789259003	0.219858140436	0.901763224181
0.217488735914	0.0888862222978	0.73333317037	0.052631565097	0.862416107383	0.354835003506	0.73333317037	0.234042536593	0.899244332494
0.295496970415	0.172409215338	0.694444347994	0.131578912742	0.838926174497	0.469479048732	0.694444347994	0.354609903928	0.905121746432
0.537305414677	0.230765207167	0.61842097126	0.157894695291	0.865771812081	0.433175132244	0.61842097126	0.333333309693	0.896725440806
0.357653141022	0.178567002657	0.64999991875	0.131578912742	0.845637583893	0.470583573682	0.64999991875	0.368794300086	0.901763224181
0.280827611685	0.262290298391	0.583333279321	0.210526260388	0.848993288591	0.50601914361	0.583333279321	0.44680847895	0.896725440806
0.259784221649	0.275857455484	0.666666587302	0.210526260388	0.859060402685	0.497773054464	0.666666587302	0.3971630924	0.905121746432
0.460999369621	0.25454109098	0.818181711924	0.184210477839	0.862416107383	0.577977029327	0.818181711924	0.44680847895	0.922753988245
0.310650676489	0.342852081705	0.69421481866	0.315789390582	0.845637583893	0.641216354272	0.69421481866	0.5957446386	0.92107472712
0.15336252749	0.328762041735	0.640624949951	0.315789390582	0.835570469799	0.609660393899	0.640624949951	0.581560242443	0.911838790932
0.109092891216	0.298502463881	0.719008205041	0.263157825485	0.842281879195	0.664117115881	0.719008205041	0.617021232835	0.926112510495
0.135059431195	0.225801633814	0.768518447359	0.184210477839	0.838926174497	0.666661700976	0.768518447359	0.588652440521	0.930310663308
0.197623685002	0.309854092522	0.748031437163	0.289473608033	0.835570469799	0.708950184653	0.748031437163	0.673758817464	0.934508816121
0.344533592463	0.278475949457	0.693749956641	0.289473608033	0.808724832215	0.737536499189	0.693749956641	0.787233986721	0.933669185558
0.236316174269	0.270265200969	0.673333288444	0.263157825485	0.818791946309	0.694153032712	0.673333288444	0.716312005935	0.925272879933
