loss_weights	[0.050000000000000044, 0.95]
lr	0.00508903529784
lstm_hidden_size	40
0.711719930172	0.232755746913	0.117105261617	0.67499983125	0.402684563758	0.197995156734	0.117105261617	0.64028772372	0.3946263644
0.56859099865	0.264404417602	0.134122286646	0.97499975625	0.271812080537	0.235904206806	0.134122286646	0.978417195797	0.260285474391
0.442325770855	0.271426103083	0.14972677432	0.9499997625	0.315436241611	0.259959754691	0.14972677432	0.985611439884	0.345088161209
0.560903251171	0.286762176168	0.148546822944	0.97499975625	0.348993288591	0.258424697256	0.148546822944	0.992805683971	0.335012594458
0.461252212524	0.299209921283	0.15826494539	0.9499997625	0.402684563758	0.272175004147	0.15826494539	0.971222951711	0.393786733837
0.27952542901	0.307014623757	0.18960673891	0.87499978125	0.469798657718	0.317271054938	0.18960673891	0.971222951711	0.512174643157
0.297777295113	0.316663862524	0.179790023887	0.9499997625	0.44966442953	0.304103932094	0.179790023887	0.985611439884	0.47355163728
0.336371779442	0.305782339346	0.174358972124	0.92499976875	0.436241610738	0.29597131075	0.174358972124	0.978417195797	0.456759026029
0.552281618118	0.312793106204	0.199999997059	0.82499979375	0.513422818792	0.332109505734	0.199999997059	0.978417195797	0.540722082284
0.442790269852	0.302749269451	0.198571425735	0.82499979375	0.489932885906	0.331344069088	0.198571425735	0.999999928058	0.528967254408
0.232514575124	0.294369405398	0.190140842392	0.8499997875	0.453020134228	0.318018455603	0.190140842392	0.971222951711	0.513853904282
0.386860191822	0.313361019375	0.200892854153	0.8499997875	0.5	0.332919469586	0.200892854153	0.971222951711	0.545759865659
0.425143122673	0.333330075533	0.225042297377	0.82499979375	0.557046979866	0.364380468594	0.225042297377	0.956834463537	0.610411418976
0.383646637201	0.339619547909	0.207207204096	0.899999775	0.530201342282	0.342854277251	0.207207204096	0.992805683971	0.55583543241
0.322527170181	0.306814634596	0.260273967509	0.67499983125	0.590604026846	0.409227394347	0.260273967509	0.956834463537	0.67758186398
0.318416237831	0.336838745739	0.226821188298	0.7999998	0.577181208054	0.368772184016	0.226821188298	0.985611439884	0.606213266163
0.302769362926	0.300649693757	0.309633020421	0.57499985625	0.640939597315	0.469561535061	0.309633020421	0.971222951711	0.743912678421
0.347701877356	0.333329921412	0.24773959769	0.77499980625	0.58389261745	0.395950535418	0.24773959769	0.985611439884	0.649034424853
0.654902815819	0.314603221854	0.265503870824	0.699999825	0.590604026846	0.418317254359	0.265503870824	0.985611439884	0.680100755668
0.238211914897	0.272185703629	0.255725185959	0.57499985625	0.587248322148	0.404219901612	0.255725185959	0.964028707624	0.668345927792
