loss_weights	[0.32500000000000007, 0.6749999999999999]
lr	0.000380794933677
lstm_hidden_size	80
0.687067449093	0.213900611443	0.120805367101	0.555555401235	0.506711409396	0.194854789666	0.120805367101	0.503496468287	0.500419815281
0.547209143639	0.0	0.0	0.0	0.869127516779	0.0	0.0	0.0	0.869017632242
0.553632199764	0.0	0.0	0.0	0.879194630872	0.0	0.0	0.0	0.877413937867
0.460037767887	0.0	0.499998750003	0.0	0.879194630872	0.0272103512516	0.499998750003	0.013986013008	0.879932829555
0.413865298033	0.0540534989046	0.857141632655	0.0277777700617	0.88255033557	0.0799990995644	0.857141632655	0.0419580390239	0.884130982368
0.318989872932	0.0975587864809	0.71428537415	0.0555555401235	0.875838926174	0.182924573941	0.71428537415	0.10489509756	0.887489504618
0.454768329859	0.254540839749	0.558823447232	0.194444390432	0.862416107383	0.360185171096	0.558823447232	0.265734247151	0.886649874055
0.423257112503	0.27118159158	0.624999902344	0.222222160494	0.855704697987	0.386469120913	0.624999902344	0.279720260159	0.893366918556
0.349708646536	0.285709297136	0.593406528197	0.249999930556	0.848993288591	0.461533669053	0.593406528197	0.377622351215	0.894206549118
0.425221055746	0.310340011962	0.647058747405	0.249999930556	0.865771812081	0.482451421637	0.647058747405	0.384615357719	0.900923593619
0.293465584517	0.276918049792	0.619999938	0.249999930556	0.842281879195	0.510283180455	0.619999938	0.433566403247	0.900083963056
0.297358989716	0.269226405392	0.76056327316	0.194444390432	0.872483221477	0.504668416058	0.76056327316	0.377622351215	0.910999160369
0.229660466313	0.26086449915	0.649122750077	0.249999930556	0.828859060403	0.575870505273	0.649122750077	0.517482481295	0.908480268682
0.249768450856	0.156858531443	0.781609105562	0.111111080247	0.855704697987	0.591299592854	0.781609105562	0.475524442271	0.92107472712
0.263110071421	0.242419210386	0.749999921875	0.222222160494	0.832214765101	0.602505603232	0.749999921875	0.503496468287	0.920235096558
0.196741163731	0.258059563047	0.745762648664	0.222222160494	0.845637583893	0.674324496154	0.745762648664	0.615384572351	0.928631402183
0.201540336013	0.20338500442	0.765217324764	0.16666662037	0.842281879195	0.682165548681	0.765217324764	0.615384572351	0.931150293871
0.190752848983	0.246908581108	0.566473955695	0.277777700617	0.795302013423	0.620248170405	0.566473955695	0.685314637391	0.899244332494
0.203168526292	0.258059563047	0.679687446899	0.222222160494	0.845637583893	0.642061388636	0.679687446899	0.608391565847	0.918555835432
0.107761025429	0.342100187053	0.677631534366	0.361111010802	0.832214765101	0.698300042093	0.677631534366	0.720279669911	0.925272879933
