loss_weights	[0.25, 0.75]
lr	0.000275271739294
lstm_hidden_size	60
0.709311664104	0.176467438809	0.119092625348	0.454545316804	0.530201342282	0.186663270953	0.119092625348	0.43150681976	0.539042821159
0.638037383556	0.153841232896	0.149999989286	0.181818126722	0.778523489933	0.146848138954	0.149999989286	0.143835606587	0.795130142737
0.643749415874	0.0967691833987	0.164705862976	0.0909090633609	0.812080536913	0.121207459559	0.164705862976	0.0958904043911	0.829554995802
0.594554245472	0.0754669707445	0.142857113703	0.0606060422406	0.835570469799	0.0717911018406	0.142857113703	0.0479452021955	0.848026868178
0.542351126671	0.0784267745832	0.166666626984	0.0606060422406	0.842281879195	0.0744646074497	0.166666626984	0.0479452021955	0.853904282116
0.59654545784	0.0869524292998	0.17499995625	0.0606060422406	0.859060402685	0.0752654331491	0.17499995625	0.0479452021955	0.855583543241
0.590597212315	0.0909052997403	0.179487133465	0.0606060422406	0.865771812081	0.0756723402482	0.179487133465	0.0479452021955	0.856423173804
0.6629576087	0.0476156578329	0.173912967864	0.0303030211203	0.865771812081	0.0473349211624	0.173912967864	0.0273972583974	0.864819479429
0.570398688316	0.0476156578329	0.190476099773	0.0303030211203	0.865771812081	0.0479019872636	0.190476099773	0.0273972583974	0.866498740554
0.529726028442	0.093019643186	0.399999885714	0.0606060422406	0.869127516779	0.154692996003	0.399999885714	0.0958904043911	0.871536523929
0.588232457638	0.0952346826572	0.437499863281	0.0606060422406	0.872483221477	0.157300404044	0.437499863281	0.0958904043911	0.874055415617
0.629060685635	0.136359824482	0.571428408163	0.0909090633609	0.872483221477	0.2209913312	0.571428408163	0.136986291987	0.88161209068
0.364590704441	0.139531249414	0.699999766667	0.0909090633609	0.875838926174	0.238633508556	0.699999766667	0.143835606587	0.887489504618
0.585681736469	0.133329363077	0.574073967764	0.0909090633609	0.869127516779	0.30999602705	0.574073967764	0.21232875258	0.884130982368
0.598352611065	0.139531249414	0.639999872	0.0909090633609	0.875838926174	0.32652677847	0.639999872	0.21917806718	0.889168765743
0.481275647879	0.173908913137	0.633333227778	0.121212084481	0.872483221477	0.368927874492	0.633333227778	0.260273954776	0.890848026868
0.433937400579	0.212761684101	0.603448171819	0.151515105601	0.875838926174	0.343133151721	0.603448171819	0.239726010978	0.887489504618
0.518694341183	0.241374322335	0.541666610243	0.212121147842	0.852348993289	0.429747244094	0.541666610243	0.356164359167	0.884130982368
0.38607531786	0.271181419222	0.504672850031	0.242424168962	0.855704697987	0.426872555478	0.504672850031	0.369862988366	0.87825356843
0.379674315453	0.218176938948	0.528089828305	0.181818126722	0.855704697987	0.399995260173	0.528089828305	0.32191778617	0.88161209068
0.437151312828	0.249995070247	0.546391696248	0.212121147842	0.859060402685	0.436209159226	0.546391696248	0.363013673766	0.88497061293
0.346647232771	0.199994959308	0.436619687562	0.212121147842	0.812080536913	0.430550526678	0.436619687562	0.42465750516	0.862300587741
0.37233170867	0.208950162739	0.44680847895	0.212121147842	0.822147651007	0.439019361224	0.44680847895	0.43150681976	0.864819479429
0.533395946026	0.187494946422	0.485294081964	0.181818126722	0.825503355705	0.468080079526	0.485294081964	0.452054763558	0.874055415617
0.400836765766	0.172408828915	0.573912993573	0.151515105601	0.838926174497	0.505742158267	0.573912993573	0.452054763558	0.891687657431
0.356493920088	0.229503155173	0.571428523409	0.212121147842	0.842281879195	0.513202560389	0.571428523409	0.465753392757	0.891687657431
0.350728601217	0.254540562074	0.582608644991	0.212121147842	0.862416107383	0.513404992928	0.582608644991	0.458904078157	0.893366918556
0.398314327002	0.241374322335	0.574803104346	0.212121147842	0.852348993289	0.534793519884	0.574803104346	0.499999965753	0.893366918556
0.232635855675	0.233328305661	0.559701450769	0.212121147842	0.845637583893	0.535709256679	0.559701450769	0.513698594952	0.890848026868
0.518112719059	0.222217163125	0.569230725444	0.212121147842	0.835570469799	0.53622686205	0.569230725444	0.506849280353	0.892527287993
0.226491272449	0.262290029656	0.58399995328	0.242424168962	0.848993288591	0.538740377764	0.58399995328	0.499999965753	0.895046179681
0.495373934507	0.268651637429	0.568345282853	0.272727190083	0.835570469799	0.554380929069	0.568345282853	0.54109585335	0.893366918556
0.369136333466	0.285709206436	0.567375846285	0.272727190083	0.848993288591	0.557486251911	0.567375846285	0.547945167949	0.893366918556
0.334422707558	0.273967573743	0.511904731434	0.303030211203	0.822147651007	0.547765690337	0.511904731434	0.589041055545	0.880772460118
0.348859637976	0.320982746605	0.453201948118	0.393939274564	0.815436241611	0.527215733577	0.453201948118	0.630136943141	0.861460957179
0.327185571194	0.28168508638	0.576158902241	0.303030211203	0.828859060403	0.585853547867	0.576158902241	0.595890370144	0.896725440806
0.192872285843	0.28168508638	0.571428532556	0.303030211203	0.828859060403	0.573373800554	0.571428532556	0.575342426346	0.895046179681
0.306514263153	0.343744897534	0.63779522537	0.333333232323	0.859060402685	0.593401574194	0.63779522537	0.554794482548	0.906801007557
0.160554736853	0.328353112128	0.638461489349	0.333333232323	0.848993288591	0.601444248624	0.638461489349	0.568493111747	0.907640638119
0.323664456606	0.338023098665	0.598726076514	0.363636253444	0.842281879195	0.62045701188	0.598726076514	0.64383557234	0.903442485306
