loss_weights	[0.375, 0.625]
lr	0.00567820197029
lstm_hidden_size	80
0.662212848663	0.14544969272	0.175257713891	0.121212084481	0.842281879195	0.139912887428	0.175257713891	0.116438348189	0.824517212427
0.556594312191	0.0	0.999997500006	0.0	0.889261744966	0.053332807115	0.999997500006	0.0273972583974	0.880772460118
0.421017229557	0.0571417469546	0.818181074381	0.0303030211203	0.889261744966	0.114648363842	0.818181074381	0.0616438313943	0.883291351805
0.459862887859	0.279995400072	0.59999988	0.212121147842	0.879194630872	0.30611861729	0.59999988	0.205479437981	0.885810243493
0.627701640129	0.227268874028	0.652173771267	0.151515105601	0.885906040268	0.312496323827	0.652173771267	0.205479437981	0.889168765743
0.36021950841	0.249995070247	0.604938196921	0.212121147842	0.859060402685	0.431713433649	0.604938196921	0.335616415369	0.891687657431
0.227918535471	0.254540562074	0.623376542419	0.212121147842	0.862416107383	0.430488713675	0.623376542419	0.328767100769	0.893366918556
0.33590567112	0.239995416084	0.648648560993	0.181818126722	0.872483221477	0.436359132277	0.648648560993	0.328767100769	0.895885810243
0.49681353569	0.205125496415	0.888888559671	0.121212084481	0.895973154362	0.277453981113	0.888888559671	0.164383550385	0.895046179681
0.310973376036	0.124995651189	0.766233666723	0.0909090633609	0.859060402685	0.529143413339	0.766233666723	0.404109561362	0.911838790932
0.195574149489	0.222218212414	0.851351236304	0.151515105601	0.88255033557	0.572722756233	0.851351236304	0.43150681976	0.92107472712
0.366462051868	0.259254410238	0.731707227841	0.212121147842	0.865771812081	0.526311137313	0.731707227841	0.410958875962	0.909319899244
0.297398000956	0.262290029656	0.59285710051	0.242424168962	0.848993288591	0.580414542074	0.59285710051	0.568493111747	0.899244332494
0.143099039793	0.344822562495	0.727272661157	0.303030211203	0.872483221477	0.624995050087	0.727272661157	0.547945167949	0.919395465995
0.289336323738	0.299994950082	0.743119197879	0.272727190083	0.859060402685	0.635289173125	0.743119197879	0.554794482548	0.921914357683
0.239030048251	0.275857069053	0.730496402092	0.242424168962	0.859060402685	0.717764986377	0.730496402092	0.705479403734	0.931989924433
0.154352471232	0.29031750789	0.674796693106	0.272727190083	0.852348993289	0.617095362459	0.674796693106	0.568493111747	0.913518052057
0.25474306941	0.294112564964	0.726618652761	0.303030211203	0.838926174497	0.708766883138	0.726618652761	0.691780774536	0.930310663308
0.290794789791	0.27691799299	0.823076859763	0.272727190083	0.842281879195	0.77535727949	0.823076859763	0.732876662132	0.947942905122
0.275097191334	0.14034595277	0.749999941406	0.121212084481	0.835570469799	0.700724897473	0.749999941406	0.657534201539	0.931150293871
