loss_weights	[0.25, 0.75]
lr	0.0027728241828
lstm_hidden_size	20
0.630433738232	0.198015433875	0.150537629013	0.312499902344	0.728187919463	0.197178569501	0.150537629013	0.285714266278	0.712846347607
0.788696527481	0.0	0.437499726563	0.0	0.875838926174	0.0858877895649	0.437499726563	0.0476190443797	0.87489504618
0.588658452034	0.102561104619	0.52631565097	0.0624999804688	0.88255033557	0.21621292861	0.52631565097	0.136054412513	0.87825356843
0.497626721859	0.186042617708	0.488888834568	0.124999960938	0.88255033557	0.37130327482	0.488888834568	0.299319707529	0.87489504618
0.498388677835	0.188674389584	0.505154587097	0.156249951172	0.855704697987	0.401634521355	0.505154587097	0.333333310658	0.877413937867
0.336664319038	0.235289350343	0.459999954	0.187499941406	0.869127516779	0.372464786569	0.459999954	0.312925148781	0.869857262804
0.219177082181	0.275857027437	0.475409797098	0.249999921875	0.859060402685	0.431221776981	0.475409797098	0.394557796289	0.871536523929
0.325215637684	0.310339774157	0.488721767765	0.281249912109	0.865771812081	0.464280693676	0.488721767765	0.442176840668	0.874055415617
0.379743456841	0.358969428073	0.412698390863	0.437499863281	0.832214765101	0.464280764827	0.412698390863	0.530612208802	0.848866498741
0.455089539289	0.268651646339	0.570469760371	0.281249912109	0.835570469799	0.57431928579	0.570469760371	0.578231253182	0.894206549118
0.533701062202	0.266661703201	0.546583816982	0.312499902344	0.815436241611	0.571423544697	0.546583816982	0.598639415059	0.889168765743
0.386118113995	0.319995022297	0.554913262722	0.374999882813	0.828859060403	0.599994995549	0.554913262722	0.653061180064	0.892527287993
0.317162424326	0.305550532487	0.574850264979	0.343749892578	0.832214765101	0.611459949531	0.574850264979	0.653061180064	0.897565071369
0.235732078552	0.245609024414	0.721739067675	0.218749931641	0.855704697987	0.63358281252	0.721739067675	0.56462581193	0.919395465995
0.300671935081	0.321423558748	0.709401648769	0.281249912109	0.872483221477	0.628782895757	0.709401648769	0.56462581193	0.91771620487
0.424171119928	0.295449850279	0.52968034111	0.406249873047	0.791946308725	0.633874940315	0.52968034111	0.789115592577	0.887489504618
0.161521285772	0.275857355079	0.502304124318	0.374999882813	0.788590604027	0.598896250944	0.502304124318	0.741496548198	0.877413937867
0.234347358346	0.197178091773	0.671328624383	0.218749931641	0.808724832215	0.662063920846	0.671328624383	0.653061180064	0.91771620487
0.304268926382	0.222217222332	0.656249958984	0.249999921875	0.812080536913	0.684034052387	0.656249958984	0.714285665695	0.918555835432
0.290715128183	0.216862679738	0.616216182907	0.281249912109	0.781879194631	0.68674201212	0.616216182907	0.775510151326	0.912678421495
