loss_weights	[0.30000000000000004, 0.7]
lr	0.00131451032322
lstm_hidden_size	60
0.754851162434	0.139341621253	0.109433960888	0.447368303324	0.295302013423	0.185894872994	0.109433960888	0.617021232835	0.360201511335
0.522417426109	0.0	0.0	0.0	0.865771812081	0.0	0.0	0.0	0.88161209068
0.603834092617	0.0465095511968	0.454545041323	0.0263157825485	0.862416107383	0.0657881224295	0.454545041323	0.0354609903928	0.880772460118
0.45191064477	0.0476173016466	0.533332977778	0.0263157825485	0.865771812081	0.102562351278	0.533332977778	0.0567375846285	0.882451721243
0.475627660751	0.0909066942735	0.739130113422	0.052631565097	0.865771812081	0.207314636405	0.739130113422	0.120567367336	0.890848026868
0.438475579023	0.196074556013	0.599999907692	0.131578912742	0.862416107383	0.378636420541	0.599999907692	0.276595725064	0.892527287993
0.404803931713	0.352936141937	0.536585322229	0.315789390582	0.852348993289	0.499994985415	0.536585322229	0.468085073185	0.889168765743
0.44637259841	0.358203938584	0.521428534184	0.315789390582	0.855704697987	0.519567916868	0.521428534184	0.517730459735	0.886649874055
0.449253767729	0.199994979715	0.42465750516	0.184210477839	0.812080536913	0.432050720596	0.42465750516	0.439716280871	0.863140218304
0.359746366739	0.351346260115	0.560975564148	0.34210517313	0.838926174497	0.522722256418	0.560975564148	0.489361667421	0.894206549118
0.420523822308	0.268651726532	0.599999947826	0.236842042936	0.835570469799	0.539057509506	0.599999947826	0.489361667421	0.900923593619
0.470026880503	0.327864047366	0.697247642454	0.263157825485	0.862416107383	0.60799503332	0.697247642454	0.539007053971	0.91771620487
0.15397682786	0.333328347179	0.666666614987	0.289473608033	0.852348993289	0.637031999765	0.666666614987	0.609929034757	0.91771620487
0.433240383863	0.327864047366	0.696969644169	0.263157825485	0.862416107383	0.673987630087	0.696969644169	0.652482223228	0.925272879933
0.167661756277	0.276918134996	0.691056854386	0.236842042936	0.842281879195	0.643934368438	0.691056854386	0.602836836678	0.92107472712
0.310247927904	0.365848596141	0.507246352307	0.394736738227	0.825503355705	0.603443421065	0.507246352307	0.74468079825	0.884130982368
0.131227105856	0.374994918816	0.709219807857	0.394736738227	0.832214765101	0.709214807892	0.709219807857	0.709219807857	0.931150293871
0.135448724031	0.313247972208	0.61235951616	0.34210517313	0.808724832215	0.683380604393	0.61235951616	0.773049590564	0.915197313182
0.176860004663	0.356159294497	0.746478820671	0.34210517313	0.842281879195	0.749111554929	0.746478820671	0.751772996328	0.940386230059
0.270435422659	0.231879042324	0.772413739834	0.210526260388	0.822147651007	0.783211729456	0.772413739834	0.7943261848	0.947942905122
