loss_weights	[0.25, 0.75]
lr	0.00275271739294
lstm_hidden_size	60
0.699578225613	0.225561182405	0.122891564784	0.697674256355	0.308724832215	0.211177700562	0.122891564784	0.749999944853	0.360201511335
0.657893300056	0.0	0.526315512466	0.0	0.848993288591	0.129030090358	0.526315512466	0.0735294063581	0.886649874055
0.474546045065	0.117644367609	0.499999821429	0.0697674256355	0.848993288591	0.170728854895	0.499999821429	0.102941168901	0.885810243493
0.60878521204	0.208950563701	0.42682921624	0.162790659816	0.822147651007	0.321096194833	0.42682921624	0.257352922253	0.875734676742
0.539097428322	0.289850292031	0.430107480634	0.232558085452	0.835570469799	0.349340124015	0.430107480634	0.294117625433	0.87489504618
0.461163282394	0.264701154926	0.428571387755	0.209302276906	0.832214765101	0.373439035205	0.428571387755	0.330882328612	0.873215785055
0.434399753809	0.319143904559	0.369047597081	0.348837128177	0.785234899329	0.407889765469	0.369047597081	0.45588231942	0.848866498741
0.374391466379	0.172409899014	0.553846068639	0.116279042726	0.838926174497	0.358204543505	0.553846068639	0.264705862889	0.891687657431
0.508760809898	0.258060182172	0.608695586011	0.186046468361	0.845637583893	0.491223213344	0.608695586011	0.411764675606	0.902602854744
0.278624296188	0.315785657168	0.582417518416	0.209302276906	0.869127516779	0.466955507822	0.582417518416	0.389705853698	0.898404701931
0.35522672534	0.333328691522	0.586538405141	0.255813893997	0.852348993289	0.508328379909	0.586538405141	0.448529378785	0.900923593619
0.536880493164	0.366192303177	0.59701488082	0.302325511087	0.848993288591	0.592587549013	0.59701488082	0.588235250865	0.907640638119
0.454820126295	0.342852241338	0.447826067486	0.418604553813	0.768456375839	0.562836829147	0.447826067486	0.757352885489	0.865659109992
0.263038903475	0.320982594194	0.503496468287	0.302325511087	0.815436241611	0.516123998455	0.503496468287	0.529411725779	0.886649874055
0.291478514671	0.373328341397	0.605839371837	0.325581319632	0.842281879195	0.60805356362	0.605839371837	0.610294072772	0.910159529807
0.322497397661	0.324994946951	0.623376582898	0.302325511087	0.818791946309	0.662063939158	0.623376582898	0.705882301038	0.91771620487
0.382230848074	0.318176748529	0.518518486511	0.325581319632	0.798657718121	0.563753389531	0.518518486511	0.617647013408	0.890848026868
0.3248039186	0.294731825014	0.49499997525	0.325581319632	0.775167785235	0.589280860654	0.49499997525	0.727941122946	0.884130982368
0.269071906805	0.256405243356	0.675675630022	0.232558085452	0.805369127517	0.704220311482	0.675675630022	0.735294063581	0.929471032746
0.208587646484	0.34482286124	0.432234416402	0.465116170903	0.744966442953	0.577012647735	0.432234416402	0.867646995026	0.854743912678
0.265938311815	0.37208793679	0.520833306207	0.372092936723	0.818791946309	0.609751206166	0.520833306207	0.735294063581	0.892527287993
0.623937249184	0.285709238102	0.529411736395	0.302325511087	0.781879194631	0.612998182711	0.529411736395	0.727941122946	0.895046179681
0.319463014603	0.258818469301	0.566473955695	0.255813893997	0.788590604027	0.634299237792	0.566473955695	0.72058818231	0.905121746432
0.263677865267	0.322575604193	0.539999973	0.348837128177	0.788590604027	0.642852286034	0.539999973	0.794117588668	0.899244332494
0.191504836082	0.373621306672	0.524038436344	0.395348745268	0.808724832215	0.633716112462	0.524038436344	0.801470529304	0.894206549118
0.344715774059	0.357137775013	0.634146302796	0.348837128177	0.818791946309	0.693328330702	0.634146302796	0.764705826125	0.922753988245
0.238275587559	0.299994953207	0.662650562491	0.279069702542	0.812080536913	0.728471822322	0.662650562491	0.808823469939	0.931150293871
0.263346225023	0.269225867321	0.521126736097	0.325581319632	0.744966442953	0.636098358834	0.521126736097	0.816176410575	0.893366918556
0.183442026377	0.218177016633	0.463829767497	0.279069702542	0.711409395973	0.587596402562	0.463829767497	0.801470529304	0.871536523929
0.173032268882	0.258818469301	0.611464929206	0.255813893997	0.788590604027	0.655285083382	0.611464929206	0.705882301038	0.915197313182
0.217009142041	0.279995042086	0.542713540567	0.325581319632	0.758389261745	0.644771257777	0.542713540567	0.794117588668	0.900083963056
0.42210739851	0.318176748529	0.5897435595	0.325581319632	0.798657718121	0.694859165248	0.5897435595	0.845588173119	0.915197313182
0.5760191679	0.337344322907	0.642424203489	0.325581319632	0.815436241611	0.704313936526	0.642424203489	0.779411707396	0.925272879933
0.239482164383	0.340420495772	0.6187844962	0.372092936723	0.791946308725	0.706619661887	0.6187844962	0.823529351211	0.921914357683
0.282944411039	0.295449480973	0.641618460022	0.302325511087	0.791946308725	0.718441627164	0.641618460022	0.816176410575	0.926952141058
0.265299707651	0.345673946117	0.701754344927	0.325581319632	0.822147651007	0.781753971744	0.701754344927	0.882352876298	0.943744752309
0.154246613383	0.367811008127	0.679347789166	0.372092936723	0.815436241611	0.781245063702	0.679347789166	0.919117579477	0.941225860621
0.23116312921	0.279995042086	0.590425500509	0.325581319632	0.758389261745	0.685180271716	0.590425500509	0.816176410575	0.91435768262
0.115895703435	0.230764224301	0.626582238824	0.209302276906	0.798657718121	0.673464369975	0.626582238824	0.727941122946	0.919395465995
0.343145757914	0.395599323816	0.589473653186	0.418604553813	0.815436241611	0.687111659487	0.589473653186	0.823529351211	0.91435768262
