loss_weights	[0.17500000000000004, 0.825]
lr	0.00341288013612
lstm_hidden_size	40
0.705571055412	0.237284801986	0.108156026451	0.567567414171	0.546979865772	0.17280131417	0.108156026451	0.429577434537	0.509655751469
0.597934603691	0.197797328943	0.294392509608	0.243243177502	0.755033557047	0.35392776897	0.294392509608	0.443661940587	0.806884970613
0.492564290762	0.27659091226	0.338624320708	0.351351256392	0.771812080537	0.386702026148	0.338624320708	0.450704193612	0.829554995802
0.420219033957	0.269658002865	0.398058233104	0.324324236669	0.781879194631	0.471259509892	0.398058233104	0.577464748066	0.84550797649
0.616738796234	0.140840039852	0.461538429263	0.135135098612	0.795302013423	0.46315286235	0.461538429263	0.464788699663	0.871536523929
0.356847196817	0.259995286083	0.381679374745	0.351351256392	0.751677852349	0.495044921618	0.381679374745	0.704225302519	0.828715365239
0.406398952007	0.351847282293	0.371024721872	0.513513374726	0.765100671141	0.494113174185	0.371024721872	0.739436567645	0.819479429051
0.542151808739	0.301070412841	0.440528614955	0.378378276114	0.781879194631	0.542000656029	0.440528614955	0.704225302519	0.858102434929
0.520270347595	0.300880498146	0.381987565777	0.459459335281	0.734899328859	0.530168143427	0.381987565777	0.866197122099	0.816960537364
0.376623302698	0.344822618645	0.448132761488	0.405405295836	0.808724832215	0.56396397307	0.448132761488	0.760563326721	0.859781696054
0.207253575325	0.355550634634	0.481781357013	0.432432315559	0.805369127517	0.611820525673	0.481781357013	0.838028109998	0.873215785055
0.311417400837	0.372544323394	0.437956188396	0.513513374726	0.785234899329	0.576918552642	0.437956188396	0.845070363023	0.852225020991
0.442959815264	0.288883982797	0.439330525551	0.351351256392	0.785234899329	0.551176397557	0.439330525551	0.739436567645	0.856423173804
0.294375628233	0.343429592962	0.421641775312	0.459459335281	0.781879194631	0.551214957562	0.421641775312	0.795774591847	0.84550797649
0.446598291397	0.392518766757	0.445652157766	0.567567414171	0.781879194631	0.588512232126	0.445652157766	0.866197122099	0.855583543241
0.240515589714	0.315784394123	0.615789441274	0.324324236669	0.825503355705	0.704814339198	0.615789441274	0.823943603948	0.91771620487
0.236672058702	0.359545623093	0.544680827886	0.432432315559	0.808724832215	0.679040361113	0.544680827886	0.901408387225	0.898404701931
0.309769481421	0.374995184522	0.494382003956	0.486486355004	0.798657718121	0.645472208113	0.494382003956	0.929577399326	0.87825356843
0.316599190235	0.300747818472	0.340845060821	0.540540394449	0.687919463087	0.486917427982	0.340845060821	0.852112616048	0.785894206549
0.279775947332	0.306301806736	0.436241596099	0.459459335281	0.741610738255	0.590904692594	0.436241596099	0.915492893275	0.848866498741
